source_id,target_id,length
1,0,1034.15769545047
0,1,1034.15769545047
2,0,2237.65008201797
0,2,2237.65008201797
3,0,3062.00453991527
0,3,3062.00453991527
4,0,3262.69580365272
0,4,3262.69580365272
5,0,4093.86466212136
0,5,4093.86466212136
6,0,4565.46575008769
0,6,4565.46575008769
7,0,4754.99072624512
0,7,4754.99072624512
8,0,4889.13609821597
0,8,4889.13609821597
9,0,5942.12470898996
0,9,5942.12470898996
10,0,6306.70979595261
0,10,6306.70979595261
11,0,6488.20562992688
0,11,6488.20562992688
12,0,7534.67997008947
0,12,7534.67997008947
13,0,8490.80818786518
0,13,8490.80818786518
14,0,9495.00690618378
0,14,9495.00690618378
15,0,10765.8770693131
0,15,10765.8770693131
16,0,11815.6590273417
0,16,11815.6590273417
17,0,12592.9529257983
0,17,12592.9529257983
18,0,15747.920483909
0,18,15747.920483909
19,0,15543.2742638078
0,19,15543.2742638078
20,0,15544.4003118992
0,20,15544.4003118992
21,0,15700.38964365
0,21,15700.38964365
22,0,16208.8113010043
0,22,16208.8113010043
23,0,17252.8145855916
0,23,17252.8145855916
24,0,17735.9978490526
0,24,17735.9978490526
25,0,18722.0750597521
0,25,18722.0750597521
26,0,18407.7110467137
0,26,18407.7110467137
27,0,17275.6915872355
0,27,17275.6915872355
28,0,16659.9070073165
0,28,16659.9070073165
29,0,16021.6605431611
0,29,16021.6605431611
30,0,15124.8043479747
0,30,15124.8043479747
31,0,14031.7177777426
0,31,14031.7177777426
32,0,14236.5386538802
0,32,14236.5386538802
33,0,13914.7581883016
0,33,13914.7581883016
34,0,14001.4072051331
0,34,14001.4072051331
35,0,15544.4383015238
0,35,15544.4383015238
36,0,16330.7579237785
0,36,16330.7579237785
37,0,15753.9783250166
0,37,15753.9783250166
38,0,15478.173849287
0,38,15478.173849287
39,0,15497.8036332449
0,39,15497.8036332449
40,0,16369.5163787381
0,40,16369.5163787381
41,0,15951.321379245
0,41,15951.321379245
42,0,8199.66261280198
0,42,8199.66261280198
43,0,5441.20601081479
0,43,5441.20601081479
44,0,12703.1440226322
0,44,12703.1440226322
45,0,13764.5858045323
0,45,13764.5858045323
46,0,14085.7848248544
0,46,14085.7848248544
47,0,14849.2004139584
0,47,14849.2004139584
48,0,14834.4798587887
0,48,14834.4798587887
49,0,14954.6502033364
0,49,14954.6502033364
50,0,15159.1636531793
0,50,15159.1636531793
51,0,14209.939618126
0,51,14209.939618126
52,0,10257.4728566024
0,52,10257.4728566024
53,0,11790.5821504303
0,53,11790.5821504303
54,0,13592.1546424226
0,54,13592.1546424226
55,0,14171.5224366979
0,55,14171.5224366979
56,0,14673.8548057186
0,56,14673.8548057186
57,0,2716.78055278174
0,57,2716.78055278174
58,0,11377.1782913228
0,58,11377.1782913228
59,0,14721.4332915177
0,59,14721.4332915177
60,0,9018.65618219711
0,60,9018.65618219711
61,0,4404.72009914962
0,61,4404.72009914962
62,0,13229.0491484854
0,62,13229.0491484854
63,0,15216.4045472166
0,63,15216.4045472166
64,0,12975.9074046161
0,64,12975.9074046161
65,0,5277.95598669014
0,65,5277.95598669014
66,0,7870.8148119279
0,66,7870.8148119279
67,0,13994.597962333
0,67,13994.597962333
68,0,14009.6027599093
0,68,14009.6027599093
69,0,8211.21209417756
0,69,8211.21209417756
70,0,14289.3727909997
0,70,14289.3727909997
71,0,16311.0251686945
0,71,16311.0251686945
72,0,12350.6851115276
0,72,12350.6851115276
73,0,4251.54428102943
0,73,4251.54428102943
74,0,12431.3472363151
0,74,12431.3472363151
75,0,9311.94950674448
0,75,9311.94950674448
76,0,15086.6926361624
0,76,15086.6926361624
77,0,14706.5457351441
0,77,14706.5457351441
78,0,15946.9083471353
0,78,15946.9083471353
79,0,13959.2613539209
0,79,13959.2613539209
80,0,12365.85933324
0,80,12365.85933324
81,0,2993.36418202312
0,81,2993.36418202312
82,0,14524.8212765113
0,82,14524.8212765113
83,0,5279.8036516065
0,83,5279.8036516065
84,0,12210.2161487221
0,84,12210.2161487221
85,0,2665.87699305351
0,85,2665.87699305351
86,0,16113.2088190302
0,86,16113.2088190302
87,0,13840.4129547447
0,87,13840.4129547447
88,0,8950.7520948531
0,88,8950.7520948531
89,0,4316.88773664183
0,89,4316.88773664183
90,0,11602.997813279
0,90,11602.997813279
91,0,13746.9306010957
0,91,13746.9306010957
92,0,11889.5890106297
0,92,11889.5890106297
93,0,15771.2936613007
0,93,15771.2936613007
94,0,9196.56760383151
0,94,9196.56760383151
95,0,4177.70159816817
0,95,4177.70159816817
96,0,10536.413000115
0,96,10536.413000115
97,0,13862.5133482372
0,97,13862.5133482372
98,0,3778.90912701878
0,98,3778.90912701878
99,0,8715.37892241335
0,99,8715.37892241335
100,0,16639.9526982983
0,100,16639.9526982983
101,0,10674.3852777889
0,101,10674.3852777889
102,0,12394.2717070079
0,102,12394.2717070079
103,0,4365.79972475565
0,103,4365.79972475565
104,0,11296.3000146285
0,104,11296.3000146285
105,0,6233.20493586208
0,105,6233.20493586208
106,0,5762.50782445475
0,106,5762.50782445475
107,0,15361.3769621428
0,107,15361.3769621428
108,0,2830.47861461374
0,108,2830.47861461374
109,0,14906.0621478448
0,109,14906.0621478448
110,0,5459.16941908736
0,110,5459.16941908736
111,0,12200.2205081181
0,111,12200.2205081181
112,0,5836.81053842316
0,112,5836.81053842316
113,0,5430.62067344965
0,113,5430.62067344965
114,0,12368.5545359843
0,114,12368.5545359843
115,0,7953.43892771277
0,115,7953.43892771277
116,0,13011.904872545
0,116,13011.904872545
117,0,15352.1599219599
0,117,15352.1599219599
118,0,15409.0967197331
0,118,15409.0967197331
119,0,5919.5059003665
0,119,5919.5059003665
120,0,2467.12295464223
0,120,2467.12295464223
121,0,16225.1902092528
0,121,16225.1902092528
122,0,11860.5523834375
0,122,11860.5523834375
123,0,12704.7893375332
0,123,12704.7893375332
124,0,12919.05441511
0,124,12919.05441511
125,0,10864.9510920233
0,125,10864.9510920233
126,0,9009.41889778687
0,126,9009.41889778687
127,0,10053.6900837518
0,127,10053.6900837518
128,0,13104.2221868106
0,128,13104.2221868106
129,0,12225.7885509685
0,129,12225.7885509685
130,0,10521.5777824669
0,130,10521.5777824669
131,0,14448.9182767432
0,131,14448.9182767432
132,0,4249.7202707659
0,132,4249.7202707659
133,0,15653.9523458597
0,133,15653.9523458597
134,0,8451.14699980121
0,134,8451.14699980121
135,0,13490.1825807151
0,135,13490.1825807151
136,0,12501.7957028151
0,136,12501.7957028151
137,0,10889.6871612326
0,137,10889.6871612326
138,0,4240.12065553525
0,138,4240.12065553525
139,0,12972.6364187141
0,139,12972.6364187141
140,0,6285.14264386963
0,140,6285.14264386963
141,0,13677.9011685542
0,141,13677.9011685542
142,0,5642.17252812729
0,142,5642.17252812729
143,0,8880.98231812623
0,143,8880.98231812623
144,0,16062.5648408472
0,144,16062.5648408472
145,0,10266.1095336907
0,145,10266.1095336907
146,0,4839.37629800835
0,146,4839.37629800835
147,0,7847.74129824923
0,147,7847.74129824923
148,0,14255.5610181356
0,148,14255.5610181356
149,0,15602.7796300643
0,149,15602.7796300643
150,0,11088.7485941892
0,150,11088.7485941892
151,0,17720.4930842745
0,151,17720.4930842745
152,0,5582.3968113965
0,152,5582.3968113965
153,0,4213.27280695815
0,153,4213.27280695815
154,0,15401.0825719783
0,154,15401.0825719783
155,0,12889.8218236923
0,155,12889.8218236923
156,0,9013.34513245122
0,156,9013.34513245122
157,0,15311.8022158293
0,157,15311.8022158293
158,0,16180.9348680503
0,158,16180.9348680503
159,0,9031.47623797769
0,159,9031.47623797769
160,0,14127.6391994294
0,160,14127.6391994294
161,0,17085.6152296361
0,161,17085.6152296361
162,0,11054.7420788213
0,162,11054.7420788213
163,0,10516.9321928129
0,163,10516.9321928129
164,0,16257.11886813
0,164,16257.11886813
165,0,14685.7601251962
0,165,14685.7601251962
166,0,3648.0607910284
0,166,3648.0607910284
167,0,12159.6630331985
0,167,12159.6630331985
168,0,11046.8747790246
0,168,11046.8747790246
169,0,9805.13028623966
0,169,9805.13028623966
170,0,12833.0318286915
0,170,12833.0318286915
171,0,17285.9367671252
0,171,17285.9367671252
172,0,12777.9075075712
0,172,12777.9075075712
173,0,7640.72148156744
0,173,7640.72148156744
174,0,14558.6949646076
0,174,14558.6949646076
175,0,16197.6565756485
0,175,16197.6565756485
176,0,3684.28417062079
0,176,3684.28417062079
177,0,13548.6722118521
0,177,13548.6722118521
178,0,15174.4317371635
0,178,15174.4317371635
179,0,15911.9670274277
0,179,15911.9670274277
180,0,10071.735242119
0,180,10071.735242119
181,0,13889.6670877546
0,181,13889.6670877546
182,0,10526.5627241033
0,182,10526.5627241033
183,0,9864.97798955479
0,183,9864.97798955479
184,0,10727.1397078186
0,184,10727.1397078186
185,0,4137.50677923548
0,185,4137.50677923548
186,0,13297.2565908541
0,186,13297.2565908541
187,0,16934.4313111084
0,187,16934.4313111084
188,0,14943.0171558071
0,188,14943.0171558071
189,0,4892.35324651645
0,189,4892.35324651645
190,0,12218.4018086185
0,190,12218.4018086185
191,0,9438.60962314679
0,191,9438.60962314679
192,0,11572.528129569
0,192,11572.528129569
193,0,13970.3593414511
0,193,13970.3593414511
194,0,12856.6840873575
0,194,12856.6840873575
195,0,17163.7665362267
0,195,17163.7665362267
196,0,16062.7368549156
0,196,16062.7368549156
197,0,6023.92332897151
0,197,6023.92332897151
198,0,15856.2248441116
0,198,15856.2248441116
199,0,17140.8395838804
0,199,17140.8395838804
200,0,12286.2623331696
0,200,12286.2623331696
201,0,2966.76811852241
0,201,2966.76811852241
202,0,9969.21061354485
0,202,9969.21061354485
203,0,4607.46228634638
0,203,4607.46228634638
204,0,3334.85547002085
0,204,3334.85547002085
205,0,2570.42275286899
0,205,2570.42275286899
206,0,14134.0870969849
0,206,14134.0870969849
207,0,16966.5077683662
0,207,16966.5077683662
208,0,12391.0712873603
0,208,12391.0712873603
209,0,13002.2364664482
0,209,13002.2364664482
210,0,13510.3493902591
0,210,13510.3493902591
211,0,16923.6152579146
0,211,16923.6152579146
212,0,4249.91901648864
0,212,4249.91901648864
213,0,14044.5037786752
0,213,14044.5037786752
214,0,12622.258130417
0,214,12622.258130417
215,0,9336.54789523834
0,215,9336.54789523834
216,0,13496.9164275761
0,216,13496.9164275761
217,0,13099.4966301256
0,217,13099.4966301256
218,0,5811.95375541975
0,218,5811.95375541975
219,0,15238.6373693599
0,219,15238.6373693599
220,0,10386.6360911258
0,220,10386.6360911258
221,0,10485.8296254182
0,221,10485.8296254182
222,0,11936.4518926393
0,222,11936.4518926393
223,0,8382.05761761915
0,223,8382.05761761915
224,0,17439.5858546759
0,224,17439.5858546759
225,0,15296.6817381183
0,225,15296.6817381183
226,0,8120.94666174768
0,226,8120.94666174768
227,0,14331.450937755
0,227,14331.450937755
228,0,17215.6861580979
0,228,17215.6861580979
229,0,9348.3828667893
0,229,9348.3828667893
230,0,16621.4427924191
0,230,16621.4427924191
231,0,3776.0816780401
0,231,3776.0816780401
232,0,11912.9038294825
0,232,11912.9038294825
233,0,3169.93217438639
0,233,3169.93217438639
234,0,3577.23276543426
0,234,3577.23276543426
235,0,15872.2471658424
0,235,15872.2471658424
236,0,8484.79104722481
0,236,8484.79104722481
237,0,9447.81235718658
0,237,9447.81235718658
238,0,15396.8846941839
0,238,15396.8846941839
239,0,16312.2731010714
0,239,16312.2731010714
240,0,4364.37520978626
0,240,4364.37520978626
241,0,10075.7974871317
0,241,10075.7974871317
242,0,458.136692874216
0,242,458.136692874216
243,0,14895.4650188115
0,243,14895.4650188115
244,0,10683.9373124895
0,244,10683.9373124895
245,0,13797.6712488897
0,245,13797.6712488897
246,0,18013.6651241588
0,246,18013.6651241588
247,0,14704.328003905
0,247,14704.328003905
248,0,8498.0488134258
0,248,8498.0488134258
249,0,4915.03205161199
0,249,4915.03205161199
250,0,3215.80147544383
0,250,3215.80147544383
251,0,12308.8719073372
0,251,12308.8719073372
252,0,5194.75492464453
0,252,5194.75492464453
253,0,10467.9306912625
0,253,10467.9306912625
254,0,9637.87212777761
0,254,9637.87212777761
255,0,15589.8071654929
0,255,15589.8071654929
256,0,15525.2112064311
0,256,15525.2112064311
257,0,13782.9349319892
0,257,13782.9349319892
258,0,3946.3188513348
0,258,3946.3188513348
259,0,15061.8053705702
0,259,15061.8053705702
260,0,5517.27512590505
0,260,5517.27512590505
261,0,3931.19198121632
0,261,3931.19198121632
262,0,10278.5807889925
0,262,10278.5807889925
263,0,14174.6659980248
0,263,14174.6659980248
264,0,628.006845001871
0,264,628.006845001871
265,0,4787.56239592274
0,265,4787.56239592274
266,0,11077.3315342078
0,266,11077.3315342078
267,0,9759.47370328136
0,267,9759.47370328136
268,0,11434.0382016097
0,268,11434.0382016097
269,0,11498.1095986487
0,269,11498.1095986487
270,0,4680.14953532008
0,270,4680.14953532008
271,0,12353.3171505834
0,271,12353.3171505834
272,0,9326.52428866483
0,272,9326.52428866483
273,0,14408.1126979402
0,273,14408.1126979402
274,0,15440.8547066277
0,274,15440.8547066277
275,0,7128.10572902749
0,275,7128.10572902749
276,0,12605.1705680321
0,276,12605.1705680321
277,0,4301.20648601526
0,277,4301.20648601526
278,0,9201.38224974871
0,278,9201.38224974871
279,0,12502.8597497338
0,279,12502.8597497338
280,0,4894.97889062313
0,280,4894.97889062313
281,0,4419.86086645171
0,281,4419.86086645171
282,0,15444.0603607446
0,282,15444.0603607446
283,0,5726.84412484737
0,283,5726.84412484737
284,0,6151.15466861595
0,284,6151.15466861595
285,0,9431.2886954135
0,285,9431.2886954135
286,0,8603.84959626763
0,286,8603.84959626763
287,0,14766.5727836967
0,287,14766.5727836967
288,0,15485.7178445111
0,288,15485.7178445111
289,0,14874.4598842104
0,289,14874.4598842104
290,0,11994.9744324892
0,290,11994.9744324892
291,0,5326.42980639512
0,291,5326.42980639512
292,0,13682.9522237386
0,292,13682.9522237386
293,0,2965.75825423782
0,293,2965.75825423782
294,0,9631.9089126303
0,294,9631.9089126303
295,0,17551.7154909282
0,295,17551.7154909282
296,0,17284.7488417979
0,296,17284.7488417979
297,0,12619.1223398708
0,297,12619.1223398708
298,0,13729.3754341001
0,298,13729.3754341001
299,0,5032.47825872643
0,299,5032.47825872643
300,0,14863.2566995334
0,300,14863.2566995334
301,0,5482.11791440697
0,301,5482.11791440697
302,0,14637.2422947443
0,302,14637.2422947443
303,0,14044.996453874
0,303,14044.996453874
304,0,12459.1113635925
0,304,12459.1113635925
305,0,15847.25454015
0,305,15847.25454015
306,0,4291.86287245459
0,306,4291.86287245459
307,0,15324.8093774886
0,307,15324.8093774886
308,0,429.201764485477
0,308,429.201764485477
309,0,1720.80369813077
0,309,1720.80369813077
310,0,14216.1496752666
0,310,14216.1496752666
311,0,10283.1181982568
0,311,10283.1181982568
312,0,15998.9621900376
0,312,15998.9621900376
313,0,9834.92787847952
0,313,9834.92787847952
314,0,14769.9416866277
0,314,14769.9416866277
315,0,373.666116825309
0,315,373.666116825309
316,0,14965.6125137911
0,316,14965.6125137911
317,0,10597.5377742115
0,317,10597.5377742115
318,0,14262.8865314832
0,318,14262.8865314832
319,0,11904.7302345153
0,319,11904.7302345153
320,0,15942.7328125006
0,320,15942.7328125006
321,0,2862.986286394
0,321,2862.986286394
322,0,9654.66039482609
0,322,9654.66039482609
323,0,10633.5045675193
0,323,10633.5045675193
324,0,12732.9504410535
0,324,12732.9504410535
325,0,15033.7913175342
0,325,15033.7913175342
326,0,13201.71732394
0,326,13201.71732394
327,0,6613.75010475561
0,327,6613.75010475561
328,0,13492.2216240729
0,328,13492.2216240729
329,0,14662.1369556513
0,329,14662.1369556513
330,0,8371.24789134557
0,330,8371.24789134557
331,0,9231.68026909723
0,331,9231.68026909723
332,0,13410.0590534905
0,332,13410.0590534905
333,0,10138.0790745129
0,333,10138.0790745129
334,0,4849.15572606507
0,334,4849.15572606507
335,0,14691.5575171397
0,335,14691.5575171397
336,0,4875.25259661803
0,336,4875.25259661803
337,0,12769.4379002363
0,337,12769.4379002363
338,0,10906.1125014669
0,338,10906.1125014669
339,0,5663.38408538847
0,339,5663.38408538847
340,0,16087.5852364901
0,340,16087.5852364901
341,0,2714.64639412933
0,341,2714.64639412933
342,0,6468.31103705619
0,342,6468.31103705619
343,0,5266.5583322606
0,343,5266.5583322606
344,0,7485.1489135984
0,344,7485.1489135984
345,0,12952.9545663504
0,345,12952.9545663504
346,0,5729.91522297541
0,346,5729.91522297541
347,0,5391.3437978829
0,347,5391.3437978829
348,0,6664.20064447276
0,348,6664.20064447276
349,0,9695.28452093998
0,349,9695.28452093998
350,0,1122.21136876345
0,350,1122.21136876345
351,0,6779.94981442065
0,351,6779.94981442065
352,0,11927.3501688989
0,352,11927.3501688989
353,0,6212.24514814511
0,353,6212.24514814511
354,0,8682.6761257981
0,354,8682.6761257981
355,0,3662.5188021372
0,355,3662.5188021372
356,0,7467.69270269628
0,356,7467.69270269628
357,0,13891.2668185862
0,357,13891.2668185862
358,0,12357.9612011191
0,358,12357.9612011191
359,0,7971.32543939122
0,359,7971.32543939122
360,0,11671.7941957116
0,360,11671.7941957116
361,0,6732.86351657285
0,361,6732.86351657285
362,0,8584.039737527
0,362,8584.039737527
363,0,4556.70876095942
0,363,4556.70876095942
364,0,8326.80321343857
0,364,8326.80321343857
365,0,9614.00633836307
0,365,9614.00633836307
366,0,6930.47808556723
0,366,6930.47808556723
367,0,5999.23350608972
0,367,5999.23350608972
368,0,5271.88503344261
0,368,5271.88503344261
369,0,4240.05519335153
0,369,4240.05519335153
370,0,2298.38244894934
0,370,2298.38244894934
371,0,8104.13768959453
0,371,8104.13768959453
372,0,14212.1679498594
0,372,14212.1679498594
373,0,5160.49609540847
0,373,5160.49609540847
374,0,6957.50797648611
0,374,6957.50797648611
375,0,3780.87765352589
0,375,3780.87765352589
376,0,10095.417353867
0,376,10095.417353867
377,0,8871.85110323122
0,377,8871.85110323122
378,0,13181.2778672684
0,378,13181.2778672684
379,0,5472.22933648597
0,379,5472.22933648597
380,0,11388.5005414661
0,380,11388.5005414661
381,0,15042.8298101527
0,381,15042.8298101527
382,0,11219.9640168285
0,382,11219.9640168285
383,0,11444.8240235791
0,383,11444.8240235791
384,0,12735.1669308016
0,384,12735.1669308016
385,0,3209.80918255474
0,385,3209.80918255474
386,0,6097.42496215995
0,386,6097.42496215995
387,0,13633.402309248
0,387,13633.402309248
388,0,8667.33094514432
0,388,8667.33094514432
389,0,4605.74958750676
0,389,4605.74958750676
390,0,10864.4566879205
0,390,10864.4566879205
391,0,13412.5074689846
0,391,13412.5074689846
392,0,6348.15335862891
0,392,6348.15335862891
393,0,5282.3134945857
0,393,5282.3134945857
394,0,3819.83149057997
0,394,3819.83149057997
395,0,10576.6573163041
0,395,10576.6573163041
396,0,14010.0466465346
0,396,14010.0466465346
2,1,1251.82006114074
1,2,1251.82006114074
3,1,2099.16112323581
1,3,2099.16112323581
4,1,2559.07613362793
1,4,2559.07613362793
5,1,3211.46861709844
1,5,3211.46861709844
6,1,3829.68082287495
1,6,3829.68082287495
7,1,3903.62338706269
1,7,3903.62338706269
8,1,3887.54923957982
1,8,3887.54923957982
9,1,4947.7231269552
1,9,4947.7231269552
10,1,5284.42757856046
1,10,5284.42757856046
11,1,5454.88538031536
1,11,5454.88538031536
12,1,6507.67093735835
1,12,6507.67093735835
13,1,7466.11408981934
1,13,7466.11408981934
14,1,8470.55280197209
1,14,8470.55280197209
15,1,9735.43880960001
1,15,9735.43880960001
16,1,10781.5413720719
1,16,10781.5413720719
17,1,11566.5452339077
1,17,11566.5452339077
18,1,14718.9928483225
1,18,14718.9928483225
19,1,14535.8398113182
1,19,14535.8398113182
20,1,14552.1417000617
1,20,14552.1417000617
21,1,14724.1062914789
1,21,14724.1062914789
22,1,15249.715230167
1,22,15249.715230167
23,1,16289.5668543574
1,23,16289.5668543574
24,1,16791.9100461161
1,24,16791.9100461161
25,1,17793.8750369673
1,25,17793.8750369673
26,1,17495.3584477328
1,26,17495.3584477328
27,1,16379.3545815762
1,27,16379.3545815762
28,1,15802.4001696519
1,28,15802.4001696519
29,1,15232.9398118549
1,29,15232.9398118549
30,1,14380.7067673195
1,30,14380.7067673195
31,1,13339.0676878907
1,31,13339.0676878907
32,1,13590.8330168919
1,32,13590.8330168919
33,1,13304.109423366
1,33,13304.109423366
34,1,13443.0174372734
1,34,13443.0174372734
35,1,15005.1235909244
1,35,15005.1235909244
36,1,15780.669365407
1,36,15780.669365407
37,1,15398.2596623008
1,37,15398.2596623008
38,1,15193.0766990262
1,38,15193.0766990262
39,1,15246.9109023333
1,39,15246.9109023333
40,1,16129.4188286703
1,40,16129.4188286703
41,1,15779.3778314802
1,41,15779.3778314802
42,1,7183.34778464814
1,42,7183.34778464814
43,1,4933.42703835861
1,43,4933.42703835861
44,1,11682.3272971591
1,44,11682.3272971591
45,1,13052.5095849657
1,45,13052.5095849657
46,1,13646.4327758767
1,46,13646.4327758767
47,1,13992.4795682028
1,47,13992.4795682028
48,1,14103.6927072072
1,48,14103.6927072072
49,1,14159.824165577
1,49,14159.824165577
50,1,14274.6101179312
1,50,14274.6101179312
51,1,13176.5395229939
1,51,13176.5395229939
52,1,9226.90647496769
1,52,9226.90647496769
53,1,11031.7428001192
1,53,11031.7428001192
54,1,12815.2949136872
1,54,12815.2949136872
55,1,13142.8243852582
1,55,13142.8243852582
56,1,13647.7297158536
1,56,13647.7297158536
57,1,1682.78424892933
1,57,1682.78424892933
58,1,10693.7257412826
1,58,10693.7257412826
59,1,13730.3470847181
1,59,13730.3470847181
60,1,8139.51557753277
1,60,8139.51557753277
61,1,3578.27295884577
1,61,3578.27295884577
62,1,12214.6677212042
1,62,12214.6677212042
63,1,14340.7393471802
1,63,14340.7393471802
64,1,12320.2425154684
1,64,12320.2425154684
65,1,4292.91525530171
1,65,4292.91525530171
66,1,6851.34029972911
1,66,6851.34029972911
67,1,13531.7391816562
1,67,13531.7391816562
68,1,13071.7386382136
1,68,13071.7386382136
69,1,7387.42931142256
1,69,7387.42931142256
70,1,13366.0334505996
1,70,13366.0334505996
71,1,15867.7110332377
1,71,15867.7110332377
72,1,11626.324237461
1,72,11626.324237461
73,1,3282.52235193666
1,73,3282.52235193666
74,1,11448.8457028348
1,74,11448.8457028348
75,1,8374.02500301451
1,75,8374.02500301451
76,1,14637.54832653
1,76,14637.54832653
77,1,13808.2676038353
1,77,13808.2676038353
78,1,15003.4943417445
1,78,15003.4943417445
79,1,12926.6411475369
1,79,12926.6411475369
80,1,11789.0662348878
1,80,11789.0662348878
81,1,1987.63232489533
1,81,1987.63232489533
82,1,14058.2297381733
1,82,14058.2297381733
83,1,4323.20998023078
1,83,4323.20998023078
84,1,11220.8632053302
1,84,11220.8632053302
85,1,1655.61938322156
1,85,1655.61938322156
86,1,15231.22810501
1,86,15231.22810501
87,1,12911.2557464516
1,87,12911.2557464516
88,1,8007.7930401786
1,88,8007.7930401786
89,1,3381.48320935281
1,89,3381.48320935281
90,1,10676.4627325463
1,90,10676.4627325463
91,1,13384.3506307716
1,91,13384.3506307716
92,1,11465.5642198584
1,92,11465.5642198584
93,1,14873.7096906607
1,93,14873.7096906607
94,1,8597.7696250656
1,94,8597.7696250656
95,1,3521.04775976019
1,95,3521.04775976019
96,1,9713.12278756764
1,96,9713.12278756764
97,1,12838.6348995478
1,97,12838.6348995478
98,1,2810.49191373167
1,98,2810.49191373167
99,1,7782.3647941166
1,99,7782.3647941166
100,1,16164.31103644
1,100,16164.31103644
101,1,9679.02341076841
1,101,9679.02341076841
102,1,11360.7536256192
1,102,11360.7536256192
103,1,3685.60207769164
1,103,3685.60207769164
104,1,10264.0230748593
1,104,10264.0230748593
105,1,5199.13625661618
1,105,5199.13625661618
106,1,4881.599259339
1,106,4881.599259339
107,1,15132.6933543496
1,107,15132.6933543496
108,1,1876.65085766649
1,108,1876.65085766649
109,1,13872.1921323888
1,109,13872.1921323888
110,1,4772.89422059775
1,110,4772.89422059775
111,1,11781.4222215126
1,111,11781.4222215126
112,1,4825.49956235381
1,112,4825.49956235381
113,1,4414.12854372069
1,113,4414.12854372069
114,1,11420.5615198691
1,114,11420.5615198691
115,1,6927.98722087346
1,115,6927.98722087346
116,1,12498.2726764007
1,116,12498.2726764007
117,1,14439.9373522936
1,117,14439.9373522936
118,1,15225.9475917203
1,118,15225.9475917203
119,1,4947.36594412357
1,119,4947.36594412357
120,1,1579.22996062226
1,120,1579.22996062226
121,1,15802.622629249
1,121,15802.622629249
122,1,10884.5594588585
1,122,10884.5594588585
123,1,11670.9320971273
1,123,11670.9320971273
124,1,11998.3476432292
1,124,11998.3476432292
125,1,9965.77111278506
1,125,9965.77111278506
126,1,8341.59784730217
1,126,8341.59784730217
127,1,9191.43033222461
1,127,9191.43033222461
128,1,12558.727102326
1,128,12558.727102326
129,1,11294.769476051
1,129,11294.769476051
130,1,9795.36000235911
1,130,9795.36000235911
131,1,13577.664771897
1,131,13577.664771897
132,1,3553.73473128852
1,132,3553.73473128852
133,1,14827.3341242321
1,133,14827.3341242321
134,1,7760.01912378768
1,134,7760.01912378768
135,1,12471.2336727228
1,135,12471.2336727228
136,1,11669.2602384094
1,136,11669.2602384094
137,1,9868.44856793146
1,137,9868.44856793146
138,1,3250.96326211981
1,138,3250.96326211981
139,1,12215.0164133429
1,139,12215.0164133429
140,1,5744.54950052171
1,140,5744.54950052171
141,1,13045.2963609843
1,141,13045.2963609843
142,1,4652.2096995644
1,142,4652.2096995644
143,1,8064.34075160677
1,143,8064.34075160677
144,1,15149.3016868265
1,144,15149.3016868265
145,1,9302.81575543512
1,145,9302.81575543512
146,1,4026.3515994223
1,146,4026.3515994223
147,1,6843.76687651391
1,147,6843.76687651391
148,1,13229.9600825279
1,148,13229.9600825279
149,1,15106.5739145833
1,149,15106.5739145833
150,1,10073.1990506748
1,150,10073.1990506748
151,1,16795.4666364788
1,151,16795.4666364788
152,1,4563.10311422209
1,152,4563.10311422209
153,1,3257.54870163419
1,153,3257.54870163419
154,1,15001.2213639165
1,154,15001.2213639165
155,1,12171.6141598372
1,155,12171.6141598372
156,1,8115.70357267598
1,156,8115.70357267598
157,1,14293.2808939581
1,157,14293.2808939581
158,1,15321.8033315637
1,158,15321.8033315637
159,1,8169.30920460723
1,159,8169.30920460723
160,1,13200.9148921438
1,160,13200.9148921438
161,1,16549.5618838692
1,161,16549.5618838692
162,1,10282.7934693242
1,162,10282.7934693242
163,1,9816.07036743094
1,163,9816.07036743094
164,1,15364.7799935891
1,164,15364.7799935891
165,1,13713.2622291899
1,165,13713.2622291899
166,1,2627.95492329423
1,166,2627.95492329423
167,1,11504.9572439089
1,167,11504.9572439089
168,1,10111.5870271564
1,168,10111.5870271564
169,1,9031.13087754697
1,169,9031.13087754697
170,1,12070.0527543385
1,170,12070.0527543385
171,1,16367.6225018536
1,171,16367.6225018536
172,1,12084.5704565273
1,172,12084.5704565273
173,1,6620.75965413473
1,173,6620.75965413473
174,1,13604.3514013712
1,174,13604.3514013712
175,1,15991.0522550578
1,175,15991.0522550578
176,1,2691.10529199622
1,176,2691.10529199622
177,1,12921.0903806196
1,177,12921.0903806196
178,1,14183.6762632477
1,178,14183.6762632477
179,1,15402.5523280753
1,179,15402.5523280753
180,1,9222.30051257908
1,180,9222.30051257908
181,1,12863.8784888083
1,181,12863.8784888083
182,1,9774.52422894999
1,182,9774.52422894999
183,1,8854.58041250135
1,183,8854.58041250135
184,1,9999.06773289294
1,184,9999.06773289294
185,1,3110.50458372967
1,185,3110.50458372967
186,1,12932.1803403032
1,186,12932.1803403032
187,1,16040.8752378126
1,187,16040.8752378126
188,1,13992.5229705852
1,188,13992.5229705852
189,1,3919.87067563642
1,189,3919.87067563642
190,1,11235.0627930061
1,190,11235.0627930061
191,1,8511.00126161606
1,191,8511.00126161606
192,1,10659.3749289902
1,192,10659.3749289902
193,1,12938.70381804
1,193,12938.70381804
194,1,11975.4117556755
1,194,11975.4117556755
195,1,16651.6506983917
1,195,16651.6506983917
196,1,15156.493675355
1,196,15156.493675355
197,1,4995.43099942584
1,197,4995.43099942584
198,1,14904.5539495972
1,198,14904.5539495972
199,1,16259.1070199014
1,199,16259.1070199014
200,1,11479.5391509097
1,200,11479.5391509097
201,1,1946.73249146642
1,201,1946.73249146642
202,1,9376.09606006135
1,202,9376.09606006135
203,1,3809.02406292652
1,203,3809.02406292652
204,1,2460.62494730243
1,204,2460.62494730243
205,1,1702.79366924597
1,205,1702.79366924597
206,1,13211.9955986665
1,206,13211.9955986665
207,1,16051.0733397413
1,207,16051.0733397413
208,1,11918.7191037693
1,208,11918.7191037693
209,1,12053.3881493734
1,209,12053.3881493734
210,1,13056.9572065475
1,210,13056.9572065475
211,1,16420.7473782516
1,211,16420.7473782516
212,1,3251.02965514361
1,212,3251.02965514361
213,1,13255.6120568595
1,213,13255.6120568595
214,1,11691.1672656978
1,214,11691.1672656978
215,1,8609.17478767419
1,215,8609.17478767419
216,1,12472.8291495357
1,216,12472.8291495357
217,1,12069.1668035778
1,217,12069.1668035778
218,1,4789.2017896168
1,218,4789.2017896168
219,1,14303.2264820196
1,219,14303.2264820196
220,1,9419.6524698317
1,220,9419.6524698317
221,1,9555.40105652003
1,221,9555.40105652003
222,1,11064.7779155947
1,222,11064.7779155947
223,1,7374.76162991333
1,223,7374.76162991333
224,1,16515.7773623499
1,224,16515.7773623499
225,1,14492.97852183
1,225,14492.97852183
226,1,7100.06223252932
1,226,7100.06223252932
227,1,13555.7457412723
1,227,13555.7457412723
228,1,16266.5195048865
1,228,16266.5195048865
229,1,8515.57055284897
1,229,8515.57055284897
230,1,15684.1916033574
1,230,15684.1916033574
231,1,2767.30189097046
1,231,2767.30189097046
232,1,10928.0730029438
1,232,10928.0730029438
233,1,2143.23103045038
1,233,2143.23103045038
234,1,2543.07586475272
1,234,2543.07586475272
235,1,14986.7372671266
1,235,14986.7372671266
236,1,7468.35388536795
1,236,7468.35388536795
237,1,8505.11878902616
1,237,8505.11878902616
238,1,14925.8330754781
1,238,14925.8330754781
239,1,15385.5159494269
1,239,15385.5159494269
240,1,3388.3606655457
1,240,3388.3606655457
241,1,9052.06026312931
1,241,9052.06026312931
242,1,655.478255100224
1,242,655.478255100224
243,1,14554.0870530578
1,243,14554.0870530578
244,1,10051.9237809102
1,244,10051.9237809102
245,1,12768.4627288049
1,245,12768.4627288049
246,1,17101.8685364226
1,246,17101.8685364226
247,1,13671.733946215
1,247,13671.733946215
248,1,7680.6392085782
1,248,7680.6392085782
249,1,3909.02019565441
1,249,3909.02019565441
250,1,2247.68418073833
1,250,2247.68418073833
251,1,11576.3621428407
1,251,11576.3621428407
252,1,4193.30151742125
1,252,4193.30151742125
253,1,9591.2713349262
1,253,9591.2713349262
254,1,8820.88571470943
1,254,8820.88571470943
255,1,14804.115428935
1,255,14804.115428935
256,1,15353.9687497895
1,256,15353.9687497895
257,1,13230.0025089032
1,257,13230.0025089032
258,1,2974.69387370557
1,258,2974.69387370557
259,1,14027.6489447087
1,259,14027.6489447087
260,1,5131.79556528232
1,260,5131.79556528232
261,1,3176.96417634178
1,261,3176.96417634178
262,1,9254.91551348453
1,262,9254.91551348453
263,1,13327.9414891063
1,263,13327.9414891063
264,1,595.125890390195
1,264,595.125890390195
265,1,3802.96061787582
1,265,3802.96061787582
266,1,10069.1969838212
1,266,10069.1969838212
267,1,8771.5389864957
1,267,8771.5389864957
268,1,10537.6623230678
1,268,10537.6623230678
269,1,10476.9927305157
1,269,10476.9927305157
270,1,4095.62315799048
1,270,4095.62315799048
271,1,11457.6091685105
1,271,11457.6091685105
272,1,8364.39475538998
1,272,8364.39475538998
273,1,13668.46916475
1,273,13668.46916475
274,1,15219.9580291016
1,274,15219.9580291016
275,1,6163.47216522849
1,275,6163.47216522849
276,1,12066.9108686472
1,276,12066.9108686472
277,1,3504.12500345083
1,277,3504.12500345083
278,1,8623.81191939688
1,278,8623.81191939688
279,1,11775.8574851452
1,279,11775.8574851452
280,1,3959.81856077454
1,280,3959.81856077454
281,1,3388.77280887184
1,281,3388.77280887184
282,1,14458.3473170754
1,282,14458.3473170754
283,1,4794.72646789544
1,283,4794.72646789544
284,1,5561.85774477701
1,284,5561.85774477701
285,1,8539.82394249932
1,285,8539.82394249932
286,1,7591.58561814665
1,286,7591.58561814665
287,1,13886.0613004229
1,287,13886.0613004229
288,1,14518.598979517
1,288,14518.598979517
289,1,13989.1417705111
1,289,13989.1417705111
290,1,11293.7158374201
1,290,11293.7158374201
291,1,4296.53851727281
1,291,4296.53851727281
292,1,13158.056811364
1,292,13158.056811364
293,1,2065.52625068586
1,293,2065.52625068586
294,1,8712.25619804675
1,294,8712.25619804675
295,1,16616.2391645904
1,295,16616.2391645904
296,1,16356.6744424087
1,296,16356.6744424087
297,1,11717.4704387182
1,297,11717.4704387182
298,1,12695.2200324542
1,298,12695.2200324542
299,1,4018.73122026949
1,299,4018.73122026949
300,1,13830.1056504192
1,300,13830.1056504192
301,1,4459.74235712226
1,301,4459.74235712226
302,1,13828.671509455
1,302,13828.671509455
303,1,13312.3397144382
1,303,13312.3397144382
304,1,11802.3638869343
1,304,11802.3638869343
305,1,14994.4000034957
1,305,14994.4000034957
306,1,3407.84703573088
1,306,3407.84703573088
307,1,14808.45349274
1,307,14808.45349274
308,1,927.071322361549
1,308,927.071322361549
309,1,836.317591065724
1,309,836.317591065724
310,1,13183.8376542994
1,310,13183.8376542994
311,1,9597.23478220736
1,311,9597.23478220736
312,1,15530.6239349229
1,312,15530.6239349229
313,1,8842.92575877587
1,313,8842.92575877587
314,1,14262.2355127778
1,314,14262.2355127778
315,1,1303.96794979793
1,315,1303.96794979793
316,1,14048.0542654788
1,316,14048.0542654788
317,1,9617.2758657815
1,317,9617.2758657815
318,1,13368.5598976403
1,318,13368.5598976403
319,1,10932.7391890263
1,319,10932.7391890263
320,1,15487.2296652343
1,320,15487.2296652343
321,1,1850.09657751143
1,321,1850.09657751143
322,1,8700.45263736051
1,322,8700.45263736051
323,1,9607.1997038896
1,323,9607.1997038896
324,1,11704.6776326158
1,324,11704.6776326158
325,1,14105.0137406891
1,325,14105.0137406891
326,1,12173.880589404
1,326,12173.880589404
327,1,5624.42017063877
1,327,5624.42017063877
328,1,12463.4731886291
1,328,12463.4731886291
329,1,14325.1377266383
1,329,14325.1377266383
330,1,7519.84664458897
1,330,7519.84664458897
331,1,8370.29166217963
1,331,8370.29166217963
332,1,12962.9181593593
1,332,12962.9181593593
333,1,9415.47916105997
1,333,9415.47916105997
334,1,3815.19457458863
1,334,3815.19457458863
335,1,13962.7773455812
1,335,13962.7773455812
336,1,4205.93513821807
1,336,4205.93513821807
337,1,12141.1690127104
1,337,12141.1690127104
338,1,9902.82660655111
1,338,9902.82660655111
339,1,4645.70081788032
1,339,4645.70081788032
340,1,15168.0973746952
1,340,15168.0973746952
341,1,1817.82502396258
1,341,1817.82502396258
342,1,5690.10809563386
1,342,5690.10809563386
343,1,4654.33176400726
1,343,4654.33176400726
344,1,6682.49989922766
1,344,6682.49989922766
345,1,12104.028356908
1,345,12104.028356908
346,1,5112.88388983732
1,346,5112.88388983732
347,1,4365.43723449639
1,347,4365.43723449639
348,1,6070.98247539523
1,348,6070.98247539523
349,1,8768.45223006863
1,349,8768.45223006863
350,1,897.454994269264
1,350,897.454994269264
351,1,6278.43028007145
1,351,6278.43028007145
352,1,10987.8449368755
1,352,10987.8449368755
353,1,5256.59994178376
1,353,5256.59994178376
354,1,7846.37548196653
1,354,7846.37548196653
355,1,2630.55544163934
1,355,2630.55544163934
356,1,6886.57849505375
1,356,6886.57849505375
357,1,13516.8468991367
1,357,13516.8468991367
358,1,11381.7768909618
1,358,11381.7768909618
359,1,7312.42412491482
1,359,7312.42412491482
360,1,11251.9987282185
1,360,11251.9987282185
361,1,5808.53026191292
1,361,5808.53026191292
362,1,7718.77653360057
1,362,7718.77653360057
363,1,3594.15011178393
1,363,3594.15011178393
364,1,7540.14006417705
1,364,7540.14006417705
365,1,8891.28543535816
1,365,8891.28543535816
366,1,6062.93944693719
1,366,6062.93944693719
367,1,5436.86841321217
1,367,5436.86841321217
368,1,4327.47941407641
1,368,4327.47941407641
369,1,3383.62624440283
1,369,3383.62624440283
370,1,1363.03020121218
1,370,1363.03020121218
371,1,7121.98691554731
1,371,7121.98691554731
372,1,13718.894505335
1,372,13718.894505335
373,1,4308.4346564338
1,373,4308.4346564338
374,1,6540.52879357648
1,374,6540.52879357648
375,1,2968.99757287902
1,375,2968.99757287902
376,1,9112.25867170288
1,376,9112.25867170288
377,1,8129.17486065716
1,377,8129.17486065716
378,1,12301.5324306078
1,378,12301.5324306078
379,1,5116.08293608455
1,379,5116.08293608455
380,1,10590.4689925841
1,380,10590.4689925841
381,1,14809.6072299229
1,381,14809.6072299229
382,1,10508.7549031467
1,382,10508.7549031467
383,1,10947.5996532799
1,383,10947.5996532799
384,1,12162.7779859828
1,384,12162.7779859828
385,1,2203.20641084069
1,385,2203.20641084069
386,1,5093.11598337558
1,386,5093.11598337558
387,1,13191.8284310239
1,387,13191.8284310239
388,1,7662.61433817354
1,388,7662.61433817354
389,1,3863.11360736047
1,389,3863.11360736047
390,1,10278.7211713081
1,390,10278.7211713081
391,1,12887.2987514644
1,391,12887.2987514644
392,1,5518.64015240721
1,392,5518.64015240721
393,1,4255.47064015548
1,393,4255.47064015548
394,1,3162.72811843207
1,394,3162.72811843207
395,1,9722.45144347141
1,395,9722.45144347141
396,1,13140.8108674688
1,396,13140.8108674688
3,2,849.963796804532
2,3,849.963796804532
4,2,1627.13796226472
2,4,1627.13796226472
5,2,2005.75999607667
2,5,2005.75999607667
6,2,2761.45555213123
2,6,2761.45555213123
7,2,2713.65790250726
2,7,2713.65790250726
8,2,2651.50628903271
2,8,2651.50628903271
9,2,3705.71154180933
2,9,3705.71154180933
10,2,4082.51129951149
2,10,4082.51129951149
11,2,4367.14527966766
2,11,4367.14527966766
12,2,5472.35375101213
2,12,5472.35375101213
13,2,6438.63300781019
2,13,6438.63300781019
14,2,7439.0277809894
2,14,7439.0277809894
15,2,8659.79575610533
2,15,8659.79575610533
16,2,9643.43318817377
2,16,9643.43318817377
17,2,10371.603297676
2,17,10371.603297676
18,2,13645.4619749741
2,18,13645.4619749741
19,2,13560.1512388134
2,19,13560.1512388134
20,2,13626.7047061771
2,20,13626.7047061771
21,2,13844.9311875622
2,21,13844.9311875622
22,2,14414.8644584002
2,22,14414.8644584002
23,2,15441.4075110636
2,23,15441.4075110636
24,2,15990.1852691656
2,24,15990.1852691656
25,2,17026.8407207034
2,25,17026.8407207034
26,2,16764.3747665603
2,26,16764.3747665603
27,2,15685.9911456964
2,27,15685.9911456964
28,2,15190.4067846372
2,28,15190.4067846372
29,2,14752.8426378226
2,29,14752.8426378226
30,2,13983.3726417678
2,30,13983.3726417678
31,2,13034.4602667803
2,31,13034.4602667803
32,2,13359.8290499855
2,32,13359.8290499855
33,2,13129.4402284054
2,33,13129.4402284054
34,2,13345.5803169758
2,34,13345.5803169758
35,2,14925.2119686052
2,35,14925.2119686052
36,2,15680.8090452695
2,36,15680.8090452695
37,2,15565.8564976804
2,37,15565.8564976804
38,2,15450.7412285586
2,38,15450.7412285586
39,2,15546.0360684023
2,39,15546.0360684023
40,2,16436.8210326045
2,40,16436.8210326045
41,2,16169.0589867301
2,41,16169.0589867301
42,2,6201.23850429174
2,42,6201.23850429174
43,2,5077.41004689956
2,43,5077.41004689956
44,2,10658.5523005352
2,44,10658.5523005352
45,2,12717.7216671801
2,45,12717.7216671801
46,2,13715.1142388095
2,46,13715.1142388095
47,2,13389.7319902121
2,47,13389.7319902121
48,2,13730.6594597276
2,48,13730.6594597276
49,2,13673.991212383
2,49,13673.991212383
50,2,13613.7604460693
2,50,13613.7604460693
51,2,12063.8111366708
2,51,12063.8111366708
52,2,8151.67683086892
2,52,8151.67683086892
53,2,10632.791022694
2,53,10632.791022694
54,2,12370.0005212209
2,54,12370.0005212209
55,2,12072.9444016719
2,55,12072.9444016719
56,2,12592.7548365991
2,56,12592.7548365991
57,2,710.212556151492
2,57,710.212556151492
58,2,10426.9114637926
2,58,10426.9114637926
59,2,12810.6117963296
2,59,12810.6117963296
60,2,7538.381973663
2,60,7538.381973663
61,2,2418.4621877205
2,61,2418.4621877205
62,2,11217.7326501118
2,62,11217.7326501118
63,2,13698.0426935491
2,63,13698.0426935491
64,2,12083.0239895541
2,64,12083.0239895541
65,2,3491.67088151105
2,65,3491.67088151105
66,2,5856.6914996696
2,66,5856.6914996696
67,2,13569.2238138299
2,67,13569.2238138299
68,2,12296.9529788506
2,68,12296.9529788506
69,2,6915.37347025871
2,69,6915.37347025871
70,2,12624.1571823863
2,70,12624.1571823863
71,2,15917.1463568247
2,71,15917.1463568247
72,2,11281.9628638107
2,72,11281.9628638107
73,2,2597.78511387363
2,73,2597.78511387363
74,2,10562.8840318262
2,74,10562.8840318262
75,2,7631.31181245121
2,75,7631.31181245121
76,2,14686.238864695
2,76,14686.238864695
77,2,13120.2788259369
2,77,13120.2788259369
78,2,14208.3077929401
2,78,14208.3077929401
79,2,11824.5050104644
2,79,11824.5050104644
80,2,11678.0945460679
2,80,11678.0945460679
81,2,1312.35480991311
2,81,1312.35480991311
82,2,14086.8497611467
2,82,14086.8497611467
83,2,3617.74239066917
2,83,3617.74239066917
84,2,10315.0338931872
2,84,10315.0338931872
85,2,1051.8672831632
2,85,1051.8672831632
86,2,14571.8791824895
2,86,14571.8791824895
87,2,12157.8694077134
2,87,12157.8694077134
88,2,7256.2829342178
2,88,7256.2829342178
89,2,2800.68954906256
2,89,2800.68954906256
90,2,9941.7534922929
2,90,9941.7534922929
91,2,13556.3142153079
2,91,13556.3142153079
92,2,11573.6711446684
2,92,11573.6711446684
93,2,14182.8571615966
2,93,14182.8571615966
94,2,8494.51426578966
2,94,8494.51426578966
95,2,3537.58549197834
2,95,3537.58549197834
96,2,9207.72826515478
2,96,9207.72826515478
97,2,11797.1805353877
2,97,11797.1805353877
98,2,1558.69377573331
2,98,1558.69377573331
99,2,7059.30596949652
