6.764983370267808 1
        a 0 1 0.8184957741887575
6.206901400860176 1
        a 0 3 0.8305687552510528
4.1270449476592805 1
        a 0 4 0.879734288967128
5.080661866331984 1
        a 0 8 0.8563442675810353
6.764983370267808 1
        a 1 0 0.8184957741887575
3.164253466459348 1
        a 1 3 0.9049071847254635
6.223192508672698 1
        a 1 5 0.830209928060656
7.758422842305002 1
        a 1 2 0.7980853661088771
7.758422842305002 1
        a 2 1 0.7980853661088771
5.031152949374528 1
        a 2 9 0.8575223586287233
6.206901400860176 1
        a 3 0 0.8305687552510528
3.164253466459348 1
        a 3 1 0.9049071847254635
1.4426538046253508 1
        a 3 5 0.9541516522759186
1.0446291207888094 1
        a 3 6 0.9663638656606208
4.1270449476592805 1
        a 4 0 0.879734288967128
0.6451743950281977 1
        a 4 6 0.9789501265664231
0.7115124735378847 1
        a 4 7 0.9768366281188604
6.223192508672698 1
        a 5 1 0.830209928060656
1.4426538046253508 1
        a 5 3 0.9541516522759186
1.6770509831248421 1
        a 5 6 0.9471100224433119
1.3268854509715604 1
        a 5 9 0.9576703057066773
6.809735677689701 1
        a 5 14 0.8175469622234415
1.0446291207888094 1
        a 6 3 0.9663638656606208
0.6451743950281977 1
        a 6 4 0.9789501265664231
1.6770509831248421 1
        a 6 5 0.9471100224433119
8.273149339882607 1
        a 6 14 0.7880300483081198
11.034179851715306 1
        a 6 18 0.7396060480754765
0.7115124735378847 1
        a 7 4 0.9768366281188604
4.8 1
        a 7 8 0.8630745185368455
1.2369316876852983 1
        a 7 10 0.9604231628748423
8.040405773342535 1
        a 7 11 0.7925340431877156
5.080661866331984 1
        a 8 0 0.8563442675810353
4.8 1
        a 8 7 0.8630745185368455
7.1894453889017065 1
        a 8 11 0.809609473114364
2.4186773244895656 1
        a 8 12 0.9255416991040357
4.686149805543992 1
        a 8 13 0.8658407434008516
5.867282164682384 1
        a 8 17 0.8381386282368405
5.031152949374528 1
        a 9 2 0.8575223586287233
1.3268854509715604 1
        a 9 5 0.9576703057066773
2.8182441342083893 1
        a 9 14 0.9143558543289382
4.459820624195553 1
        a 9 15 0.8714026274998443
1.2369316876852983 1
        a 10 7 0.9604231628748423
2.4105238019982287 1
        a 10 11 0.9257730729030309
5.67031745143074 1
        a 10 16 0.8426079994962343
3.0603308644654756 1
        a 10 18 0.9077221921087822
8.040405773342535 1
        a 11 7 0.7925340431877156
7.1894453889017065 1
        a 11 8 0.809609473114364
2.4105238019982287 1
        a 11 10 0.9257730729030309
2.460182920028508 1
        a 11 13 0.9243658359078294
2.134537420613656 1
        a 11 16 0.9336794226693191
2.4186773244895656 1
        a 12 8 0.9255416991040357
3.8242646351945897 1
        a 12 17 0.887477244323478
4.686149805543992 1
        a 13 8 0.8658407434008516
2.460182920028508 1
        a 13 11 0.9243658359078294
5.3101906745426755 1
        a 13 16 0.8509330227164362
2.059429532661896 1
        a 13 17 0.935856384720642
4.688549882426335 1
        a 13 19 0.8657822116896063
6.809735677689701 1
        a 14 5 0.8175469622234415
5.515432893255072 1
        a 14 6 0.8461639726548427
2.8182441342083893 1
        a 14 9 0.9143558543289382
3.164253466459348 1
        a 14 15 0.9049071847254635
7.479346562367597 1
        a 14 18 0.8036831822316511
4.459820624195553 1
        a 15 9 0.8714026274998443
3.164253466459348 1
        a 15 14 0.9049071847254635
4.234678264047931 1
        a 15 21 0.8770192375583387
5.67031745143074 1
        a 16 10 0.8426079994962343
2.134537420613656 1
        a 16 11 0.9336794226693191
5.3101906745426755 1
        a 16 13 0.8509330227164362
2.7103966499388967 1
        a 16 18 0.9173457389323075
4.290104893822527 1
        a 16 19 0.875628681222377
3.2206365830375834 1
        a 16 20 0.9033880463726514
5.867282164682384 1
        a 17 8 0.8381386282368405
3.8242646351945897 1
        a 17 12 0.887477244323478
2.059429532661896 1
        a 17 13 0.935856384720642
3.725922704512266 1
        a 17 19 0.8900259406717737
11.034179851715306 1
        a 18 6 0.7396060480754765
3.0603308644654756 1
        a 18 10 0.9077221921087822
7.479346562367597 1
        a 18 14 0.8036831822316511
2.7103966499388967 1
        a 18 16 0.9173457389323075
1.060660171779821 1
        a 18 21 0.9658657117116973
4.688549882426335 1
        a 19 13 0.8657822116896063
4.290104893822527 1
        a 19 16 0.875628681222377
3.725922704512266 1
        a 19 17 0.8900259406717737
0.9864709828474434 1
        a 19 20 0.9681755658299942
3.2206365830375834 1
        a 20 16 0.9033880463726514
0.9864709828474434 1
        a 20 19 0.9681755658299942
2.625 1
        a 20 21 0.9197285103846037
2.8509866713122327 1
        a 20 22 0.913452369971046
4.234678264047931 1
        a 21 15 0.8770192375583387
1.060660171779821 1
        a 21 18 0.9658657117116973
2.625 1
        a 21 20 0.9197285103846037
8.655922827752105 1
        a 21 22 0.7807730176577097
2.8509866713122327 1
        a 22 20 0.913452369971046
8.655922827752105 1
        a 22 21 0.7807730176577097