id,source_id,target_id,length
0,0,1,442.127
1,1,0,442.127
2,0,2,182.857
3,2,0,182.857
4,0,159,428.974
5,159,0,428.974
6,0,189,117.119
7,189,0,117.119
8,0,210,509.15
9,210,0,509.15
10,1,2,146.514
11,2,1,146.514
12,2,3,483.083
13,3,2,483.083
14,2,52,90
15,52,2,90
16,2,82,42.4264
17,82,2,42.4264
18,2,101,208.438
19,101,2,208.438
20,2,188,90
21,188,2,90
22,2,210,88.0675
23,210,2,88.0675
24,2,272,133.333
25,272,2,133.333
26,2,294,637.765
27,294,2,637.765
28,3,4,200.344
29,4,3,200.344
30,3,52,59.762
31,52,3,59.762
32,3,82,174.418
33,82,3,174.418
34,3,101,121.411
35,101,3,121.411
36,4,5,568.835
37,5,4,568.835
38,4,6,59.762
39,6,4,59.762
40,4,43,407.809
41,43,4,407.809
42,4,101,90
43,101,4,90
44,4,185,59.762
45,185,4,59.762
46,4,215,565.533
47,215,4,565.533
48,5,6,641.008
49,6,5,641.008
50,5,43,401.505
51,43,5,401.505
52,6,7,33.541
53,7,6,33.541
54,6,8,75.2965
55,8,6,75.2965
56,6,53,407.809
57,53,6,407.809
58,6,59,154.433
59,59,6,154.433
60,6,97,107.87
61,97,6,107.87
62,6,194,154.433
63,194,6,154.433
64,6,251,117.426
65,251,6,117.426
66,6,259,30
67,259,6,30
68,6,262,42.4264
69,262,6,42.4264
70,6,265,42.4264
71,265,6,42.4264
72,6,276,90
73,276,6,90
74,6,285,117.119
75,285,6,117.119
76,6,296,507.207
77,296,6,507.207
78,6,314,133.333
79,314,6,133.333
80,6,343,313.646
81,343,6,313.646
82,6,376,182.857
83,376,6,182.857
84,6,388,123.693
85,388,6,123.693
86,6,390,107.87
87,390,6,107.87
88,6,399,154.433
89,399,6,154.433
90,6,439,296.946
91,439,6,296.946
92,6,449,509.15
93,449,6,509.15
94,6,451,127.279
95,451,6,127.279
96,6,459,107.87
97,459,6,107.87
98,6,480,94.2807
99,480,6,94.2807
100,6,481,596.708
101,481,6,596.708
102,6,499,270
103,499,6,270
104,6,529,388.213
105,529,6,388.213
106,6,546,182.857
107,546,6,182.857
108,6,547,174.418
109,547,6,174.418
110,6,561,66.4111
111,561,6,66.4111
112,6,609,88.0675
113,609,6,88.0675
114,6,648,107.87
115,648,6,107.87
116,6,667,229.468
117,667,6,229.468
118,6,688,938.366
119,688,6,938.366
120,6,711,42.4264
121,711,6,42.4264
122,6,735,59.762
123,735,6,59.762
124,6,749,182.857
125,749,6,182.857
126,6,765,282.644
127,765,6,282.644
128,6,766,210
129,766,6,210
130,6,769,569.15
131,769,6,569.15
132,6,771,117.48
133,771,6,117.48
134,6,772,154.433
135,772,6,154.433
136,6,791,329.558
137,791,6,329.558
138,6,797,75.2965
139,797,6,75.2965
140,6,803,30
141,803,6,30
142,6,807,66.4111
143,807,6,66.4111
144,6,815,154.433
145,815,6,154.433
146,6,816,121.411
147,816,6,121.411
148,6,830,253.364
149,830,6,253.364
150,6,833,282.546
151,833,6,282.546
152,6,839,117.426
153,839,6,117.426
154,6,846,88.0675
155,846,6,88.0675
156,6,849,546.62
157,849,6,546.62
158,6,859,517.982
159,859,6,517.982
160,6,893,121.485
161,893,6,121.485
162,6,901,192.426
163,901,6,192.426
164,6,911,293.787
165,911,6,293.787
166,6,913,657.941
167,913,6,657.941
168,6,915,187.892
169,915,6,187.892
170,6,926,517.692
171,926,6,517.692
172,6,930,60
173,930,6,60
174,6,934,455.554
175,934,6,455.554
176,6,944,276.532
177,944,6,276.532
178,6,1009,117.48
179,1009,6,117.48
180,6,1011,488.122
181,1011,6,488.122
182,6,1036,235.551
183,1036,6,235.551
184,6,1064,133.333
185,1064,6,133.333
186,6,1081,257.822
187,1081,6,257.822
188,6,1129,149.834
189,1129,6,149.834
190,6,1142,93.303
191,1142,6,93.303
192,6,1153,205.787
193,1153,6,205.787
194,6,1161,93.303
195,1161,6,93.303
196,6,1175,42.4264
197,1175,6,42.4264
198,6,1176,59.762
199,1176,6,59.762
200,6,1194,120
201,1194,6,120
202,6,1214,254.558
203,1214,6,254.558
204,6,1217,30
205,1217,6,30
206,6,1320,386.514
207,1320,6,386.514
208,6,1322,84.8528
209,1322,6,84.8528
210,6,1327,1588.4
211,1327,6,1588.4
212,6,1335,381.971
213,1335,6,381.971
214,6,1347,341.987
215,1347,6,341.987
216,6,1348,154.433
217,1348,6,154.433
218,6,1353,457.402
219,1353,6,457.402
220,6,1356,201.19
221,1356,6,201.19
222,6,1382,524.786
223,1382,6,524.786
224,6,1384,160.187
225,1384,6,160.187
226,6,1431,357.887
227,1431,6,357.887
228,6,1450,30
229,1450,6,30
230,6,1451,261.635
231,1451,6,261.635
232,6,1457,42.4264
233,1457,6,42.4264
234,6,1471,66.4111
235,1471,6,66.4111
236,6,1472,450.443
237,1472,6,450.443
238,6,1473,293.787
239,1473,6,293.787
240,6,1526,88.0675
241,1526,6,88.0675
242,6,1557,499.712
243,1557,6,499.712
244,6,1588,744.461
245,1588,6,744.461
246,6,1597,651.081
247,1597,6,651.081
248,6,1655,742.757
249,1655,6,742.757
250,6,1699,228.094
251,1699,6,228.094
252,6,1723,127.279
253,1723,6,127.279
254,6,1746,59.762
255,1746,6,59.762
256,6,1783,160.187
257,1783,6,160.187
258,6,1784,133.333
259,1784,6,133.333
260,6,1822,174.418
261,1822,6,174.418
262,6,1873,677.449
263,1873,6,677.449
264,7,8,150
265,8,7,150
266,7,59,388.554
267,59,7,388.554
268,7,97,66.4111
269,97,7,66.4111
270,8,9,366.947
271,9,8,366.947
272,8,53,307.054
273,53,8,307.054
274,8,97,180
275,97,8,180
276,8,194,90
277,194,8,90
278,8,236,107.87
279,236,8,107.87
280,8,251,59.762
281,251,8,59.762
282,8,265,416.139
283,265,8,416.139
284,9,53,117.426
285,53,9,117.426
286,10,11,302.857
287,11,10,302.857
288,10,53,193.646
289,53,10,193.646
290,10,123,410.704
291,123,10,410.704
292,11,67,42.4264
293,67,11,42.4264
294,11,89,257.822
295,89,11,257.822
296,11,123,305.676
297,123,11,305.676
298,11,131,331.304
299,131,11,331.304
300,11,195,90
301,195,11,90
302,11,200,609.719
303,200,11,609.719
304,11,222,227.187
305,222,11,227.187
306,11,290,450
307,290,11,450
308,11,316,551.872
309,316,11,551.872
310,11,345,349.291
311,345,11,349.291
312,11,355,582.164
313,355,11,582.164
314,12,67,711.531
315,67,12,711.531
316,12,75,978.532
317,75,12,978.532
318,12,89,335.353
319,89,12,335.353
320,13,14,254.68
321,14,13,254.68
322,13,75,93.303
323,75,13,93.303
324,14,75,240
325,75,14,240
326,14,76,180
327,76,14,180
328,14,81,260.684
329,81,14,260.684
330,14,98,59.762
331,98,14,59.762
332,14,112,619.712
333,112,14,619.712
334,15,75,59.762
335,75,15,59.762
336,16,17,107.87
337,17,16,107.87
338,16,18,42.4264
339,18,16,42.4264
340,16,75,159.686
341,75,16,159.686
342,16,147,90
343,147,16,90
344,16,160,211.682
345,160,16,211.682
346,16,223,150
347,223,16,150
348,16,239,1215.01
349,239,16,1215.01
350,16,253,375.123
351,253,16,375.123
352,16,260,200.344
353,260,16,200.344
354,16,300,426.646
355,300,16,426.646
356,17,18,88.0675
357,18,17,88.0675
358,18,57,122.354
359,57,18,122.354
360,18,79,457.325
361,79,18,457.325
362,18,105,401.072
363,105,18,401.072
364,18,124,507.776
365,124,18,507.776
366,18,148,59.762
367,148,18,59.762
368,18,160,424.264
369,160,18,424.264
370,18,170,388.213
371,170,18,388.213
372,18,174,813.562
373,174,18,813.562
374,18,211,254.558
375,211,18,254.558
376,18,239,90
377,239,18,90
378,18,240,399.892
379,240,18,399.892
380,18,295,42.4264
381,295,18,42.4264
382,18,373,460.824
383,373,18,460.824
384,18,392,1137.95
385,392,18,1137.95
386,19,20,154.433
387,20,19,154.433
388,19,69,169.706
389,69,19,169.706
390,19,124,450.146
391,124,19,450.146
392,20,51,222.362
393,51,20,222.362
394,21,22,729.735
395,22,21,729.735
396,21,72,120.869
397,72,21,120.869
398,21,85,42.4264
399,85,21,42.4264
400,21,88,658.907
401,88,21,658.907
402,21,113,434.554
403,113,21,434.554
404,21,167,730.461
405,167,21,730.461
406,22,64,1128.9
407,64,22,1128.9
408,22,88,664.607
409,88,22,664.607
410,22,161,1450.82
411,161,22,1450.82
412,23,64,703.609
413,64,23,703.609
414,23,114,149.834
415,114,23,149.834
416,23,117,355.032
417,117,23,355.032
418,23,135,42.4264
419,135,23,42.4264
420,24,47,683.951
421,47,24,683.951
422,24,115,738.043
423,115,24,738.043
424,24,118,1072.65
425,118,24,1072.65
426,25,65,407.809
427,65,25,407.809
428,25,90,547.255
429,90,25,547.255
430,26,27,120
431,27,26,120
432,26,28,390.912
433,28,26,390.912
434,26,90,378.565
435,90,26,378.565
436,27,28,510
437,28,27,510
438,27,48,627.45
439,48,27,627.45
440,28,29,60
441,29,28,60
442,28,48,42.4264
443,48,28,42.4264
444,28,65,274.759
445,65,28,274.759
446,28,94,205.787
447,94,28,205.787
448,28,179,93.303
449,179,28,93.303
450,28,190,166.874
451,190,28,166.874
452,28,208,408.044
453,208,28,408.044
454,28,213,361.279
455,213,28,361.279
456,28,238,30
457,238,28,30
458,28,241,146.514
459,241,28,146.514
460,28,277,88.0675
461,277,28,88.0675
462,28,334,93.303
463,334,28,93.303
464,28,403,107.87
465,403,28,107.87
466,28,408,42.4264
467,408,28,42.4264
468,28,440,305.676
469,440,28,305.676
470,29,30,212
471,30,29,212
472,29,94,498.853
473,94,29,498.853
474,29,106,732.088
475,106,29,732.088
476,29,190,2016.08
477,190,29,2016.08
478,29,216,390
479,216,29,390
480,29,233,1187.27
481,233,29,1187.27
482,29,256,90
483,256,29,90
484,30,31,42.4264
485,31,30,42.4264
486,30,106,693.887
487,106,30,693.887
488,31,106,575.4
489,106,31,575.4
490,31,163,283.124
491,163,31,283.124
492,31,199,3938.81
493,199,31,3938.81
494,32,33,745.502
495,33,32,745.502
496,32,95,4300.57
497,95,32,4300.57
498,32,104,3722.92
499,104,32,3722.92
500,32,203,2862.15
501,203,32,2862.15
502,33,34,1227.63
503,34,33,1227.63
504,33,132,717.476
505,132,33,717.476
506,34,132,490.829
507,132,34,490.829
508,34,139,2111.41
509,139,34,2111.41
510,35,36,979.982
511,36,35,979.982
512,35,86,357.887
513,86,35,357.887
514,35,173,1170.01
515,173,35,1170.01
516,36,63,651.18
517,63,36,651.18
518,36,86,33.541
519,86,36,33.541
520,37,63,224.975
521,63,37,224.975
522,37,100,623.048
523,100,37,623.048
524,37,121,945.003
525,121,37,945.003
526,38,39,679.961
527,39,38,679.961
528,38,74,191.987
529,74,38,191.987
530,38,122,1392.58
531,122,38,1392.58
532,38,176,1396.23
533,176,38,1396.23
534,39,122,937.924
535,122,39,937.924
536,40,58,154.433
537,58,40,154.433
538,40,71,556.077
539,71,40,556.077
540,41,42,193.646
541,42,41,193.646
542,41,49,426.905
543,49,41,426.905
544,41,92,149.623
545,92,41,149.623
546,41,108,1296.58
547,108,41,1296.58
548,42,46,345.763
549,46,42,345.763
550,42,92,480.937
551,92,42,480.937
552,44,125,445.162
553,125,44,445.162
554,44,139,4396.09
555,139,44,4396.09
556,45,55,410.704
557,55,45,410.704
558,45,80,1509.02
559,80,45,1509.02
560,46,66,312.631
561,66,46,312.631
562,47,115,180
563,115,47,180
564,49,71,601.695
565,71,49,601.695
566,49,108,364.902
567,108,49,364.902
568,49,122,210
569,122,49,210
570,49,127,280.944
571,127,49,280.944
572,49,187,1107.42
573,187,49,1107.42
574,49,193,88.0675
575,193,49,88.0675
576,49,206,90
577,206,49,90
578,49,235,2369.98
579,235,49,2369.98
580,49,283,1504.96
581,283,49,1504.96
582,50,75,150
583,75,50,150
584,51,68,210
585,68,51,210
586,52,82,306.418
587,82,52,306.418
588,53,123,295.215
589,123,53,295.215
590,53,195,619.601
591,195,53,619.601
592,53,245,88.0675
593,245,53,88.0675
594,53,268,133.333
595,268,53,133.333
596,53,285,200.344
597,285,53,200.344
598,53,286,670.26
599,286,53,670.26
600,54,91,365.907
601,91,54,365.907
602,54,99,882.038
603,99,54,882.038
604,54,107,401.212
605,107,54,401.212
606,55,110,3569.38
607,110,55,3569.38
608,55,116,94.2807
609,116,55,94.2807
610,55,130,321.587
611,130,55,321.587
612,55,339,4861.57
613,339,55,4861.57
614,56,61,897.861
615,61,56,897.861
616,56,83,227.397
617,83,56,227.397
618,58,71,628.67
619,71,58,628.67
620,58,122,1054.79
621,122,58,1054.79
622,58,127,1014.46
623,127,58,1014.46
624,60,109,3442.46
625,109,60,3442.46
626,60,199,3958.07
627,199,60,3958.07
628,60,367,5240.54
629,367,60,5240.54
630,60,409,5349.32
631,409,60,5349.32
632,61,99,294.225
633,99,61,294.225
634,61,133,133.333
635,133,61,133.333
636,62,91,2012.78
637,91,62,2012.78
638,62,102,756.706
639,102,62,756.706
640,63,100,712.652
641,100,63,712.652
642,64,114,435.046
643,114,64,435.046
644,65,73,1192.96
645,73,65,1192.96
646,65,90,451.195
647,90,65,451.195
648,65,129,270.051
649,129,65,270.051
650,65,192,685.21
651,192,65,685.21
652,65,230,154.433
653,230,65,154.433
654,65,238,182.936
655,238,65,182.936
656,65,273,1157.93
657,273,65,1157.93
658,65,277,217.895
659,277,65,217.895
660,65,297,30
661,297,65,30
662,65,331,561.463
663,331,65,561.463
664,65,377,126.646
665,377,65,126.646
666,65,429,66.4111
667,429,65,66.4111
668,65,440,93.303
669,440,65,93.303
670,65,442,90
671,442,65,90
672,65,448,90
673,448,65,90
674,65,508,300.438
675,508,65,300.438
676,65,527,255.463
677,527,65,255.463
678,65,719,1890.78
679,719,65,1890.78
680,66,138,150
681,138,66,150
682,67,89,426.284
683,89,67,426.284
684,68,77,42.4264
685,77,68,42.4264
686,68,87,117.119
687,87,68,117.119
688,68,128,454.433
689,128,68,454.433
690,69,79,1889.07
691,79,69,1889.07
692,69,105,401.212
693,105,69,401.212
694,69,124,604.777
695,124,69,604.777
696,70,103,1489.04
697,103,70,1489.04
698,70,150,2159.86
699,150,70,2159.86
700,71,127,816.18
701,127,71,816.18
702,72,77,1044.21
703,77,72,1044.21
704,72,167,786.108
705,167,72,786.108
706,72,171,507.207
707,171,72,507.207
708,73,129,740.412
709,129,73,740.412
710,73,149,885.173
711,149,73,885.173
712,74,121,375.969
713,121,74,375.969
714,74,140,271.894
715,140,74,271.894
716,74,141,591.692
717,141,74,591.692
718,75,81,59.762
719,81,75,59.762
720,75,93,42.4264
721,93,75,42.4264
722,75,98,150
723,98,75,150
724,75,112,542.151
725,112,75,542.151
726,75,131,42.4264
727,131,75,42.4264
728,75,142,241.23
729,142,75,241.23
730,75,143,276.532
731,143,75,276.532
732,75,147,596.013
733,147,75,596.013
734,75,151,107.87
735,151,75,107.87
736,75,152,733.592
737,152,75,733.592
738,75,169,88.0675
739,169,75,88.0675
740,75,177,249.249
741,177,75,249.249
742,75,178,59.762
743,178,75,59.762
744,75,196,127.279
745,196,75,127.279
746,75,201,441.638
747,201,75,441.638
748,75,217,1506.8
749,217,75,1506.8
750,75,220,1255.99
751,220,75,1255.99
752,75,223,538.564
753,223,75,538.564
754,75,224,541.042
755,224,75,541.042
756,75,244,296.985
757,244,75,296.985
758,75,246,240.773
759,246,75,240.773
760,75,253,90
761,253,75,90
762,75,263,120
763,263,75,120
764,75,282,495.409
765,282,75,495.409
766,75,287,59.762
767,287,75,59.762
768,75,299,549.996
769,299,75,549.996
770,75,311,407.809
771,311,75,407.809
772,75,328,1147.83
773,328,75,1147.83
774,75,337,712.019
775,337,75,712.019
776,75,346,457.402
777,346,75,457.402
778,75,352,143.787
779,352,75,143.787
780,75,370,321.587
781,370,75,321.587
782,75,400,405.8
783,400,75,405.8
784,75,453,174.418
785,453,75,174.418
786,75,490,474.027
787,490,75,474.027
788,75,519,216.717
789,519,75,216.717
790,75,522,341.907
791,522,75,341.907
792,75,554,498.187
793,554,75,498.187
794,75,562,42.4264
795,562,75,42.4264
796,75,649,191.987
797,649,75,191.987
798,75,652,240.773
799,652,75,240.773
800,75,725,146.514
801,725,75,146.514
802,75,750,90
803,750,75,90
804,75,763,42.4264
805,763,75,42.4264
806,75,782,225.296
807,782,75,225.296
808,75,808,240.773
809,808,75,240.773
810,75,822,268.029
811,822,75,268.029
812,75,831,631.564
813,831,75,631.564
814,76,81,341.907
815,81,76,341.907
816,76,112,401.505
817,112,76,401.505
818,77,171,93.303
819,171,77,93.303
820,78,103,1260
821,103,78,1260
822,78,120,265.572
823,120,78,265.572
824,78,150,936.103
825,150,78,936.103
826,79,105,1152.44
827,105,79,1152.44
828,79,148,1063.98
829,148,79,1063.98
830,79,153,925.645
831,153,79,925.645
832,80,84,397.772
833,84,80,397.772
834,81,112,59.762
835,112,81,59.762
836,83,111,321.587
837,111,83,321.587
838,83,144,751.174
839,144,83,751.174
840,83,182,428.241
841,182,83,428.241
842,84,110,126.646
843,110,84,126.646
844,85,113,283.907
845,113,85,283.907
846,86,173,1181.82
847,173,86,1181.82
848,87,134,306.418
849,134,87,306.418
850,88,113,212.132
851,113,88,212.132
852,88,161,1403.17
853,161,88,1403.17
854,88,175,915.593
855,175,88,915.593
856,89,131,59.762
857,131,89,59.762
858,91,107,86.221
859,107,91,86.221
860,92,156,1477.13
861,156,92,1477.13
862,92,168,1392.38
863,168,92,1392.38
864,92,187,1141.18
865,187,92,1141.18
866,93,151,211.682
867,151,93,211.682
868,95,104,339.411
869,104,95,339.411
870,95,155,649.004
871,155,95,649.004
872,96,102,121.411
873,102,96,121.411
874,96,164,401.212
875,164,96,401.212
876,98,112,564.556
877,112,98,564.556
878,98,152,66.4111
879,152,98,66.4111
880,99,107,575.975
881,107,99,575.975
882,99,133,388.213
883,133,99,388.213
884,99,271,2407.04
885,271,99,2407.04
886,100,121,729.05
887,121,100,729.05
888,101,188,30
889,188,101,30
890,101,215,390
891,215,101,390
892,102,164,169.706
893,164,102,169.706
894,103,150,665.304
895,150,103,665.304
896,104,155,542.039
897,155,104,542.039
898,104,248,3302.37
899,248,104,3302.37
900,104,455,5921.61
901,455,104,5921.61
902,105,124,386.616
903,124,105,386.616
904,105,148,93.303
905,148,105,93.303
906,106,181,107.87
907,181,106,107.87
908,107,255,2256.55
909,255,107,2256.55
910,108,156,226.165
911,156,108,226.165
912,108,187,973.076
913,187,108,973.076
914,109,120,5391.51
915,120,109,5391.51
916,109,158,5201.62
917,158,109,5201.62
918,109,367,3977.67
919,367,109,3977.67
920,109,462,5811.06
921,462,109,5811.06
922,110,182,1889.29
923,182,110,1889.29
924,110,339,3671.12
925,339,110,3671.12
926,111,144,904.284
927,144,111,904.284
928,112,152,515.873
929,152,112,515.873
930,112,177,556.077
931,177,112,556.077
932,113,154,33.541
933,154,113,33.541
934,113,167,59.762
935,167,113,59.762
936,113,254,224.975
937,254,113,224.975
938,114,135,207.887
939,135,114,207.887
940,114,180,723.683
941,180,114,723.683
942,115,117,183
943,117,115,183
944,115,137,271.173
945,137,115,271.173
946,115,145,798.752
947,145,115,798.752
948,115,172,174.418
949,172,115,174.418
950,115,183,477.426
951,183,115,477.426
952,115,212,479.251
953,212,115,479.251
954,115,227,419.834
955,227,115,419.834
956,115,247,1857.31
957,247,115,1857.31
958,115,303,150
959,303,115,150
960,115,333,160.646
961,333,115,160.646
962,115,360,471.251
963,360,115,471.251
964,116,126,88.0675
965,126,116,88.0675
966,117,135,412.013
967,135,117,412.013
968,117,137,90
969,137,117,90
970,118,145,152.727
971,145,118,152.727
972,119,149,759.404
973,149,119,759.404
974,119,165,249.249
975,165,119,249.249
976,119,202,911.465
977,202,119,911.465
978,120,150,1369.56
979,150,120,1369.56
980,120,158,680.843
981,158,120,680.843
982,121,261,1992.63
983,261,121,1992.63
984,122,127,1005.34
985,127,122,1005.34
986,122,176,1531.24
987,176,122,1531.24
988,122,235,677.567
989,235,122,677.567
990,123,195,325.226
991,195,123,325.226
992,124,136,59.762
993,136,124,59.762
994,124,174,346.731
995,174,124,346.731
996,125,126,90
997,126,125,90
998,126,146,1811.38
999,146,126,1811.38
1000,126,292,2444.97
1001,292,126,2444.97
1002,126,305,872.009
1003,305,126,872.009
1004,126,348,331.304
1005,348,126,331.304
1006,128,134,60
1007,134,128,60
1008,128,171,846.849
1009,171,128,846.849
1010,129,157,235.551
1011,157,129,235.551
1012,129,192,254.858
1013,192,129,254.858
1014,130,292,2594.69
1015,292,130,2594.69
1016,130,339,4691.17
1017,339,130,4691.17
1018,131,151,445.96
1019,151,131,445.96
1020,131,200,335.188
1021,200,131,335.188
1022,132,139,1655.61
1023,139,132,1655.61
1024,132,166,88.0675
1025,166,132,88.0675
1026,132,221,576.986
1027,221,132,576.986
1028,132,231,1293.76
1029,231,132,1293.76
1030,133,144,594.071
1031,144,133,594.071
1032,134,136,90
1033,136,134,90
1034,134,174,221.515
1035,174,134,221.515
1036,134,207,221.183
1037,207,134,221.183
1038,135,137,347.878
1039,137,135,347.878
1040,135,183,281.857
1041,183,135,281.857
1042,136,174,312.86
1043,174,136,312.86
1044,137,172,507.328
1045,172,137,507.328
1046,137,183,540.45
1047,183,137,540.45
1048,137,212,640.369
1049,212,137,640.369
1050,138,168,616.183
1051,168,138,616.183
1052,138,279,1110.45
1053,279,138,1110.45
1054,139,146,1425.91
1055,146,139,1425.91
1056,139,232,2015.65
1057,232,139,2015.65
1058,139,275,2034.46
1059,275,139,2034.46
1060,140,141,59.762
1061,141,140,59.762
1062,140,162,93.303
1063,162,140,93.303
1064,140,261,2278.62
1065,261,140,2278.62
1066,141,162,150
1067,162,141,150
1068,141,176,788.572
1069,176,141,788.572
1070,142,143,107.87
1071,143,142,107.87
1072,142,169,227.187
1073,169,142,227.187
1074,142,198,212.132
1075,198,142,212.132
1076,142,217,390
1077,217,142,390
1078,142,244,928.064
1079,244,142,928.064
1080,143,198,270
1081,198,143,270
1082,143,220,761.827
1083,220,143,761.827
1084,144,191,107.87
1085,191,144,107.87
1086,144,204,507.207
1087,204,144,507.207
1088,145,247,1841.03
1089,247,145,1841.03
1090,146,305,2826.63
1091,305,146,2826.63
1092,148,153,59.762
1093,153,148,59.762
1094,149,157,117.48
1095,157,149,117.48
1096,149,202,608.465
1097,202,149,608.465
1098,150,158,1600.68
1099,158,150,1600.68
1100,150,462,7335.45
1101,462,150,7335.45
1102,150,854,23486.7
1103,854,150,23486.7
1104,151,200,1019.12
1105,200,151,1019.12
1106,151,217,1430.39
1107,217,151,1430.39
1108,151,252,1456.2
1109,252,151,1456.2
1110,152,177,277.694
1111,177,152,277.694
1112,155,455,4738.1
1113,455,155,4738.1
1114,155,556,9264.31
1115,556,155,9264.31
1116,156,187,420
1117,187,156,420
1118,157,192,424.264
1119,192,157,424.264
1120,157,202,537.023
1121,202,157,537.023
1122,158,462,6522.33
1123,462,158,6522.33
1124,159,189,265.366
1125,189,159,265.366
1126,160,170,294.225
1127,170,160,294.225
1128,160,239,629.554
1129,239,160,629.554
1130,161,175,1087.94
1131,175,161,1087.94
1132,161,180,42.4264
1133,180,161,42.4264
1134,161,225,443.787
1135,225,161,443.787
1136,161,226,90
1137,226,161,90
1138,162,176,308.15
1139,176,162,308.15
1140,162,186,210
1141,186,162,210
1142,163,250,1675.98
1143,250,163,1675.98
1144,164,184,210
1145,184,164,210
1146,164,205,2323.57
1147,205,164,2323.57
1148,164,234,1021.69
1149,234,164,1021.69
1150,165,197,211.682
1151,197,165,211.682
1152,165,202,546.62
1153,202,165,546.62
1154,165,228,161.119
1155,228,165,161.119
1156,166,221,522.735
1157,221,166,522.735
1158,166,232,902.26
1159,232,166,902.26
1160,167,171,365.907
1161,171,167,365.907
1162,167,237,273.541
1163,237,167,273.541
1164,167,249,849.74
1165,249,167,849.74
1166,167,254,602.993
1167,254,167,602.993
1168,168,187,114.083
1169,187,168,114.083
1170,170,239,763.705
1171,239,170,763.705
1172,171,207,1307.79
1173,207,171,1307.79
1174,172,212,417.803
1175,212,172,417.803
1176,172,227,499.022
1177,227,172,499.022
1178,173,205,59.762
1179,205,173,59.762
1180,173,209,300.926
1181,209,173,300.926
1182,174,207,162.298
1183,207,174,162.298
1184,174,211,322.125
1185,211,174,322.125
1186,174,218,298.492
1187,218,174,298.492
1188,175,254,42.4264
1189,254,175,42.4264
1190,176,186,90
1191,186,176,90
1192,176,298,1458.54
1193,298,176,1458.54
1194,177,196,403.582
1195,196,177,403.582
1196,178,201,477.439
1197,201,178,477.439
1198,179,238,574.423
1199,238,179,574.423
1200,180,219,187.892
1201,219,180,187.892
1202,181,256,318.863
1203,256,181,318.863
1204,182,229,958.296
1205,229,182,958.296
1206,182,266,925.837
1207,266,182,925.837
1208,183,212,477.439
1209,212,183,477.439
1210,183,219,687.677
1211,219,183,687.677
1212,183,291,784.607
1213,291,183,784.607
1214,184,234,1214.5
1215,234,184,1214.5
1216,184,255,966.543
1217,255,184,966.543
1218,184,267,744.275
1219,267,184,744.275
1220,185,215,455.353
1221,215,185,455.353
1222,185,259,870.028
1223,259,185,870.028
1224,186,340,1963.9
1225,340,186,1963.9
1226,187,193,1052.69
1227,193,187,1052.69
1228,187,243,978.879
1229,243,187,978.879
1230,187,279,371.677
1231,279,187,371.677
1232,187,284,180
1233,284,187,180
1234,187,289,126.646
1235,289,187,126.646
1236,187,335,207.887
1237,335,187,207.887
1238,187,357,908.595
1239,357,187,908.595
1240,188,215,468.535
1241,215,188,468.535
1242,189,210,117.119
1243,210,189,117.119
1244,189,258,66.4111
1245,258,189,66.4111
1246,189,294,407.809
1247,294,189,407.809
1248,189,302,270
1249,302,189,270
1250,190,208,240.773
1251,208,190,240.773
1252,191,204,433.75
1253,204,191,433.75
1254,191,229,378.759
1255,229,191,378.759
1256,192,202,187.892
1257,202,192,187.892
1258,193,206,66.4111
1259,206,193,66.4111
1260,194,236,90
1261,236,194,90
1262,194,262,361.23
1263,262,194,361.23
1264,195,268,291.037
1265,268,195,291.037
1266,195,316,823.201
1267,316,195,823.201
1268,197,228,205.787
1269,228,197,205.787
1270,197,247,851.615
1271,247,197,851.615
1272,198,217,107.87
1273,217,198,107.87
1274,198,220,299.813
1275,220,198,299.813
1276,199,257,266.897
1277,257,199,266.897
1278,199,409,4879.48
1279,409,199,4879.48
1280,200,222,182.857
1281,222,200,182.857
1282,200,252,364.452
1283,252,200,364.452
1284,201,224,210
1285,224,201,210
1286,201,282,442.127
1287,282,201,442.127
1288,201,328,657.128
1289,328,201,657.128
1290,202,264,573.332
1291,264,202,573.332
1292,202,273,404.119
1293,273,202,404.119
1294,202,306,330
1295,306,202,330
1296,203,214,540.021
1297,214,203,540.021
1298,203,248,773.826
1299,248,203,773.826
1300,204,326,2460.81
1301,326,204,2460.81
1302,205,209,150
1303,209,205,150
1304,205,278,844.725
1305,278,205,844.725
1306,205,280,661.383
1307,280,205,661.383
1308,206,243,396.806
1309,243,206,396.806
1310,207,218,94.2807
1311,218,207,94.2807
1312,207,240,193.646
1313,240,207,193.646
1314,207,249,766.766
1315,249,207,766.766
1316,207,281,815.32
1317,281,207,815.32
1318,208,213,182.857
1319,213,208,182.857
1320,209,261,2167.23
1321,261,209,2167.23
1322,209,280,282.644
1323,280,209,282.644
1324,210,294,990.927
1325,294,210,990.927
1326,211,218,249.249
1327,218,211,249.249
1328,211,240,267.119
1329,240,211,267.119
1330,212,227,416.977
1331,227,212,416.977
1332,213,241,42.4264
1333,241,213,42.4264
1334,213,304,684.439
1335,304,213,684.439
1336,213,307,288.075
1337,307,213,288.075
1338,214,231,434.928
1339,231,214,434.928
1340,214,270,611.882
1341,270,214,611.882
1342,215,259,453.549
1343,259,215,453.549
1344,215,296,657.128
1345,296,215,657.128
1346,215,327,430.053
1347,327,215,430.053
1348,215,343,626.573
1349,343,215,626.573
1350,216,233,66.4111
1351,233,216,66.4111
1352,216,256,321.587
1353,256,216,321.587
1354,216,269,233.401
1355,269,216,233.401
1356,216,274,30
1357,274,216,30
1358,217,220,107.87
1359,220,217,107.87
1360,217,244,477.413
1361,244,217,477.413
1362,217,252,187.892
1363,252,217,187.892
1364,217,310,449.805
1365,310,217,449.805
1366,217,341,335.353
1367,341,217,335.353
1368,217,349,629.554
1369,349,217,629.554
1370,221,231,639.297
1371,231,221,639.297
1372,221,356,2167.51
1373,356,221,2167.51
1374,222,252,240.773
1375,252,222,240.773
1376,222,290,90
1377,290,222,90
1378,223,253,59.762
1379,253,223,59.762
1380,224,263,354.987
1381,263,224,354.987
1382,224,282,509.15
1383,282,224,509.15
1384,225,226,483.321
1385,226,225,483.321
1386,225,254,715.175
1387,254,225,715.175
1388,225,319,672.067
1389,319,225,672.067
1390,225,325,649.926
1391,325,225,649.926
1392,226,291,670.847
1393,291,226,670.847
1394,226,319,445.96
1395,319,226,445.96
1396,226,325,501.77
1397,325,226,501.77
1398,226,344,699.117
1399,344,226,699.117
1400,226,381,221.515
1401,381,226,221.515
1402,228,247,665.086
1403,247,228,665.086
1404,228,264,361.932
1405,264,228,361.932
1406,229,266,590.917
1407,266,229,590.917
1408,229,326,2574.64
1409,326,229,2574.64
1410,231,270,500.357
1411,270,231,500.357
1412,231,315,916.162
1413,315,231,916.162
1414,232,275,191.987
1415,275,232,191.987
1416,232,356,884.152
1417,356,232,884.152
1418,233,269,300
1419,269,233,300
1420,234,267,1495.96
1421,267,234,1495.96
1422,234,278,374.154
1423,278,234,374.154
1424,235,242,99.9521
1425,242,235,99.9521
1426,235,283,1790.13
1427,283,235,1790.13
1428,235,298,1047.78
1429,298,235,1047.78
1430,235,351,1636.46
1431,351,235,1636.46
1432,235,406,1853.53
1433,406,235,1853.53
1434,235,463,2589.72
1435,463,235,2589.72
1436,236,265,210
1437,265,236,210
1438,237,254,127.279
1439,254,237,127.279
1440,239,253,117.426
1441,253,239,117.426
1442,239,300,1275.53
1443,300,239,1275.53
1444,239,354,255.296
1445,354,239,255.296
1446,239,373,42.4264
1447,373,239,42.4264
1448,239,422,348.473
1449,422,239,348.473
1450,239,510,751.992
1451,510,239,751.992
1452,240,295,391.266
1453,295,240,391.266
1454,242,298,1048.48
1455,298,242,1048.48
1456,243,283,235.551
1457,283,243,235.551
1458,244,246,150
1459,246,244,150
1460,244,310,254.558
1461,310,244,254.558
1462,245,285,126.646
1463,285,245,126.646
1464,245,286,442.127
1465,286,245,442.127
1466,246,310,416.139
1467,310,246,416.139
1468,246,395,1226.69
1469,395,246,1226.69
1470,247,333,1287.81
1471,333,247,1287.81
1472,248,270,759.358
1473,270,248,759.358
1474,248,332,788.553
1475,332,248,788.553
1476,248,455,3697.9
1477,455,248,3697.9
1478,249,281,156.354
1479,281,249,156.354
1480,250,257,866.879
1481,257,250,866.879
1482,250,396,1424.85
1483,396,250,1424.85
1484,250,409,5976.51
1485,409,250,5976.51
1486,252,290,240.773
1487,290,252,240.773
1488,252,336,341.907
1489,336,252,341.907
1490,252,349,618.36
1491,349,252,618.36
1492,252,372,546.62
1493,372,252,546.62
1494,253,260,390
1495,260,253,390
1496,253,282,809.235
1497,282,253,809.235
1498,253,299,294.225
1499,299,253,294.225
1500,253,300,546.62
1501,300,253,546.62
1502,253,328,265.366
1503,328,253,265.366
1504,253,337,150
1505,337,253,150
1506,253,347,160.187
1507,347,253,160.187
1508,253,436,59.762
1509,436,253,59.762
1510,253,437,210
1511,437,253,210
1512,253,453,60
1513,453,253,60
1514,253,484,267.385
1515,484,253,267.385
1516,253,490,249.249
1517,490,253,249.249
1518,254,295,1341.16
1519,295,254,1341.16
1520,254,319,90
1521,319,254,90
1522,254,324,1594.4
1523,324,254,1594.4
1524,254,433,224.975
1525,433,254,224.975
1526,254,454,428.341
1527,454,254,428.341
1528,255,267,468.574
1529,267,255,468.574
1530,255,271,1734.3
1531,271,255,1734.3
1532,255,288,1675.79
1533,288,255,1675.79
1534,256,274,121.411
1535,274,256,121.411
1536,256,301,88.0675
1537,301,256,88.0675
1538,256,396,2701.6
1539,396,256,2701.6
1540,258,302,468.535
1541,302,258,468.535
1542,258,386,1244.02
1543,386,258,1244.02
1544,259,296,708.917
1545,296,259,708.917
1546,260,300,120
1547,300,260,120
1548,261,280,2111.75
1549,280,261,2111.75
1550,261,313,358.564
1551,313,261,358.564
1552,262,276,176.094
1553,276,262,176.094
1554,262,376,267.385
1555,376,262,267.385
1556,263,282,160.187
1557,282,263,160.187
1558,264,306,575.4
1559,306,264,575.4
1560,264,333,2564.23
1561,333,264,2564.23
1562,264,416,1532.06
1563,416,264,1532.06
1564,265,314,183.523
1565,314,265,183.523
1566,266,339,121.485
1567,339,266,121.485
1568,266,358,444.755
1569,358,266,444.755
1570,266,418,582.761
1571,418,266,582.761
1572,266,428,818.004
1573,428,266,818.004
1574,267,309,154.433
1575,309,267,154.433
1576,268,286,133.333
1577,286,268,133.333
1578,268,316,306.418
1579,316,268,306.418
1580,268,345,42.4264
1581,345,268,42.4264
1582,269,274,257.822
1583,274,269,257.822
1584,269,304,350.307
1585,304,269,350.307
1586,270,315,326.95
1587,315,270,326.95
1588,270,318,138.64
1589,318,270,138.64
1590,270,332,480.87
1591,332,270,480.87
1592,271,288,42.4264
1593,288,271,42.4264
1594,271,326,1039.67
1595,326,271,1039.67
1596,272,294,699.574
1597,294,272,699.574
1598,272,317,420.12
1599,317,272,420.12
1600,272,320,59.762
1601,320,272,59.762
1602,273,297,295.215
1603,297,273,295.215
1604,273,306,822.786
1605,306,273,822.786
1606,273,331,88.0675
1607,331,273,88.0675
1608,274,301,282.546
1609,301,274,282.546
1610,274,304,873.446
1611,304,274,873.446
1612,274,366,642.492
1613,366,274,642.492
1614,275,308,141.251
1615,308,275,141.251
1616,278,280,215.988
1617,280,278,215.988
1618,278,293,454.191
1619,293,278,454.191
1620,278,353,878.992
1621,353,278,878.992
1622,279,289,117.48
1623,289,279,117.48
1624,279,371,66.4111
1625,371,279,66.4111
1626,279,375,315.912
1627,375,279,315.912
1628,280,382,2250.09
1629,382,280,2250.09
1630,280,425,2336.91
1631,425,280,2336.91
1632,281,295,198.99
1633,295,281,198.99
1634,281,324,249.499
1635,324,281,249.499
1636,282,328,781.825
1637,328,282,781.825
1638,282,337,1103.9
1639,337,282,1103.9
1640,282,347,533.995
1641,347,282,533.995
1642,283,394,1215.36
1643,394,283,1215.36
1644,283,406,2088.96
1645,406,283,2088.96
1646,283,413,1828.49
1647,413,283,1828.49
1648,285,286,414.821
1649,286,285,414.821
1650,285,390,468.535
1651,390,285,468.535
1652,286,390,846.849
1653,390,286,846.849
1654,288,326,121.411
1655,326,288,121.411
1656,288,359,126.646
1657,359,288,126.646
1658,289,357,426.284
1659,357,289,426.284
1660,289,375,524.199
1661,375,289,524.199
1662,290,336,908.953
1663,336,290,908.953
1664,290,355,611.13
1665,355,290,611.13
1666,291,312,107.87
1667,312,291,107.87
1668,291,330,572.212
1669,330,291,572.212
1670,292,321,1942.43
1671,321,292,1942.43
1672,292,329,1185.27
1673,329,292,1185.27
1674,293,323,365.907
1675,323,293,365.907
1676,293,353,2266.56
1677,353,293,2266.56
1678,293,470,2953.18
1679,470,293,2953.18
1680,294,302,200.344
1681,302,294,200.344
1682,294,317,241.23
1683,317,294,241.23
1684,294,362,361.395
1685,362,294,361.395
1686,295,324,921.311
1687,324,295,921.311
1688,295,350,414.821
1689,350,295,414.821
1690,295,373,169.706
1691,373,295,169.706
1692,295,380,42.4264
1693,380,295,42.4264
1694,295,454,1194.02
1695,454,295,1194.02
1696,295,494,478.226
1697,494,295,478.226
1698,295,521,152.727
1699,521,295,152.727
1700,295,523,838.512
1701,523,295,838.512
1702,295,540,533.995
1703,540,295,533.995
1704,295,566,510.879
1705,566,295,510.879
1706,296,343,707.8
1707,343,296,707.8
1708,297,331,360
1709,331,297,360
1710,298,351,1021.24
1711,351,298,1021.24
1712,299,337,147.287
1713,337,299,147.287
1714,301,555,3562.79
1715,555,301,3562.79
1716,302,362,636.261
1717,362,302,636.261
1718,302,386,240.773
1719,386,302,240.773
1720,302,389,152.727
1721,389,302,152.727
1722,303,330,405.8
1723,330,303,405.8
1724,304,307,562.29
1725,307,304,562.29
1726,304,334,825.614
1727,334,304,825.614
1728,304,366,428.341
1729,366,304,428.341
1730,305,322,160.187
1731,322,305,160.187
1732,306,377,932.834
1733,377,306,932.834
1734,306,416,1334.78
1735,416,306,1334.78
1736,307,334,573.393
1737,334,307,573.393
1738,308,387,1365.08
1739,387,308,1365.08
1740,308,424,1631.31
1741,424,308,1631.31
1742,310,341,401.212
1743,341,310,401.212
1744,310,364,593.97
1745,364,310,593.97
1746,310,395,270
1747,395,310,270
1748,311,342,366.532
1749,342,311,366.532
1750,311,346,324.135
1751,346,311,324.135
1752,311,395,691.446
1753,395,311,691.446
1754,312,330,30
1755,330,312,30
1756,312,344,121.411
1757,344,312,121.411
1758,313,382,1000.16
1759,382,313,1000.16
1760,313,393,882.149
1761,393,313,882.149
1762,315,338,150
1763,338,315,150
1764,315,356,1867.46
1765,356,315,1867.46
1766,316,345,349.291
1767,345,316,349.291
1768,317,320,306.418
1769,320,317,306.418
1770,317,362,390
1771,362,317,390
1772,317,388,296.985
1773,388,317,296.985
1774,318,332,93.303
1775,332,318,93.303
1776,318,338,385.283
1777,338,318,385.283
1778,318,397,659.895
1779,397,318,659.895
1780,318,455,3333.36
1781,455,318,3333.36
1782,318,469,249.249
1783,469,318,249.249
1784,318,516,306.418
1785,516,318,306.418
1786,318,541,941.752
1787,541,318,941.752
1788,318,578,1123.63
1789,578,318,1123.63
1790,319,325,90
1791,325,319,90
1792,319,381,59.762
1793,381,319,59.762
1794,319,411,677.385
1795,411,319,677.385
1796,319,430,720.811
1797,430,319,720.811
1798,319,472,107.87
1799,472,319,107.87
1800,319,473,154.433
1801,473,319,154.433
1802,319,474,122.354
1803,474,319,122.354
1804,320,388,156.354
1805,388,320,156.354
1806,321,348,430.391
1807,348,321,430.391
1808,321,368,2352.77
1809,368,321,2352.77
1810,322,348,740.623
1811,348,322,740.623
1812,322,435,2342.36
1813,435,322,2342.36
1814,323,412,2162.82
1815,412,323,2162.82
1816,323,443,2159.94
1817,443,323,2159.94
1818,326,358,2764.49
1819,358,326,2764.49
1820,326,428,2481.3
1821,428,326,2481.3
1822,326,568,4193.61
1823,568,326,4193.61
1824,327,343,90
1825,343,327,90
1826,328,347,133.333
1827,347,328,133.333
1828,329,363,84.8528
1829,363,329,84.8528
1830,329,368,339.331
1831,368,329,339.331
1832,329,369,1302.35
1833,369,329,1302.35
1834,330,344,510
1835,344,330,510
1836,330,365,114.083
1837,365,330,114.083
1838,330,385,542.681
1839,385,330,542.681
1840,331,377,855.282
1841,377,331,855.282
1842,333,360,629.094
1843,360,333,629.094
1844,333,416,2724.16
1845,416,333,2724.16
1846,333,447,265.995
1847,447,333,265.995
1848,333,498,816.241
1849,498,333,816.241
1850,333,552,150
1851,552,333,150
1852,333,576,3899.68
1853,576,333,3899.68
1854,334,403,488.346
1855,403,334,488.346
1856,334,408,174.418
1857,408,334,174.418
1858,335,357,706.631
1859,357,335,706.631
1860,335,398,789.795
1861,398,335,789.795
1862,335,427,838.512
1863,427,335,838.512
1864,335,457,947.121
1865,457,335,947.121
1866,336,355,1252.73
1867,355,336,1252.73
1868,336,372,401.212
1869,372,336,401.212
1870,336,391,632.295
1871,391,336,632.295
1872,336,415,388.554
1873,415,336,388.554
1874,336,417,384.898
1875,417,336,384.898
1876,336,421,891.941
1877,421,336,891.941
1878,338,356,1805.26
1879,356,338,1805.26
1880,339,361,93.303
1881,361,339,93.303
1882,339,369,277.694
1883,369,339,277.694
1884,339,418,257.822
1885,418,339,257.822
1886,339,419,160.187
1887,419,339,160.187
1888,340,351,445.215
1889,351,340,445.215
1890,340,374,212.132
1891,374,340,212.132
1892,340,384,334.441
1893,384,340,334.441
1894,341,349,630
1895,349,341,630
1896,341,364,127.279
1897,364,341,127.279
1898,341,395,565.533
1899,395,341,565.533
1900,342,346,750
1901,346,342,750
1902,342,395,428.341
1903,395,342,428.341
1904,342,410,609.719
1905,410,342,609.719
1906,343,388,156.354
1907,388,343,156.354
1908,344,385,270
1909,385,344,270
1910,345,355,732.609
1911,355,345,732.609
1912,345,390,59.762
1913,390,345,59.762
1914,345,481,66.4111
1915,481,345,66.4111
1916,345,489,705.616
1917,489,345,705.616
1918,345,514,601.717
1919,514,345,601.717
1920,346,352,249.249
1921,352,346,249.249
1922,346,410,1230.37
1923,410,346,1230.37
1924,346,452,1559.21
1925,452,346,1559.21
1926,348,383,416.139
1927,383,348,416.139
1928,349,372,240.773
1929,372,349,240.773
1930,349,395,422.027
1931,395,349,422.027
1932,350,380,426.284
1933,380,350,426.284
1934,350,392,625.872
1935,392,350,625.872
1936,351,384,344.094
1937,384,351,344.094
1938,351,420,875.363
1939,420,351,875.363
1940,352,370,42.4264
1941,370,352,42.4264
1942,352,452,1506.28
1943,452,352,1506.28
1944,353,441,1324.48
1945,441,353,1324.48
1946,353,470,1717.81
1947,470,353,1717.81
1948,354,373,526.246
1949,373,354,526.246
1950,355,391,764.822
1951,391,355,764.822
1952,355,402,122.354
1953,402,355,122.354
1954,356,387,339.411
1955,387,356,339.411
1956,356,397,1604.53
1957,397,356,1604.53
1958,356,469,1155.3
1959,469,356,1155.3
1960,357,375,42.4264
1961,375,357,42.4264
1962,358,428,754.371
1963,428,358,754.371
1964,359,404,324.135
1965,404,359,324.135
1966,360,365,84.8528
1967,365,360,84.8528
1968,360,461,1065.23
1969,461,360,1065.23
1970,360,497,1597.47
1971,497,360,1597.47
1972,360,498,1815.24
1973,498,360,1815.24
1974,361,369,42.4264
1975,369,361,42.4264
1976,362,388,90
1977,388,362,90
1978,362,389,120
1979,389,362,120
1980,362,512,1115.83
1981,512,362,1115.83
1982,363,368,450.12
1983,368,363,450.12
1984,363,369,1082.39
1985,369,363,1082.39
1986,363,450,654.556
1987,450,363,654.556
1988,364,395,308.15
1989,395,364,308.15
1990,365,407,355.032
1991,407,365,355.032
1992,366,515,881.942
1993,515,366,881.942
1994,366,555,3867.07
1995,555,366,3867.07
1996,367,409,120
1997,409,367,120
1998,367,462,2473.35
1999,462,367,2473.35
2000,369,419,221.183
2001,419,369,221.183
2002,370,400,60.9674
2003,400,370,60.9674
2004,370,452,1529.11
2005,452,370,1529.11
2006,370,483,1252.22
2007,483,370,1252.22
2008,371,544,2633.24
2009,544,371,2633.24
2010,372,395,885.035
2011,395,372,885.035
2012,372,417,565.533
2013,417,372,565.533
2014,373,380,571.041
2015,380,373,571.041
2016,373,422,90
2017,422,373,90
2018,373,453,300.926
2019,453,373,300.926
2020,373,510,210
2021,510,373,210
2022,373,521,99.9521
2023,521,373,99.9521
2024,373,566,265.366
2025,566,373,265.366
2026,373,574,59.762
2027,574,373,59.762
2028,373,600,241.23
2029,600,373,241.23
2030,373,642,174.418
2031,642,373,174.418
2032,373,650,205.787
2033,650,373,205.787
2034,373,654,235.551
2035,654,373,235.551
2036,373,657,30
2037,657,373,30
2038,373,659,481.631
2039,659,373,481.631
2040,373,674,828.524
2041,674,373,828.524
2042,373,675,90
2043,675,373,90
2044,373,704,535.215
2045,704,373,535.215
2046,374,384,349.291
2047,384,374,349.291
2048,374,426,121.411
2049,426,374,121.411
2050,375,414,150
2051,414,375,150
2052,375,427,361.215
2053,427,375,361.215
2054,376,399,120
2055,399,376,120
2056,377,429,141.251
2057,429,377,141.251
2058,377,442,403.609
2059,442,377,403.609
2060,378,397,152.727
2061,397,378,152.727
2062,379,388,270
2063,388,379,270
2064,380,392,418.975
2065,392,380,418.975
2066,381,385,644.659
2067,385,381,644.659
2068,381,411,30
2069,411,381,30
2070,382,393,576.887
2071,393,382,576.887
2072,382,425,145.272
