source_id, target_id, probability
0, 1, 0.0452291134514222
1, 0, 0.0452291134514222
0, 2, 0.277908545624267
2, 0, 0.277908545624267
0, 159, 0.049592762070855
159, 0, 0.049592762070855
0, 189, 0.440374825321507
189, 0, 0.440374825321507
0, 210, 0.0282871329937561
210, 0, 0.0282871329937561
1, 2, 0.358449360190543
2, 1, 0.358449360190543
2, 3, 0.0339518766169078
3, 2, 0.0339518766169078
2, 52, 0.532469720912571
52, 2, 0.532469720912571
2, 82, 0.742974974742532
82, 2, 0.742974974742532
2, 101, 0.23232950325456
101, 2, 0.23232950325456
2, 188, 0.532469720912571
188, 2, 0.532469720912571
2, 210, 0.539724127553588
210, 2, 0.539724127553588
2, 272, 0.393107793939925
272, 2, 0.393107793939925
2, 294, 0.0114934572760173
294, 2, 0.0114934572760173
3, 4, 0.245878845290238
4, 3, 0.245878845290238
3, 52, 0.658042282352871
52, 3, 0.658042282352871
3, 82, 0.2948266973074
82, 3, 0.2948266973074
3, 101, 0.427335771399947
101, 3, 0.427335771399947
4, 5, 0.0186241665819404
5, 4, 0.0186241665819404
4, 6, 0.658042282352871
6, 4, 0.658042282352871
4, 43, 0.0575155038237933
43, 4, 0.0575155038237933
4, 101, 0.532469720912571
101, 4, 0.532469720912571
4, 8253, 0.658042282352871
185, 4, 0.658042282352871
4, 215, 0.0190598342891279
215, 4, 0.0190598342891279
5, 6, 0.0112353885778729
6, 5, 0.0112353885778729
5, 43, 0.0601111745874081
43, 5, 0.0601111745874081
6, 7, 0.790671594834728
7, 6, 0.790671594834728
6, 8, 0.590215766034657
8, 6, 0.590215766034657
6, 53, 0.0575155038237933
53, 6, 0.0575155038237933
6, 59, 0.339113115971952
59, 6, 0.339113115971952
6, 97, 0.469838986344834
97, 6, 0.469838986344834
6, 194, 0.339113115971952
194, 6, 0.339113115971952
6, 251, 0.439426876812831
251, 6, 0.439426876812831
6, 8256, 0.810522307500701
259, 6, 0.810522307500701
6, 262, 0.742974974742532
262, 6, 0.742974974742532
6, 265, 0.742974974742532
265, 6, 0.742974974742532
6, 276, 0.532469720912571
276, 6, 0.532469720912571
6, 285, 0.440374825321507
285, 6, 0.440374825321507
6, 296, 0.0286746768452091
296, 6, 0.0286746768452091
6, 314, 0.393107793939925
314, 6, 0.393107793939925
6, 343, 0.111211212066213
343, 6, 0.111211212066213
6, 376, 0.277908545624267
376, 6, 0.277908545624267
6, 388, 0.420560366789903
388, 6, 0.420560366789903
6, 390, 0.469838986344834
390, 6, 0.469838986344834
6, 399, 0.339113115971952
399, 6, 0.339113115971952
6, 439, 0.125007600651913
439, 6, 0.125007600651913
6, 449, 0.0282871329937561
449, 6, 0.0282871329937561
6, 451, 0.410130962890845
451, 6, 0.410130962890845
6, 459, 0.469838986344834
459, 6, 0.469838986344834
6, 480, 0.516745188294761
480, 6, 0.516745188294761
6, 481, 0.0153217973542184
481, 6, 0.0153217973542184
6, 499, 0.150967947116143
499, 6, 0.150967947116143
6, 529, 0.0659749580173659
529, 6, 0.0659749580173659
6, 546, 0.277908545624267
546, 6, 0.277908545624267
6, 547, 0.2948266973074
547, 6, 0.2948266973074
6, 561, 0.628105737285158
561, 6, 0.628105737285158
6, 609, 0.539724127553588
609, 6, 0.539724127553588
6, 648, 0.469838986344834
648, 6, 0.469838986344834
6, 667, 0.200516697654568
667, 6, 0.200516697654568
6, 688, 0.00140045952349123
688, 6, 0.00140045952349123
6, 711, 0.742974974742532
711, 6, 0.742974974742532
6, 735, 0.658042282352871
735, 6, 0.658042282352871
6, 749, 0.277908545624267
749, 6, 0.277908545624267
6, 765, 0.138175648569242
765, 6, 0.138175648569242
6, 766, 0.229802529701612
766, 6, 0.229802529701612
6, 769, 0.0185831304964905
769, 6, 0.0185831304964905
6, 771, 0.439262103993322
771, 6, 0.439262103993322
6, 772, 0.339113115971952
772, 6, 0.339113115971952
6, 791, 0.0994849872779904
791, 6, 0.0994849872779904
6, 797, 0.590215766034657
797, 6, 0.590215766034657
6, 803, 0.810522307500701
803, 6, 0.810522307500701
6, 807, 0.628105737285158
807, 6, 0.628105737285158
6, 815, 0.339113115971952
815, 6, 0.339113115971952
6, 816, 0.427335771399947
816, 6, 0.427335771399947
6, 830, 0.169620268915665
830, 6, 0.169620268915665
6, 833, 0.138270420830366
833, 6, 0.138270420830366
6, 839, 0.439426876812831
839, 6, 0.439426876812831
6, 846, 0.539724127553588
846, 6, 0.539724127553588
6, 849, 0.0217588334056709
849, 6, 0.0217588334056709
6, 859, 0.026590639587982
859, 6, 0.026590639587982
6, 893, 0.427113072296713
893, 6, 0.427113072296713
6, 901, 0.259895671630654
901, 6, 0.259895671630654
6, 911, 0.127804196204046
911, 6, 0.127804196204046
6, 913, 0.00997909452729786
913, 6, 0.00997909452729786
6, 915, 0.268280916151203
915, 6, 0.268280916151203
6, 926, 0.0266447432842457
926, 6, 0.0266447432842457
6, 930, 0.65694641095626
930, 6, 0.65694641095626
6, 934, 0.0411702420818711
934, 6, 0.0411702420818711
6, 944, 0.144217971783705
944, 6, 0.144217971783705
6, 1009, 0.439262103993322
1009, 6, 0.439262103993322
6, 1011, 0.0327746305381171
1011, 6, 0.0327746305381171
6, 1036, 0.192153630285636
1036, 6, 0.192153630285636
6, 1064, 0.393107793939925
1064, 6, 0.393107793939925
6, 1081, 0.164407291161546
1081, 6, 0.164407291161546
6, 1129, 0.350211762566031
1129, 6, 0.350211762566031
6, 1142, 0.520295340856628
1142, 6, 0.520295340856628
6, 1153, 0.236683627824758
1153, 6, 0.236683627824758
6, 1161, 0.520295340856628
1161, 6, 0.520295340856628
6, 1175, 0.742974974742532
1175, 6, 0.742974974742532
6, 1176, 0.658042282352871
1176, 6, 0.658042282352871
6, 1194, 0.431578586868311
1194, 6, 0.431578586868311
6, 1214, 0.168207407899652
1214, 6, 0.168207407899652
6, 1217, 0.810522307500701
1217, 6, 0.810522307500701
6, 1320, 0.066764805301814
1320, 6, 0.066764805301814
6, 1322, 0.552011813093666
1322, 6, 0.552011813093666
6, 1327, 1.47714613127072e-05
1327, 6, 1.47714613127072e-05
6, 1335, 0.0689224475746795
1335, 6, 0.0689224475746795
6, 1347, 0.0911924715144122
1347, 6, 0.0911924715144122
6, 1348, 0.339113115971952
1348, 6, 0.339113115971952
6, 1353, 0.0406410606690154
1353, 6, 0.0406410606690154
6, 1356, 0.24442616932376
1356, 6, 0.24442616932376
6, 1382, 0.0253535526583545
1382, 6, 0.0253535526583545
6, 1384, 0.32571929719199
1384, 6, 0.32571929719199
6, 8288, 0.0815840088697259
1431, 6, 0.0815840088697259
6, 1450, 0.810522307500701
1450, 6, 0.810522307500701
6, 1451, 0.160074880329129
1451, 6, 0.160074880329129
6, 1457, 0.742974974742532
1457, 6, 0.742974974742532
6, 1471, 0.628105737285158
1471, 6, 0.628105737285158
6, 1472, 0.0426705286503638
1472, 6, 0.0426705286503638
6, 1473, 0.127804196204046
1473, 6, 0.127804196204046
6, 1526, 0.539724127553588
1526, 6, 0.539724127553588
6, 1557, 0.0302198712331341
1557, 6, 0.0302198712331341
6, 1588, 0.00544466101775943
1588, 6, 0.00544466101775943
6, 1597, 0.0104701888070241
1597, 6, 0.0104701888070241
6, 1655, 0.00551000163042723
1655, 6, 0.00551000163042723
6, 1699, 0.202454318902979
1699, 6, 0.202454318902979
6, 1723, 0.410130962890845
1723, 6, 0.410130962890845
6, 1746, 0.658042282352871
1746, 6, 0.658042282352871
6, 1783, 0.32571929719199
1783, 6, 0.32571929719199
6, 1784, 0.393107793939925
1784, 6, 0.393107793939925
6, 1822, 0.2948266973074
1822, 6, 0.2948266973074
6, 1873, 0.00870488988649497
1873, 6, 0.00870488988649497
7, 8, 0.349804072096395
8, 7, 0.349804072096395
7, 59, 0.0658175667933771
59, 7, 0.0658175667933771
7, 97, 0.628105737285158
97, 7, 0.628105737285158
8, 9, 0.0765691931281674
9, 8, 0.0765691931281674
8, 53, 0.116465319636373
53, 8, 0.116465319636373
8, 97, 0.283524003688712
97, 8, 0.283524003688712
8, 194, 0.532469720912571
194, 8, 0.532469720912571
8, 236, 0.469838986344834
236, 8, 0.469838986344834
8, 251, 0.658042282352871
251, 8, 0.658042282352871
8, 265, 0.0542566557276025
265, 8, 0.0542566557276025
9, 53, 0.439426876812831
53, 9, 0.439426876812831
10, 11, 0.119939377399149
11, 10, 0.119939377399149
10, 53, 0.257684731008555
53, 10, 0.257684731008555
10, 123, 0.0563613468289774
123, 10, 0.0563613468289774
11, 67, 0.742974974742532
67, 11, 0.742974974742532
11, 89, 0.164407291161546
89, 11, 0.164407291161546
11, 123, 0.117595043039939
123, 11, 0.117595043039939
11, 131, 0.0982761185489495
131, 11, 0.0982761185489495
11, 195, 0.532469720912571
195, 11, 0.532469720912571
11, 200, 0.0139875368500043
200, 11, 0.0139875368500043
11, 222, 0.203743997231092
222, 11, 0.203743997231092
11, 290, 0.0428030367950347
290, 11, 0.0428030367950347
11, 316, 0.0209731300042793
316, 11, 0.0209731300042793
11, 345, 0.0866455442904824
345, 11, 0.0866455442904824
11, 355, 0.016964537647271
355, 11, 0.016964537647271
12, 67, 0.00685670637526531
67, 12, 0.00685670637526531
12, 75, 0.00105711277872453
75, 12, 0.00105711277872453
12, 89, 0.0955291119097032
89, 12, 0.0955291119097032
13, 14, 0.168064616396068
14, 13, 0.168064616396068
13, 75, 0.520295340856628
75, 13, 0.520295340856628
14, 75, 0.186260076643249
75, 14, 0.186260076643249
14, 76, 0.283524003688712
76, 14, 0.283524003688712
14, 81, 0.161145080382234
81, 14, 0.161145080382234
14, 98, 0.658042282352871
98, 14, 0.658042282352871
14, 112, 0.0130422548932065
112, 14, 0.0130422548932065
15, 75, 0.658042282352871
75, 15, 0.658042282352871
16, 17, 0.469838986344834
17, 16, 0.469838986344834
16, 18, 0.742974974742532
18, 16, 0.742974974742532
16, 75, 0.326863683074363
75, 16, 0.326863683074363
16, 147, 0.532469720912571
147, 16, 0.532469720912571
16, 160, 0.227112341667809
160, 16, 0.227112341667809
16, 223, 0.349804072096395
223, 16, 0.349804072096395
16, 239, 0.00020181469632984
239, 16, 0.00020181469632984
16, 253, 0.0723083310735171
253, 16, 0.0723083310735171
16, 260, 0.245878845290238
260, 16, 0.245878845290238
16, 300, 0.0504078412266144
300, 16, 0.0504078412266144
17, 18, 0.539724127553588
18, 17, 0.539724127553588
18, 57, 0.424522377541075
57, 18, 0.424522377541075
18, 79, 0.0406629507519606
79, 18, 0.0406629507519606
18, 105, 0.06029383774094
105, 18, 0.06029383774094
18, 124, 0.0285605621645852
124, 18, 0.0285605621645852
18, 148, 0.658042282352871
148, 18, 0.658042282352871
18, 160, 0.0512556637431796
160, 18, 0.0512556637431796
18, 170, 0.0659749580173659
170, 18, 0.0659749580173659
18, 174, 0.00335600459029458
174, 18, 0.00335600459029458
18, 211, 0.168207407899652
211, 18, 0.168207407899652
18, 239, 0.532469720912571
239, 18, 0.532469720912571
18, 240, 0.0607939785482159
240, 18, 0.0607939785482159
18, 295, 0.742974974742532
295, 18, 0.742974974742532
18, 373, 0.039678578549882
373, 18, 0.039678578549882
18, 392, 0.000346177774507817
392, 18, 0.000346177774507817
19, 20, 0.339113115971952
20, 19, 0.339113115971952
19, 69, 0.304717043928752
69, 19, 0.304717043928752
19, 124, 0.0427593392574324
124, 19, 0.0427593392574324
20, 51, 0.210746702716326
51, 20, 0.210746702716326
21, 22, 0.00603604253050073
22, 21, 0.00603604253050073
21, 72, 0.42896080611149
72, 21, 0.42896080611149
21, 85, 0.742974974742532
85, 21, 0.742974974742532
21, 88, 0.00991183086325953
88, 21, 0.00991183086325953
21, 113, 0.0476921692443144
113, 21, 0.0476921692443144
21, 167, 0.00600545257406224
167, 21, 0.00600545257406224
22, 64, 0.000368819035144957
64, 22, 0.000368819035144957
22, 88, 0.00952397289434938
88, 22, 0.00952397289434938
22, 161, 3.87088892511068e-05
161, 22, 3.87088892511068e-05
23, 64, 0.00724782933609464
64, 23, 0.00724782933609464
23, 114, 0.350211762566031
114, 23, 0.350211762566031
23, 117, 0.0832313058650922
117, 23, 0.0832313058650922
23, 135, 0.742974974742532
135, 23, 0.742974974742532
24, 47, 0.00831745485931752
47, 24, 0.00831745485931752
24, 115, 0.00569493821839552
115, 24, 0.00569493821839552
24, 118, 0.000546887982102411
118, 24, 0.000546887982102411
25, 65, 0.0575155038237933
65, 8247, 0.0575155038237933
25, 90, 0.0216623515719894
90, 8247, 0.0216623515719894
26, 27, 0.431578586868311
27, 26, 0.431578586868311
26, 28, 0.0647398101881678
28, 26, 0.0647398101881678
26, 90, 0.0705860680783322
90, 26, 0.0705860680783322
27, 28, 0.0281193014005268
28, 27, 0.0281193014005268
27, 48, 0.0123543257748388
48, 27, 0.0123543257748388
28, 29, 0.65694641095626
29, 28, 0.65694641095626
28, 48, 0.742974974742532
48, 28, 0.742974974742532
28, 65, 0.146019637936909
65, 28, 0.146019637936909
28, 94, 0.236683627824758
94, 28, 0.236683627824758
28, 179, 0.520295340856628
179, 28, 0.520295340856628
28, 190, 0.310819166376442
190, 28, 0.310819166376442
28, 208, 0.0574208292791255
208, 28, 0.0574208292791255
28, 213, 0.0796693395515897
213, 28, 0.0796693395515897
28, 238, 0.810522307500701
238, 28, 0.810522307500701
28, 241, 0.358449360190543
241, 28, 0.358449360190543
28, 277, 0.539724127553588
277, 28, 0.539724127553588
28, 334, 0.520295340856628
334, 28, 0.520295340856628
28, 403, 0.469838986344834
403, 28, 0.469838986344834
28, 408, 0.742974974742532
408, 28, 0.742974974742532
28, 440, 0.117595043039939
440, 28, 0.117595043039939
29, 30, 0.226606741449498
30, 29, 0.226606741449498
29, 94, 0.0304021806477296
94, 29, 0.0304021806477296
29, 106, 0.00593741476174486
106, 29, 0.00593741476174486
29, 190, 1e-05
190, 29, 1e-05
29, 216, 0.0651545332787951
216, 29, 0.0651545332787951
29, 8254, 0.000245079632562586
233, 29, 0.000245079632562586
29, 256, 0.532469720912571
256, 29, 0.532469720912571
30, 31, 0.742974974742532
31, 30, 0.742974974742532
30, 106, 0.00775843032801788
106, 30, 0.00775843032801788
31, 106, 0.0177873952151578
106, 31, 0.0177873952151578
31, 163, 0.137711964046012
163, 31, 0.137711964046012
31, 199, 1e-05
199, 31, 1e-05
32, 33, 0.00540509089338529
33, 32, 0.00540509089338529
32, 95, 1e-05
95, 32, 1e-05
32, 104, 1e-05
104, 32, 1e-05
32, 203, 1e-05
203, 32, 1e-05
33, 34, 0.000184740433694635
34, 33, 0.000184740433694635
33, 132, 0.00657709995694135
132, 33, 0.00657709995694135
34, 132, 0.0321592251975974
132, 34, 0.0321592251975974
34, 139, 1e-05
139, 34, 1e-05
35, 36, 0.00104642966350357
36, 35, 0.00104642966350357
35, 86, 0.0815840088697259
86, 35, 0.0815840088697259
35, 173, 0.000276572131854993
173, 35, 0.000276572131854993
36, 63, 0.0104628984057962
63, 36, 0.0104628984057962
36, 86, 0.790671594834728
86, 36, 0.790671594834728
37, 63, 0.206924559858436
63, 37, 0.206924559858436
37, 100, 0.0127411284160472
100, 37, 0.0127411284160472
37, 121, 0.00133686452604458
121, 37, 0.00133686452604458
38, 39, 0.00855310023612319
39, 38, 0.00855310023612319
38, 74, 0.260695854590516
74, 38, 0.260695854590516
38, 122, 5.82005359841465e-05
122, 38, 5.82005359841465e-05
38, 176, 5.67329844170087e-05
176, 38, 5.67329844170087e-05
39, 122, 0.00140480920842068
122, 39, 0.00140480920842068
40, 58, 0.339113115971952
58, 40, 0.339113115971952
40, 71, 0.020364643784465
71, 40, 0.020364643784465
41, 42, 0.257684731008555
42, 41, 0.257684731008555
41, 49, 0.0503163358090364
49, 41, 0.0503163358090364
41, 92, 0.35072985881865
92, 41, 0.35072985881865
41, 108, 0.000113996163983022
108, 41, 0.000113996163983022
42, 46, 0.0888130635725387
46, 42, 0.0888130635725387
42, 92, 0.0344660282508847
92, 42, 0.0344660282508847
44, 125, 0.0442780197077408
125, 44, 0.0442780197077408
44, 139, 1e-05
139, 44, 1e-05
45, 55, 0.0563613468289774
55, 45, 0.0563613468289774
45, 80, 2.5752988191659e-05
80, 45, 2.5752988191659e-05
46, 66, 0.112004895305097
66, 46, 0.112004895305097
47, 115, 0.283524003688712
115, 47, 0.283524003688712
49, 71, 0.0147960376439179
71, 49, 0.0147960376439179
49, 108, 0.0776734004754458
108, 49, 0.0776734004754458
49, 122, 0.229802529701612
122, 49, 0.229802529701612
49, 127, 0.139830431353095
127, 49, 0.139830431353095
49, 187, 0.000428710986124919
187, 49, 0.000428710986124919
49, 193, 0.539724127553588
193, 49, 0.539724127553588
49, 206, 0.532469720912571
206, 49, 0.532469720912571
49, 235, 1e-05
235, 49, 1e-05
49, 283, 2.64959355012679e-05
283, 49, 2.64959355012679e-05
50, 75, 0.349804072096395
75, 50, 0.349804072096395
51, 68, 0.229802529701612
68, 51, 0.229802529701612
52, 82, 0.116985597098181
82, 52, 0.116985597098181
53, 123, 0.126532082649809
123, 53, 0.126532082649809
53, 195, 0.0130523799930563
195, 53, 0.0130523799930563
53, 245, 0.539724127553588
245, 53, 0.539724127553588
53, 268, 0.393107793939925
268, 53, 0.393107793939925
53, 285, 0.245878845290238
285, 53, 0.245878845290238
53, 286, 0.0091543207064216
286, 53, 0.0091543207064216
54, 91, 0.0771285056846502
91, 54, 0.0771285056846502
54, 99, 0.00207766523172325
99, 54, 0.00207766523172325
54, 107, 0.060234680054914
107, 54, 0.060234680054914
55, 110, 1e-05
110, 55, 1e-05
55, 116, 0.516745188294761
116, 55, 0.516745188294761
55, 130, 0.105195879539331
130, 55, 0.105195879539331
55, 339, 1e-05
339, 55, 1e-05
56, 61, 0.00185975120567219
61, 56, 0.00185975120567219
56, 83, 0.203445771534578
83, 56, 0.203445771534578
58, 71, 0.0122492190754418
71, 58, 0.0122492190754418
58, 122, 0.000619731875574691
122, 58, 0.000619731875574691
58, 127, 0.000821993811247674
127, 58, 0.000821993811247674
60, 8250, 1e-05
109, 60, 1e-05
60, 199, 1e-05
199, 60, 1e-05
60, 8258, 1e-05
367, 60, 1e-05
60, 409, 1e-05
409, 60, 1e-05
61, 99, 0.127412837705591
99, 61, 0.127412837705591
61, 133, 0.393107793939925
133, 61, 0.393107793939925
62, 91, 1e-05
91, 62, 1e-05
62, 102, 0.00499722655436138
102, 62, 0.00499722655436138
63, 100, 0.00680310383541762
100, 63, 0.00680310383541762
64, 114, 0.0475281982784147
114, 64, 0.0475281982784147
65, 73, 0.000235504362534159
73, 65, 0.000235504362534159
65, 90, 0.0424462361506738
90, 65, 0.0424462361506738
65, 129, 0.150914518183405
129, 65, 0.150914518183405
65, 192, 0.00824445377057963
192, 65, 0.00824445377057963
65, 230, 0.339113115971952
230, 65, 0.339113115971952
65, 238, 0.277754652348521
238, 65, 0.277754652348521
65, 273, 0.000300982375697927
273, 65, 0.000300982375697927
65, 277, 0.217442956073043
277, 65, 0.217442956073043
65, 297, 0.810522307500701
297, 65, 0.810522307500701
65, 331, 0.0196109375803708
331, 65, 0.0196109375803708
65, 377, 0.411952698591726
377, 65, 0.411952698591726
65, 429, 0.628105737285158
429, 65, 0.628105737285158
65, 440, 0.520295340856628
440, 65, 0.520295340856628
65, 442, 0.532469720912571
442, 65, 0.532469720912571
65, 448, 0.532469720912571
448, 65, 0.532469720912571
65, 508, 0.12198819257864
508, 65, 0.12198819257864
65, 527, 0.167145838516938
527, 65, 0.167145838516938
65, 719, 1e-05
719, 65, 1e-05
66, 138, 0.349804072096395
138, 66, 0.349804072096395
67, 89, 0.0505356516262395
89, 67, 0.0505356516262395
68, 77, 0.742974974742532
77, 68, 0.742974974742532
68, 87, 0.440374825321507
87, 68, 0.440374825321507
68, 128, 0.0414948605190234
128, 68, 0.0414948605190234
69, 79, 1e-05
79, 69, 1e-05
69, 105, 0.060234680054914
105, 69, 0.060234680054914
69, 124, 0.0144801001876028
124, 69, 0.0144801001876028
70, 8249, 2.96192997726819e-05
103, 70, 2.96192997726819e-05
70, 150, 1e-05
150, 70, 1e-05
71, 127, 0.00329503039593656
127, 71, 0.00329503039593656
72, 77, 0.000667397257450971
77, 72, 0.000667397257450971
72, 167, 0.00406736852508265
167, 72, 0.00406736852508265
72, 171, 0.0286746768452091
171, 72, 0.0286746768452091
73, 129, 0.0056012402249402
129, 73, 0.0056012402249402
73, 149, 0.0020325444644203
149, 73, 0.0020325444644203
74, 121, 0.0718810424099834
121, 74, 0.0718810424099834
74, 140, 0.14897888941859
140, 74, 0.14897888941859
74, 141, 0.0158695268916733
141, 74, 0.0158695268916733
75, 81, 0.658042282352871
81, 75, 0.658042282352871
75, 93, 0.742974974742532
93, 75, 0.742974974742532
75, 98, 0.349804072096395
98, 75, 0.349804072096395
75, 112, 0.0224505346727048
112, 75, 0.0224505346727048
75, 131, 0.742974974742532
131, 75, 0.742974974742532
75, 142, 0.184662191603909
142, 75, 0.184662191603909
75, 143, 0.144217971783705
143, 75, 0.144217971783705
75, 147, 0.0153966004608101
147, 75, 0.0153966004608101
75, 151, 0.469838986344834
151, 75, 0.469838986344834
75, 152, 0.00587519467344099
152, 75, 0.00587519467344099
75, 169, 0.539724127553588
169, 75, 0.539724127553588
75, 177, 0.174578582525719
177, 75, 0.174578582525719
75, 178, 0.658042282352871
178, 75, 0.658042282352871
75, 196, 0.410130962890845
196, 75, 0.410130962890845
75, 201, 0.0453840733628268
201, 75, 0.0453840733628268
75, 217, 2.61550522295651e-05
217, 75, 2.61550522295651e-05
75, 220, 0.000151466944333524
220, 75, 0.000151466944333524
75, 223, 0.023021680057408
223, 75, 0.023021680057408
75, 224, 0.0226256463527118
224, 75, 0.0226256463527118
75, 244, 0.124973894635751
244, 75, 0.124973894635751
75, 246, 0.185254409207202
246, 75, 0.185254409207202
75, 253, 0.532469720912571
253, 75, 0.532469720912571
75, 263, 0.431578586868311
263, 75, 0.431578586868311
75, 282, 0.0311442441764181
282, 75, 0.0311442441764181
75, 287, 0.658042282352871
287, 75, 0.658042282352871
75, 299, 0.0212504758161188
299, 75, 0.0212504758161188
75, 311, 0.0575155038237933
311, 75, 0.0575155038237933
75, 328, 0.000323034492119118
328, 75, 0.000323034492119118
75, 337, 0.00683332542896502
337, 75, 0.00683332542896502
75, 346, 0.0406410606690154
346, 75, 0.0406410606690154
75, 352, 0.365359372285487
352, 75, 0.365359372285487
75, 370, 0.105195879539331
370, 75, 0.105195879539331
75, 400, 0.0583303442993272
400, 75, 0.0583303442993272
75, 453, 0.2948266973074
453, 75, 0.2948266973074
75, 490, 0.0361745632231147
490, 75, 0.0361745632231147
75, 519, 0.219244453080843
519, 75, 0.219244453080843
75, 522, 0.0912439351103018
522, 75, 0.0912439351103018
75, 554, 0.030544273089106
554, 75, 0.030544273089106
75, 562, 0.742974974742532
562, 75, 0.742974974742532
75, 649, 0.260695854590516
649, 75, 0.260695854590516
75, 652, 0.185254409207202
652, 75, 0.185254409207202
75, 725, 0.358449360190543
725, 75, 0.358449360190543
75, 750, 0.532469720912571
750, 75, 0.532469720912571
75, 763, 0.742974974742532
763, 75, 0.742974974742532
75, 782, 0.206459878374416
782, 75, 0.206459878374416
75, 808, 0.185254409207202
808, 75, 0.185254409207202
75, 822, 0.153065647198515
822, 75, 0.153065647198515
75, 831, 0.0120034969393462
831, 75, 0.0120034969393462
76, 81, 0.0912439351103018
81, 76, 0.0912439351103018
76, 112, 0.0601111745874081
112, 76, 0.0601111745874081
77, 171, 0.520295340856628
171, 77, 0.520295340856628
78, 8249, 0.00014727493202355
103, 8248, 0.00014727493202355
78, 8251, 0.155721960474463
120, 8248, 0.155721960474463
78, 150, 0.00142283246703566
150, 8248, 0.00142283246703566
79, 105, 0.000312784556728673
105, 79, 0.000312784556728673
79, 148, 0.000581094335912695
148, 79, 0.000581094335912695
79, 153, 0.00153094365306975
153, 79, 0.00153094365306975
80, 84, 0.0617033777995263
84, 80, 0.0617033777995263
81, 112, 0.658042282352871
112, 81, 0.658042282352871
83, 111, 0.105195879539331
111, 83, 0.105195879539331
83, 144, 0.00519462889418688
144, 83, 0.00519462889418688
83, 182, 0.0498481266175963
182, 83, 0.0498481266175963
84, 110, 0.411952698591726
110, 84, 0.411952698591726
85, 113, 0.136959118450251
113, 85, 0.136959118450251
86, 173, 0.000254624439728561
173, 86, 0.000254624439728561
87, 134, 0.116985597098181
134, 87, 0.116985597098181
88, 113, 0.226397138016583
113, 88, 0.226397138016583
88, 161, 5.40397897452515e-05
161, 88, 5.40397897452515e-05
88, 175, 0.0016425896349841
175, 88, 0.0016425896349841
89, 131, 0.658042282352871
131, 89, 0.658042282352871
91, 107, 0.546748509081759
107, 91, 0.546748509081759
92, 156, 3.21969425553735e-05
156, 92, 3.21969425553735e-05
92, 168, 5.82825250813028e-05
168, 92, 5.82825250813028e-05
92, 187, 0.000338446745748492
187, 92, 0.000338446745748492
93, 151, 0.227112341667809
151, 93, 0.227112341667809
95, 104, 0.0928524762104728
104, 95, 0.0928524762104728
95, 155, 0.0106235688667758
155, 95, 0.0106235688667758
96, 102, 0.427335771399947
102, 96, 0.427335771399947
96, 164, 0.060234680054914
164, 96, 0.060234680054914
98, 112, 0.0191906863948729
112, 98, 0.0191906863948729
98, 152, 0.628105737285158
152, 98, 0.628105737285158
99, 107, 0.0177158758450457
107, 99, 0.0177158758450457
99, 133, 0.0659749580173659
133, 99, 0.0659749580173659
99, 271, 1e-05
271, 99, 1e-05
100, 121, 0.00606507291316069
121, 100, 0.00606507291316069
101, 188, 0.810522307500701
188, 101, 0.810522307500701
101, 215, 0.0651545332787951
215, 101, 0.0651545332787951
102, 164, 0.304717043928752
164, 102, 0.304717043928752
103, 150, 0.00947763542582651
150, 8249, 0.00947763542582651
104, 155, 0.0224682845110301
155, 104, 0.0224682845110301
104, 248, 1e-05
248, 104, 1e-05
104, 455, 1e-05
455, 104, 1e-05
105, 124, 0.0667169017837901
124, 105, 0.0667169017837901
105, 148, 0.520295340856628
148, 105, 0.520295340856628
106, 181, 0.469838986344834
181, 106, 0.469838986344834
107, 255, 1e-05
255, 107, 1e-05
108, 156, 0.205207577882823
156, 108, 0.205207577882823
108, 187, 0.00109827607128072
187, 108, 0.00109827607128072
109, 8251, 1e-05
120, 8250, 1e-05
109, 8252, 1e-05
158, 8250, 1e-05
109, 8258, 1e-05
367, 8250, 1e-05
109, 462, 1e-05
462, 8250, 1e-05
110, 182, 1e-05
182, 110, 1e-05
110, 339, 1e-05
339, 110, 1e-05
111, 144, 0.00177794964096118
144, 111, 0.00177794964096118
112, 152, 0.0269863851038702
152, 112, 0.0269863851038702
112, 177, 0.020364643784465
177, 112, 0.020364643784465
113, 154, 0.790671594834728
154, 113, 0.790671594834728
113, 167, 0.658042282352871
167, 113, 0.658042282352871
113, 254, 0.206924559858436
254, 113, 0.206924559858436
114, 135, 0.23322772768421
135, 114, 0.23322772768421
114, 180, 0.00629735588278751
180, 114, 0.00629735588278751
115, 117, 0.277629574868927
117, 115, 0.277629574868927
115, 137, 0.149732836692994
137, 115, 0.149732836692994
115, 145, 0.00372273690545705
145, 115, 0.00372273690545705
115, 172, 0.2948266973074
172, 115, 0.2948266973074
115, 183, 0.0353237076931085
183, 115, 0.0353237076931085
115, 212, 0.0348753261039304
212, 115, 0.0348753261039304
115, 227, 0.0528707508505199
227, 115, 0.0528707508505199
115, 247, 1e-05
247, 115, 1e-05
115, 303, 0.349804072096395
303, 115, 0.349804072096395
115, 333, 0.324675256845284
333, 115, 0.324675256845284
115, 360, 0.0368847209226485
360, 115, 0.0368847209226485
116, 126, 0.539724127553588
126, 116, 0.539724127553588
117, 135, 0.0558469095569405
135, 117, 0.0558469095569405
117, 137, 0.532469720912571
137, 117, 0.532469720912571
118, 145, 0.343188253725691
145, 118, 0.343188253725691
119, 149, 0.00490370463506844
149, 119, 0.00490370463506844
119, 165, 0.174578582525719
165, 119, 0.174578582525719
119, 202, 0.00169075619105221
202, 119, 0.00169075619105221
120, 150, 6.83793426313604e-05
150, 8251, 6.83793426313604e-05
120, 8252, 0.00850047096656959
158, 8251, 0.00850047096656959
121, 261, 1e-05
261, 121, 1e-05
122, 127, 0.000876199403355245
127, 122, 0.000876199403355245
122, 176, 2.20421340364116e-05
176, 122, 2.20421340364116e-05
122, 235, 0.00869772954145448
235, 122, 0.00869772954145448
123, 195, 0.102549464816878
195, 123, 0.102549464816878
124, 136, 0.658042282352871
136, 124, 0.658042282352871
124, 174, 0.0882128143358893
174, 124, 0.0882128143358893
125, 126, 0.532469720912571
126, 125, 0.532469720912571
126, 146, 1e-05
146, 126, 1e-05
126, 8257, 1e-05
292, 126, 1e-05
126, 305, 0.00222881460930076
305, 126, 0.00222881460930076
126, 348, 0.0982761185489495
348, 126, 0.0982761185489495
128, 134, 0.65694641095626
134, 128, 0.65694641095626
128, 171, 0.00265821886106941
171, 128, 0.00265821886106941
129, 157, 0.192153630285636
157, 129, 0.192153630285636
129, 192, 0.167854997718428
192, 129, 0.167854997718428
130, 8257, 1e-05
292, 130, 1e-05
130, 339, 1e-05
339, 130, 1e-05
131, 151, 0.0440311960766308
151, 131, 0.0440311960766308
131, 200, 0.095639477634314
200, 131, 0.095639477634314
132, 139, 1e-05
139, 132, 1e-05
132, 166, 0.539724127553588
166, 132, 0.539724127553588
132, 221, 0.0175908916051778
221, 132, 0.0175908916051778
132, 231, 0.000116263733030867
231, 132, 0.000116263733030867
133, 144, 0.0156074446442092
144, 133, 0.0156074446442092
134, 136, 0.532469720912571
136, 134, 0.532469720912571
134, 174, 0.212000488286526
174, 134, 0.212000488286526
134, 207, 0.21249272330378
207, 134, 0.21249272330378
135, 137, 0.0875073726880415
137, 135, 0.0875073726880415
135, 183, 0.138939898938129
183, 135, 0.138939898938129
136, 174, 0.111825743283067
174, 136, 0.111825743283067
137, 172, 0.0286504261566378
172, 137, 0.0286504261566378
137, 183, 0.0227195421244556
183, 137, 0.0227195421244556
137, 212, 0.0112857147109867
212, 137, 0.0112857147109867
138, 168, 0.0133685733866116
168, 138, 0.0133685733866116
138, 279, 0.000419683542299701
279, 138, 0.000419683542299701
139, 146, 4.60874949596923e-05
146, 139, 4.60874949596923e-05
139, 232, 1e-05
232, 139, 1e-05
139, 275, 1e-05
275, 139, 1e-05
140, 141, 0.658042282352871
141, 140, 0.658042282352871
140, 162, 0.520295340856628
162, 140, 0.520295340856628
140, 261, 1e-05
261, 140, 1e-05
141, 162, 0.349804072096395
162, 141, 0.349804072096395
141, 176, 0.00399778070402516
176, 141, 0.00399778070402516
142, 143, 0.469838986344834
143, 142, 0.469838986344834
142, 169, 0.203743997231092
169, 142, 0.203743997231092
142, 198, 0.226397138016583
198, 142, 0.226397138016583
142, 217, 0.0651545332787951
217, 142, 0.0651545332787951
142, 244, 0.00150522747052585
244, 142, 0.00150522747052585
143, 198, 0.150967947116143
198, 143, 0.150967947116143
143, 220, 0.00482121835411586
220, 143, 0.00482121835411586
144, 191, 0.469838986344834
191, 144, 0.469838986344834
144, 204, 0.0286746768452091
204, 144, 0.0286746768452091
145, 247, 1e-05
247, 145, 1e-05
146, 305, 1e-05
305, 146, 1e-05
148, 153, 0.658042282352871
153, 148, 0.658042282352871
149, 157, 0.439262103993322
157, 149, 0.439262103993322
149, 202, 0.0141109132940615
202, 149, 0.0141109132940615
150, 8252, 1.35543327247792e-05
158, 150, 1.35543327247792e-05
150, 462, 1e-05
462, 150, 1e-05
150, 854, 1e-05
854, 150, 1e-05
151, 200, 0.000795599979887317
200, 151, 0.000795599979887317
151, 217, 4.46617849862172e-05
217, 151, 4.46617849862172e-05
151, 252, 3.72787298337595e-05
252, 151, 3.72787298337595e-05
152, 177, 0.143049499812478
177, 152, 0.143049499812478
155, 455, 1e-05
455, 155, 1e-05
155, 556, 1e-05
556, 155, 1e-05
156, 187, 0.0528092026572602
187, 156, 0.0528092026572602
157, 192, 0.0512556637431796
192, 157, 0.0512556637431796
157, 202, 0.0232714376141108
202, 157, 0.0232714376141108
158, 462, 1e-05
462, 8252, 1e-05
159, 189, 0.155947496834883
189, 159, 0.155947496834883
160, 170, 0.127412837705591
170, 160, 0.127412837705591
160, 239, 0.0121736546413818
239, 160, 0.0121736546413818
161, 175, 0.000491350618268114
175, 161, 0.000491350618268114
161, 180, 0.742974974742532
180, 161, 0.742974974742532
161, 225, 0.044706428263182
225, 161, 0.044706428263182
161, 226, 0.532469720912571
226, 161, 0.532469720912571
162, 176, 0.115575237816111
176, 162, 0.115575237816111
162, 186, 0.229802529701612
186, 162, 0.229802529701612
163, 250, 1e-05
250, 163, 1e-05
164, 184, 0.229802529701612
184, 164, 0.229802529701612
164, 205, 1e-05
205, 164, 1e-05
164, 234, 0.000781377488755668
234, 164, 0.000781377488755668
165, 197, 0.227112341667809
197, 165, 0.227112341667809
165, 202, 0.0217588334056709
202, 165, 0.0217588334056709
165, 228, 0.32360027847384
228, 165, 0.32360027847384
166, 221, 0.0257201852770269
221, 166, 0.0257201852770269
166, 232, 0.00180333947156525
232, 166, 0.00180333947156525
167, 171, 0.0771285056846502
171, 167, 0.0771285056846502
167, 237, 0.147270551853556
237, 167, 0.147270551853556
167, 249, 0.00260493734043555
249, 167, 0.00260493734043555
167, 254, 0.0146621830368095
254, 167, 0.0146621830368095
168, 187, 0.449835430866253
187, 168, 0.449835430866253
170, 239, 0.0047582098735142
239, 170, 0.0047582098735142
171, 207, 0.000105385351703633
207, 171, 0.000105385351703633
172, 212, 0.0536280768835046
212, 172, 0.0536280768835046
172, 227, 0.030366156505069
227, 172, 0.030366156505069
173, 205, 0.658042282352871
205, 173, 0.658042282352871
173, 209, 0.121571715528728
209, 173, 0.121571715528728
174, 207, 0.320940679121896
207, 174, 0.320940679121896
174, 211, 0.104800303748864
211, 174, 0.104800303748864
174, 218, 0.123661500795997
218, 174, 0.123661500795997
175, 254, 0.742974974742532
254, 175, 0.742974974742532
176, 186, 0.532469720912571
186, 176, 0.532469720912571
176, 298, 3.66722549736699e-05
298, 176, 3.66722549736699e-05
177, 196, 0.0592432572118254
196, 177, 0.0592432572118254
178, 201, 0.0353205124937333
201, 178, 0.0353205124937333
179, 238, 0.0179095457153273
238, 179, 0.0179095457153273
180, 219, 0.268280916151203
219, 180, 0.268280916151203
181, 256, 0.107222141107373
256, 181, 0.107222141107373
182, 229, 0.00121804073415668
229, 182, 0.00121804073415668
182, 266, 0.00152887864820128
266, 182, 0.00152887864820128
183, 212, 0.0353205124937333
212, 183, 0.0353205124937333
183, 219, 0.00810324053461595
219, 183, 0.00810324053461595
183, 291, 0.00411034276311541
291, 183, 0.00411034276311541
184, 234, 0.000202531662316691
234, 184, 0.000202531662316691
184, 255, 0.00114968709072511
255, 184, 0.00114968709072511
184, 267, 0.0054517525850696
267, 184, 0.0054517525850696
185, 215, 0.0412283191227745
215, 8253, 0.0412283191227745
185, 8256, 0.00225995183321131
259, 8253, 0.00225995183321131
186, 340, 1e-05
340, 186, 1e-05
187, 193, 0.000628895816291784
193, 187, 0.000628895816291784
187, 243, 0.00105454789290781
243, 187, 0.00105454789290781
187, 279, 0.0740743078715929
279, 187, 0.0740743078715929
187, 284, 0.283524003688712
284, 187, 0.283524003688712
187, 289, 0.411952698591726
289, 187, 0.411952698591726
187, 335, 0.23322772768421
335, 187, 0.23322772768421
187, 357, 0.00172508143997493
357, 187, 0.00172508143997493
188, 215, 0.0375929400166669
215, 188, 0.0375929400166669
189, 210, 0.440374825321507
210, 189, 0.440374825321507
189, 258, 0.628105737285158
258, 189, 0.628105737285158
189, 294, 0.0575155038237933
294, 189, 0.0575155038237933
189, 302, 0.150967947116143
302, 189, 0.150967947116143
190, 208, 0.185254409207202
208, 190, 0.185254409207202
191, 204, 0.04796156704146
204, 191, 0.04796156704146
191, 229, 0.0704906091758748
229, 191, 0.0704906091758748
192, 202, 0.268280916151203
202, 192, 0.268280916151203
193, 206, 0.628105737285158
206, 193, 0.628105737285158
194, 236, 0.532469720912571
236, 194, 0.532469720912571
194, 262, 0.0796962477004205
262, 194, 0.0796962477004205
195, 268, 0.130289348101035
268, 195, 0.130289348101035
195, 316, 0.00313695299373577
316, 195, 0.00313695299373577
197, 228, 0.236683627824758
228, 197, 0.236683627824758
197, 247, 0.00257096059559055
247, 197, 0.00257096059559055
198, 217, 0.469838986344834
217, 198, 0.469838986344834
198, 220, 0.122523130738862
220, 198, 0.122523130738862
199, 257, 0.154284272410103
257, 199, 0.154284272410103
199, 409, 1e-05
409, 199, 1e-05
200, 222, 0.277908545624267
222, 200, 0.277908545624267
200, 252, 0.0779187317294523
252, 200, 0.0779187317294523
201, 224, 0.229802529701612
224, 201, 0.229802529701612
201, 282, 0.0452291134514222
282, 201, 0.0452291134514222
201, 328, 0.0100360796985859
328, 201, 0.0100360796985859
202, 264, 0.0180468423568269
264, 202, 0.0180468423568269
202, 273, 0.0590207949587842
273, 202, 0.0590207949587842
202, 306, 0.0991778510273848
306, 202, 0.0991778510273848
203, 214, 0.022787916302392
214, 203, 0.022787916302392
203, 248, 0.0044326611116945
248, 203, 0.0044326611116945
204, 326, 1e-05
326, 204, 1e-05
205, 209, 0.349804072096395
209, 205, 0.349804072096395
205, 278, 0.00269804390986464
278, 205, 0.00269804390986464
205, 280, 0.0097414567343403
280, 205, 0.0097414567343403
206, 243, 0.0621220457341103
243, 206, 0.0621220457341103
207, 218, 0.516745188294761
218, 207, 0.516745188294761
207, 240, 0.257684731008555
240, 207, 0.257684731008555
207, 249, 0.00465731191421854
249, 207, 0.00465731191421854
207, 281, 0.00331494255052535
281, 207, 0.00331494255052535
208, 213, 0.277908545624267
213, 208, 0.277908545624267
209, 261, 1e-05
261, 209, 1e-05
209, 280, 0.138175648569242
280, 209, 0.138175648569242
210, 294, 0.000969224446114272
294, 210, 0.000969224446114272
211, 218, 0.174578582525719
218, 211, 0.174578582525719
211, 240, 0.154044907146202
240, 211, 0.154044907146202
212, 227, 0.0539390765566637
227, 212, 0.0539390765566637
213, 241, 0.742974974742532
241, 213, 0.742974974742532
213, 304, 0.00828909882929565
304, 213, 0.00828909882929565
213, 307, 0.133019967490263
307, 213, 0.133019967490263
214, 231, 0.0475676489692445
231, 214, 0.0475676489692445
214, 270, 0.0137772725473786
270, 214, 0.0137772725473786
215, 8256, 0.0417523021228577
259, 215, 0.0417523021228577
215, 296, 0.0100360796985859
296, 215, 0.0100360796985859
215, 327, 0.0492195481308908
327, 215, 0.0492195481308908
215, 343, 0.0124304421257184
343, 215, 0.0124304421257184
216, 8254, 0.628105737285158
233, 216, 0.628105737285158
216, 256, 0.105195879539331
256, 216, 0.105195879539331
216, 269, 0.195069526890207
269, 216, 0.195069526890207
216, 274, 0.810522307500701
274, 216, 0.810522307500701
217, 220, 0.469838986344834
220, 217, 0.469838986344834
217, 244, 0.0353269818479198
244, 217, 0.0353269818479198
217, 252, 0.268280916151203
252, 217, 0.268280916151203
217, 310, 0.0428614974110365
310, 217, 0.0428614974110365
217, 341, 0.0955291119097032
341, 217, 0.0955291119097032
217, 349, 0.0121736546413818
349, 217, 0.0121736546413818
221, 231, 0.0113708219001756
231, 221, 0.0113708219001756
221, 356, 1e-05
356, 221, 1e-05
222, 252, 0.185254409207202
252, 222, 0.185254409207202
222, 290, 0.532469720912571
290, 222, 0.532469720912571
223, 253, 0.658042282352871
253, 223, 0.658042282352871
224, 263, 0.0832579449277447
263, 224, 0.0832579449277447
224, 282, 0.0282871329937561
282, 224, 0.0282871329937561
225, 226, 0.0338952261162001
226, 225, 0.0338952261162001
225, 254, 0.00668392338754667
254, 225, 0.00668392338754667
225, 319, 0.00903924890119309
319, 225, 0.00903924890119309
225, 325, 0.0105551642773362
325, 225, 0.0105551642773362
226, 291, 0.00911675618620394
291, 226, 0.00911675618620394
226, 319, 0.0440311960766308
319, 226, 0.0440311960766308
226, 325, 0.0297875197115453
325, 226, 0.0297875197115453
226, 344, 0.00747944390039523
344, 226, 0.00747944390039523
226, 381, 0.212000488286526
381, 226, 0.212000488286526
228, 247, 0.00949208875268022
247, 228, 0.00949208875268022
228, 264, 0.0793059017859374
264, 228, 0.0793059017859374
229, 266, 0.015955986308768
266, 229, 0.015955986308768
229, 326, 1e-05
326, 229, 1e-05
231, 270, 0.0300837468951851
270, 231, 0.0300837468951851
231, 315, 0.00163605614566937
315, 231, 0.00163605614566937
232, 275, 0.260695854590516
275, 232, 0.260695854590516
232, 356, 0.00204713247510272
356, 232, 0.00204713247510272
233, 269, 0.12236288885522
269, 8254, 0.12236288885522
234, 267, 2.82186450664401e-05
267, 234, 2.82186450664401e-05
234, 278, 0.0728005857121654
278, 234, 0.0728005857121654
235, 8255, 0.496625365024098
242, 235, 0.496625365024098
235, 283, 1e-05
283, 235, 1e-05
235, 298, 0.00065091236650784
298, 235, 0.00065091236650784
235, 351, 1.05499083957404e-05
351, 235, 1.05499083957404e-05
235, 406, 1e-05
406, 235, 1e-05
235, 463, 1e-05
463, 235, 1e-05
236, 265, 0.229802529701612
265, 236, 0.229802529701612
237, 254, 0.410130962890845
254, 237, 0.410130962890845
239, 253, 0.439426876812831
253, 239, 0.439426876812831
239, 300, 0.000132098439944935
300, 239, 0.000132098439944935
239, 354, 0.167340337026346
354, 239, 0.167340337026346
239, 373, 0.742974974742532
373, 239, 0.742974974742532
239, 422, 0.0871434235717786
422, 239, 0.0871434235717786
239, 510, 0.0051649427697066
510, 239, 0.0051649427697066
240, 295, 0.0645796587154807
295, 240, 0.0645796587154807
242, 298, 0.000647747876240906
298, 8255, 0.000647747876240906
243, 283, 0.192153630285636
283, 243, 0.192153630285636
244, 246, 0.349804072096395
246, 244, 0.349804072096395
244, 310, 0.168207407899652
310, 244, 0.168207407899652
245, 285, 0.411952698591726
285, 245, 0.411952698591726
245, 286, 0.0452291134514222
286, 245, 0.0452291134514222
246, 310, 0.0542566557276025
310, 246, 0.0542566557276025
246, 395, 0.000185962063864733
395, 246, 0.000185962063864733
247, 333, 0.000121217485322555
333, 247, 0.000121217485322555
248, 270, 0.00490529211689828
270, 248, 0.00490529211689828
248, 332, 0.00399831910535122
332, 248, 0.00399831910535122
248, 455, 1e-05
455, 248, 1e-05
249, 281, 0.334581888736017
281, 249, 0.334581888736017
250, 257, 0.00231033473413496
257, 250, 0.00231033473413496
250, 396, 4.6427807498903e-05
396, 250, 4.6427807498903e-05
250, 409, 1e-05
409, 250, 1e-05
252, 290, 0.185254409207202
290, 252, 0.185254409207202
252, 336, 0.0912439351103018
