source_id, target_id, probability
0, 193, 1e-05
6, 0, 1e-05
0, 199, 0.000686044986870282
22, 0, 0.000686044986870282
1, 192, 1.72766700858374e-05
4, 1, 1.72766700858374e-05
1, 14, 0.0137827849378844
14, 1, 0.0137827849378844
2, 194, 0.0472008469777302
8, 191, 0.0472008469777302
3, 196, 0.00258903491854267
12, 3, 0.00258903491854267
3, 13, 1e-05
13, 3, 1e-05
3, 15, 0.00231033473413496
15, 3, 0.00231033473413496
3, 24, 5.18557909099552e-05
24, 3, 5.18557909099552e-05
3, 200, 8.9942953559137e-05
25, 3, 8.9942953559137e-05
4, 5, 0.00127749854043836
5, 192, 0.00127749854043836
4, 14, 5.19491388802851e-05
14, 192, 5.19491388802851e-05
4, 19, 0.00026495248502643
19, 192, 0.00026495248502643
4, 42, 1e-05
42, 192, 1e-05
5, 7, 0.0704906091758748
7, 5, 0.0704906091758748
5, 19, 0.0217588334056709
19, 5, 0.0217588334056709
6, 18, 0.000230678750009769
18, 193, 0.000230678750009769
6, 29, 1.90531242359138e-05
29, 193, 1.90531242359138e-05
6, 31, 1e-05
31, 193, 1e-05
7, 9, 0.0342420272554383
9, 7, 0.0342420272554383
7, 19, 0.107222141107373
19, 7, 0.107222141107373
7, 201, 0.0311772401951319
26, 7, 0.0311772401951319
8, 195, 0.539724127553588
11, 194, 0.539724127553588
8, 16, 0.282274347893532
16, 194, 0.282274347893532
9, 13, 0.0585122909111671
13, 9, 0.0585122909111671
9, 17, 0.0353205124937333
17, 9, 0.0353205124937333
10, 14, 1e-05
14, 10, 1e-05
10, 197, 0.310819166376442
20, 10, 0.310819166376442
10, 64, 1e-05
64, 10, 1e-05
10, 70, 1e-05
70, 10, 1e-05
11, 16, 0.193934928616031
16, 195, 0.193934928616031
11, 18, 0.014301012473814
18, 195, 0.014301012473814
12, 15, 0.496625365024098
15, 196, 0.496625365024098
12, 16, 0.024066999492966
16, 196, 0.024066999492966
13, 17, 0.350211762566031
17, 13, 0.350211762566031
13, 24, 1e-05
24, 13, 1e-05
13, 203, 0.00657709995694135
30, 13, 0.00657709995694135
14, 42, 1e-05
42, 14, 1e-05
14, 45, 0.022367439357174
45, 14, 0.022367439357174
14, 64, 1e-05
64, 14, 1e-05
15, 16, 0.126825763822059
16, 15, 0.126825763822059
16, 200, 0.022367439357174
25, 16, 0.022367439357174
16, 32, 0.349804072096395
32, 16, 0.349804072096395
16, 36, 0.532469720912571
36, 16, 0.532469720912571
16, 37, 0.790671594834728
37, 16, 0.790671594834728
16, 206, 0.144489280975036
46, 16, 0.144489280975036
16, 50, 0.742974974742532
50, 16, 0.742974974742532
16, 62, 0.0183601425886682
62, 16, 0.0183601425886682
16, 65, 0.167145838516938
65, 16, 0.167145838516938
17, 201, 0.0177873952151578
26, 17, 0.0177873952151578
17, 203, 0.00448787964333049
30, 17, 0.00448787964333049
17, 204, 0.00118623162599837
35, 17, 0.00118623162599837
18, 29, 0.0174145687992999
29, 18, 0.0174145687992999
19, 28, 0.144489280975036
28, 19, 0.144489280975036
20, 23, 0.155947496834883
23, 197, 0.155947496834883
21, 199, 1e-05
22, 198, 1e-05
21, 202, 0.0217843695894549
27, 198, 0.0217843695894549
22, 202, 5.03290352352996e-05
27, 199, 5.03290352352996e-05
22, 31, 0.0689870661672576
31, 199, 0.0689870661672576
22, 205, 5.33992745792127e-05
43, 199, 5.33992745792127e-05
22, 49, 0.000278617638907171
49, 199, 0.000278617638907171
24, 200, 0.349804072096395
25, 24, 0.349804072096395
24, 34, 0.00077239617784457
34, 24, 0.00077239617784457
24, 37, 0.0159401493808974
37, 24, 0.0159401493808974
25, 37, 0.0413690301520945
37, 200, 0.0413690301520945
26, 28, 0.0777412983424091
28, 201, 0.0777412983424091
26, 204, 0.00350914398640737
35, 201, 0.00350914398640737
27, 41, 0.00655083643003295
41, 202, 0.00655083643003295
27, 205, 0.0032393114124108
43, 202, 0.0032393114124108
28, 204, 1e-05
35, 28, 1e-05
28, 42, 0.0168063263889835
42, 28, 0.0168063263889835
28, 208, 6.72098400841136e-05
56, 28, 6.72098400841136e-05
29, 33, 0.0658175667933771
33, 29, 0.0658175667933771
29, 38, 0.0736252284490904
38, 29, 0.0736252284490904
30, 34, 0.144217971783705
34, 203, 0.144217971783705
30, 204, 0.0370480904542035
35, 203, 0.0370480904542035
31, 40, 0.000225138110772838
40, 31, 0.000225138110772838
31, 47, 0.000294068263773633
47, 31, 0.000294068263773633
31, 48, 0.00186477312947402
48, 31, 0.00186477312947402
31, 49, 0.00467826183345558
49, 31, 0.00467826183345558
32, 33, 0.0320731432780981
33, 32, 0.0320731432780981
32, 206, 0.310819166376442
46, 32, 0.310819166376442
33, 38, 0.0139417750625616
38, 33, 0.0139417750625616
33, 206, 0.000170750794725674
46, 33, 0.000170750794725674
33, 57, 1e-05
57, 33, 1e-05
34, 204, 0.0249307040881065
35, 34, 0.0249307040881065
34, 39, 0.00223338063025423
39, 34, 0.00223338063025423
34, 209, 0.000301267772008866
60, 34, 0.000301267772008866
35, 208, 1e-05
56, 204, 1e-05
35, 71, 1e-05
71, 204, 1e-05
36, 37, 0.039389607723089
37, 36, 0.039389607723089
36, 44, 0.0304021806477296
44, 36, 0.0304021806477296
36, 50, 0.532469720912571
50, 36, 0.532469720912571
36, 51, 0.324675256845284
51, 36, 0.324675256845284
37, 39, 0.470348058049176
39, 37, 0.470348058049176
37, 44, 0.590215766034657
44, 37, 0.590215766034657
38, 40, 0.0286551886102161
40, 38, 0.0286551886102161
38, 57, 1e-05
57, 38, 1e-05
38, 79, 1e-05
79, 38, 1e-05
39, 207, 0.0344726652904767
55, 39, 0.0344726652904767
40, 47, 0.410130962890845
47, 40, 0.410130962890845
41, 205, 0.00646188659528312
43, 41, 0.00646188659528312
41, 53, 0.103588152015576
53, 41, 0.103588152015576
42, 45, 0.000888132747329975
45, 42, 0.000888132747329975
42, 54, 0.310819166376442
54, 42, 0.310819166376442
42, 208, 0.0401570408619743
56, 42, 0.0401570408619743
43, 49, 0.00765512792002353
49, 205, 0.00765512792002353
43, 53, 0.0212507764093124
53, 205, 0.0212507764093124
43, 63, 0.000132778810719999
63, 205, 0.000132778810719999
44, 207, 0.0338167293616517
55, 44, 0.0338167293616517
45, 54, 0.00194370457129575
54, 45, 0.00194370457129575
45, 58, 0.0401390901548455
58, 45, 0.0401390901548455
45, 64, 2.97089092633014e-05
64, 45, 2.97089092633014e-05
46, 57, 0.0227913210564626
57, 206, 0.0227913210564626
46, 62, 0.0211110246773631
62, 206, 0.0211110246773631
47, 52, 0.532469720912571
52, 47, 0.532469720912571
48, 49, 0.264837218588323
49, 48, 0.264837218588323
48, 52, 0.532469720912571
52, 48, 0.532469720912571
48, 63, 0.000120520336765465
63, 48, 0.000120520336765465
49, 63, 0.000345575714215533
63, 49, 0.000345575714215533
50, 51, 0.742974974742532
51, 50, 0.742974974742532
51, 211, 0.00188161929947266
66, 51, 0.00188161929947266
52, 79, 1e-05
79, 52, 1e-05
53, 63, 6.65619788447203e-05
63, 53, 6.65619788447203e-05
54, 210, 0.658042282352871
61, 54, 0.658042282352871
54, 212, 0.0212504758161188
67, 54, 0.0212504758161188
55, 209, 0.790671594834728
60, 207, 0.790671594834728
56, 212, 0.000217067860804813
67, 208, 0.000217067860804813
57, 62, 0.742974974742532
62, 57, 0.742974974742532
58, 210, 0.0961408120095782
61, 58, 0.0961408120095782
58, 64, 0.0210215348718039
64, 58, 0.0210215348718039
59, 209, 0.742974974742532
60, 59, 0.742974974742532
59, 71, 0.000480653942471453
71, 59, 0.000480653942471453
59, 72, 0.00257531314638626
72, 59, 0.00257531314638626
60, 211, 0.226397138016583
66, 209, 0.226397138016583
60, 72, 0.00231033473413496
72, 209, 0.00231033473413496
60, 83, 1e-05
83, 209, 1e-05
61, 64, 0.00953943605221406
64, 210, 0.00953943605221406
61, 212, 0.051478328369623
67, 210, 0.051478328369623
61, 215, 0.00286594550983176
80, 210, 0.00286594550983176
62, 65, 0.0197292267143358
65, 62, 0.0197292267143358
62, 68, 0.0727794100959985
68, 62, 0.0727794100959985
62, 77, 7.10601783290863e-05
77, 62, 7.10601783290863e-05
62, 81, 2.14288726608755e-05
81, 62, 2.14288726608755e-05
63, 75, 1.06830607144682e-05
75, 63, 1.06830607144682e-05
63, 81, 1e-05
81, 63, 1e-05
63, 96, 1e-05
96, 63, 1e-05
64, 70, 0.245878845290238
70, 64, 0.245878845290238
64, 215, 0.000279455021731008
80, 64, 0.000279455021731008
65, 211, 9.62039637914224e-05
66, 65, 9.62039637914224e-05
65, 68, 0.421625716572103
68, 65, 0.421625716572103
65, 214, 0.00220664842385626
74, 65, 0.00220664842385626
66, 213, 0.742974974742532
69, 211, 0.742974974742532
67, 84, 1e-05
84, 212, 1e-05
67, 93, 1e-05
93, 212, 1e-05
68, 214, 0.00021717526061867
74, 68, 0.00021717526061867
68, 81, 2.14118740819252e-05
81, 68, 2.14118740819252e-05
69, 214, 0.00530703257432321
74, 213, 0.00530703257432321
69, 83, 1.84827886956396e-05
83, 213, 1.84827886956396e-05
70, 76, 0.658042282352871
76, 70, 0.658042282352871
70, 216, 9.72022537161424e-05
86, 70, 9.72022537161424e-05
71, 72, 0.226397138016583
72, 71, 0.226397138016583
72, 87, 1.30819936810391e-05
87, 72, 1.30819936810391e-05
73, 76, 0.0124304421257184
76, 73, 0.0124304421257184
73, 78, 0.0723083310735171
78, 73, 0.0723083310735171
73, 100, 1e-05
100, 73, 1e-05
74, 81, 1e-05
81, 214, 1e-05
74, 85, 0.00472940811313067
85, 214, 0.00472940811313067
74, 219, 1e-05
91, 214, 1e-05
75, 82, 0.00238540122672713
82, 75, 0.00238540122672713
75, 96, 1e-05
96, 75, 1e-05
76, 78, 0.810522307500701
78, 76, 0.810522307500701
77, 79, 0.349804072096395
79, 77, 0.349804072096395
77, 81, 0.0735846260840388
81, 77, 0.0735846260840388
78, 216, 7.33497770818466e-05
86, 78, 7.33497770818466e-05
78, 90, 1e-05
90, 78, 1e-05
78, 100, 1e-05
100, 78, 1e-05
79, 81, 0.532469720912571
81, 79, 0.532469720912571
80, 218, 0.000829220845273322
89, 215, 0.000829220845273322
81, 219, 0.00242845711464151
91, 81, 0.00242845711464151
81, 94, 0.00156019229681962
94, 81, 0.00156019229681962
82, 96, 1e-05
96, 82, 1e-05
82, 98, 4.12927858927301e-05
98, 82, 4.12927858927301e-05
83, 85, 0.095639477634314
85, 83, 0.095639477634314
83, 87, 0.107663619158111
87, 83, 0.107663619158111
83, 95, 0.681527259605944
95, 83, 0.681527259605944
84, 87, 0.0363567734378893
87, 84, 0.0363567734378893
84, 92, 0.0575155038237933
92, 84, 0.0575155038237933
84, 93, 0.146729928244971
93, 84, 0.146729928244971
85, 219, 6.03196222807884e-05
91, 85, 6.03196222807884e-05
85, 97, 0.00856843040011011
97, 85, 0.00856843040011011
86, 218, 0.0211801579748437
89, 216, 0.0211801579748437
86, 90, 0.658042282352871
90, 216, 0.658042282352871
87, 92, 0.220365520094953
92, 87, 0.220365520094953
87, 95, 0.0161293954383954
95, 87, 0.0161293954383954
88, 94, 0.00237673374798829
94, 217, 0.00237673374798829
88, 96, 0.000908479045097894
96, 217, 0.000908479045097894
88, 99, 0.0306583787630472
99, 217, 0.0306583787630472
89, 93, 0.0949983647418482
93, 218, 0.0949983647418482
90, 93, 0.104800303748864
93, 90, 0.104800303748864
91, 97, 6.42952099412138e-05
97, 219, 6.42952099412138e-05
91, 109, 1e-05
109, 219, 1e-05
91, 112, 1e-05
112, 219, 1e-05
92, 93, 0.060234680054914
93, 92, 0.060234680054914
92, 95, 0.117153247027119
95, 92, 0.117153247027119
93, 95, 1e-05
95, 93, 1e-05
93, 100, 0.161145080382234
100, 93, 0.161145080382234
93, 101, 0.203743997231092
101, 93, 0.203743997231092
93, 104, 0.469838986344834
104, 93, 0.469838986344834
93, 105, 0.0583303442993272
105, 93, 0.0583303442993272
93, 107, 0.076169527241833
107, 93, 0.076169527241833
93, 110, 0.349804072096395
110, 93, 0.349804072096395
93, 118, 0.0141362067956961
118, 93, 0.0141362067956961
93, 124, 0.2948266973074
124, 93, 0.2948266973074
93, 127, 0.358449360190543
127, 93, 0.358449360190543
93, 132, 0.222779144445968
132, 93, 0.222779144445968
93, 137, 0.23322772768421
137, 93, 0.23322772768421
94, 99, 0.00976309356224933
99, 94, 0.00976309356224933
95, 102, 0.347836034133816
102, 95, 0.347836034133816
95, 107, 6.63479520081934e-05
107, 95, 6.63479520081934e-05
96, 98, 4.63412223384089e-05
98, 96, 4.63412223384089e-05
96, 99, 0.1421332617542
99, 96, 0.1421332617542
96, 103, 0.000118797174529425
103, 96, 0.000118797174529425
98, 103, 0.164407291161546
103, 98, 0.164407291161546
98, 106, 0.229802529701612
106, 98, 0.229802529701612
98, 108, 0.742974974742532
108, 98, 0.742974974742532
99, 112, 1e-05
112, 99, 1e-05
100, 101, 0.0471240090413688
101, 100, 0.0471240090413688
100, 105, 0.0139875368500043
105, 100, 0.0139875368500043
100, 127, 0.150967947116143
127, 100, 0.150967947116143
101, 105, 0.508742360582593
105, 101, 0.508742360582593
102, 113, 0.000663994837671675
113, 102, 0.000663994837671675
103, 106, 0.146048496003492
106, 103, 0.146048496003492
103, 121, 0.00524334543411508
121, 103, 0.00524334543411508
104, 105, 0.0542566557276025
105, 104, 0.0542566557276025
106, 108, 0.00248020271261566
108, 106, 0.00248020271261566
106, 115, 0.000494725005447491
115, 106, 0.000494725005447491
106, 121, 8.28926365094786e-05
121, 106, 8.28926365094786e-05
107, 110, 0.0539390765566637
110, 107, 0.0539390765566637
107, 119, 0.520295340856628
119, 107, 0.520295340856628
108, 115, 0.21249272330378
115, 108, 0.21249272330378
109, 111, 0.2948266973074
111, 109, 0.2948266973074
109, 113, 1e-05
113, 109, 1e-05
110, 220, 0.349804072096395
114, 110, 0.349804072096395
110, 118, 0.0630008391618792
118, 110, 0.0630008391618792
110, 119, 0.369279406527046
119, 110, 0.369279406527046
110, 131, 0.0113960791605888
131, 110, 0.0113960791605888
111, 112, 0.658042282352871
112, 111, 0.658042282352871
111, 116, 0.742974974742532
116, 111, 0.742974974742532
111, 224, 1e-05
151, 111, 1e-05
111, 152, 1e-05
152, 111, 1e-05
112, 117, 0.658042282352871
117, 112, 0.658042282352871
113, 120, 0.00330285546447759
120, 113, 0.00330285546447759
114, 119, 0.235410469387599
119, 220, 0.235410469387599
115, 122, 0.427335771399947
122, 115, 0.427335771399947
115, 123, 0.532469720912571
123, 115, 0.532469720912571
116, 153, 1e-05
153, 116, 1e-05
117, 126, 1e-05
126, 117, 1e-05
117, 129, 1e-05
129, 117, 1e-05
117, 221, 1e-05
135, 117, 1e-05
117, 224, 1e-05
151, 117, 1e-05
118, 124, 0.184736231572336
124, 118, 0.184736231572336
118, 132, 0.0133863563361725
132, 118, 0.0133863563361725
119, 120, 0.520295340856628
120, 119, 0.520295340856628
119, 125, 0.469838986344834
125, 119, 0.469838986344834
119, 131, 0.0253491273412372
131, 119, 0.0253491273412372
119, 138, 0.32571929719199
138, 119, 0.32571929719199
119, 158, 1e-05
158, 119, 1e-05
120, 125, 0.134277032136435
125, 120, 0.134277032136435
121, 122, 0.0119497322829628
122, 121, 0.0119497322829628
121, 126, 0.00201658226615672
126, 121, 0.00201658226615672
121, 128, 0.220365520094953
128, 121, 0.220365520094953
121, 134, 0.00960617054878535
134, 121, 0.00960617054878535
121, 136, 0.810522307500701
136, 121, 0.810522307500701
121, 143, 0.742974974742532
143, 121, 0.742974974742532
121, 150, 0.310819166376442
150, 121, 0.310819166376442
122, 123, 0.552011813093666
123, 122, 0.552011813093666
122, 128, 0.102242156105288
128, 122, 0.102242156105288
125, 138, 0.124973894635751
138, 125, 0.124973894635751
125, 139, 0.421625716572103
139, 125, 0.421625716572103
126, 130, 0.226606741449498
130, 126, 0.226606741449498
127, 141, 0.191659917219686
141, 127, 0.191659917219686
127, 148, 0.0138500851411638
148, 127, 0.0138500851411638
129, 130, 0.0222806480453129
130, 129, 0.0222806480453129
129, 221, 0.0213917440296155
135, 129, 0.0213917440296155
129, 142, 0.0121925351905331
142, 129, 0.0121925351905331
129, 147, 0.0112857147109867
147, 129, 0.0112857147109867
130, 134, 0.532469720912571
134, 130, 0.532469720912571
131, 133, 0.469838986344834
133, 131, 0.469838986344834
131, 158, 1e-05
158, 131, 1e-05
132, 133, 0.658042282352871
133, 132, 0.658042282352871
132, 137, 0.235884474749788
137, 132, 0.235884474749788
132, 223, 0.122523130738862
146, 132, 0.122523130738862
132, 158, 1e-05
158, 132, 1e-05
134, 136, 0.0147410848289666
136, 134, 0.0147410848289666
134, 142, 0.0182306594338027
142, 134, 0.0182306594338027
134, 222, 0.0738447326682814
145, 134, 0.0738447326682814
135, 147, 0.411952698591726
147, 221, 0.411952698591726
136, 143, 0.164407291161546
143, 136, 0.164407291161546
136, 149, 0.164407291161546
149, 136, 0.164407291161546
136, 150, 0.410130962890845
150, 136, 0.410130962890845
137, 140, 0.2948266973074
140, 137, 0.2948266973074
137, 144, 0.23322772768421
144, 137, 0.23322772768421
137, 223, 0.339113115971952
146, 137, 0.339113115971952
137, 226, 2.65348556383257e-05
163, 137, 2.65348556383257e-05
138, 139, 0.0692710204430663
139, 138, 0.0692710204430663
139, 161, 1e-05
161, 139, 1e-05
140, 144, 0.376371092576331
144, 140, 0.376371092576331
141, 144, 0.249596637703264
144, 141, 0.249596637703264
141, 148, 0.350211762566031
148, 141, 0.350211762566031
142, 222, 0.121571715528728
145, 142, 0.121571715528728
142, 147, 0.0964716453024347
147, 142, 0.0964716453024347
143, 150, 0.150914518183405
150, 143, 0.150914518183405
145, 147, 0.0773973961606435
147, 222, 0.0773973961606435
145, 149, 0.144489280975036
149, 222, 0.144489280975036
146, 164, 1e-05
164, 223, 1e-05
147, 149, 0.0247723908667666
149, 147, 0.0247723908667666
147, 224, 0.124973894635751
151, 147, 0.124973894635751
148, 226, 1.06478318442727e-05
163, 148, 1.06478318442727e-05
149, 150, 0.0132547843262175
150, 149, 0.0132547843262175
149, 224, 0.0132693099188006
151, 149, 0.0132693099188006
149, 156, 0.0157737098198851
156, 149, 0.0157737098198851
149, 159, 0.0126334525214036
159, 149, 0.0126334525214036
149, 166, 2.11984555372231e-05
166, 149, 2.11984555372231e-05
149, 172, 0.520295340856628
172, 149, 0.520295340856628
150, 154, 0.304717043928752
154, 150, 0.304717043928752
150, 166, 0.000338727630132623
166, 150, 0.000338727630132623
151, 225, 0.00390939584999456
155, 224, 0.00390939584999456
151, 156, 0.0811983456705278
156, 224, 0.0811983456705278
152, 153, 0.2948266973074
153, 152, 0.2948266973074
152, 225, 0.00169375712322842
155, 152, 0.00169375712322842
152, 159, 0.0211808555120344
159, 152, 0.0211808555120344
153, 157, 0.32571929719199
157, 153, 0.32571929719199
153, 165, 0.095639477634314
165, 153, 0.095639477634314
154, 166, 0.00854431238972076
166, 154, 0.00854431238972076
154, 167, 0.00225236016655126
167, 154, 0.00225236016655126
155, 156, 0.150967947116143
156, 225, 0.150967947116143
155, 159, 0.018774735936814
159, 225, 0.018774735936814
156, 159, 0.0495062843087276
159, 156, 0.0495062843087276
157, 162, 0.0087937552443344
162, 157, 0.0087937552443344
157, 170, 0.350211762566031
170, 157, 0.350211762566031
157, 171, 0.0659749580173659
171, 157, 0.0659749580173659
158, 160, 0.546748509081759
160, 158, 0.546748509081759
158, 164, 0.532469720912571
164, 158, 0.532469720912571
159, 165, 0.00879317088202222
165, 159, 0.00879317088202222
159, 170, 0.2948266973074
170, 159, 0.2948266973074
159, 172, 0.00114906664290564
172, 159, 0.00114906664290564
159, 173, 0.29613192149184
173, 159, 0.29613192149184
159, 180, 0.206924559858436
180, 159, 0.206924559858436
160, 161, 0.0147652044105144
161, 160, 0.0147652044105144
160, 177, 1.18099133942944e-05
177, 160, 1.18099133942944e-05
161, 162, 1e-05
162, 161, 1e-05
161, 227, 1.11568445847255e-05
169, 161, 1.11568445847255e-05
163, 168, 0.00310114416381825
168, 226, 0.00310114416381825
164, 168, 0.658042282352871
168, 164, 0.658042282352871
164, 174, 0.498143588834002
174, 164, 0.498143588834002
164, 177, 1e-05
177, 164, 1e-05
164, 179, 0.0392832539794307
179, 164, 0.0392832539794307
164, 188, 0.496625365024098
188, 164, 0.496625365024098
164, 190, 1e-05
190, 164, 1e-05
165, 170, 0.0185292689596702
170, 165, 0.0185292689596702
166, 167, 0.168064616396068
167, 166, 0.168064616396068
166, 172, 0.0253491273412372
172, 166, 0.0253491273412372
166, 175, 0.2948266973074
175, 166, 0.2948266973074
167, 175, 0.217442956073043
175, 167, 0.217442956073043
167, 176, 0.658042282352871
176, 167, 0.658042282352871
169, 181, 0.000239542278092537
181, 227, 0.000239542278092537
169, 182, 1e-05
182, 227, 1e-05
169, 189, 0.00403805162248331
189, 227, 0.00403805162248331
170, 171, 0.0131413337989911
171, 170, 0.0131413337989911
170, 173, 0.2948266973074
173, 170, 0.2948266973074
170, 183, 0.440374825321507
183, 170, 0.440374825321507
170, 184, 0.0456006421730289
184, 170, 0.0456006421730289
170, 186, 0.00843425058373935
186, 170, 0.00843425058373935
171, 182, 0.00638713753233431
182, 171, 0.00638713753233431
171, 186, 0.245878845290238
186, 171, 0.245878845290238
172, 175, 0.440374825321507
175, 172, 0.440374825321507
172, 187, 0.00274807394008136
187, 172, 0.00274807394008136
173, 180, 0.232154290587032
180, 173, 0.232154290587032
173, 184, 0.0898571447536882
184, 173, 0.0898571447536882
174, 190, 1e-05
190, 174, 1e-05
175, 178, 0.532469720912571
178, 175, 0.532469720912571
177, 181, 0.179549416587972
181, 177, 0.179549416587972
177, 190, 0.0997934513321924
190, 177, 0.0997934513321924
179, 188, 0.114675963471382
188, 179, 0.114675963471382
180, 184, 0.349804072096395
184, 180, 0.349804072096395
180, 185, 0.810522307500701
185, 180, 0.810522307500701
181, 189, 0.00122114096860489
189, 181, 0.00122114096860489
182, 189, 0.000185575709952276
189, 182, 0.000185575709952276
183, 184, 0.151219781135312
184, 183, 0.151219781135312
185, 187, 8.19400990809581e-05
187, 185, 8.19400990809581e-05
191, 2, 0
192, 4, 0
193, 6, 0
194, 8, 0
195, 11, 0
196, 12, 0
197, 20, 0
198, 21, 0
199, 22, 0
200, 25, 0
201, 26, 0
202, 27, 0
203, 30, 0
204, 35, 0
205, 43, 0
206, 46, 0
207, 55, 0
208, 56, 0
209, 60, 0
210, 61, 0
211, 66, 0
212, 67, 0
213, 69, 0
214, 74, 0
215, 80, 0
216, 86, 0
217, 88, 0
218, 89, 0
219, 91, 0
220, 114, 0
221, 135, 0
222, 145, 0
223, 146, 0
224, 151, 0
225, 155, 0
226, 163, 0
227, 169, 0
