source_id, target_id, probability
0, 255, 1e-05
6, 0, 1e-05
0, 257, 1e-05
12, 0, 1e-05
1, 253, 1e-05
2, 1, 1e-05
1, 7, 0.000144075406296685
7, 1, 0.000144075406296685
2, 4, 1e-05
4, 253, 1e-05
2, 260, 1e-05
17, 253, 1e-05
2, 262, 1e-05
21, 253, 1e-05
3, 5, 0.000766285537748764
5, 254, 0.000766285537748764
3, 9, 0.00270617072659849
9, 254, 0.00270617072659849
4, 10, 1e-05
10, 4, 1e-05
4, 15, 1e-05
15, 4, 1e-05
5, 255, 3.5194016052889e-05
6, 5, 3.5194016052889e-05
5, 9, 0.00101607142466885
9, 5, 0.00101607142466885
5, 11, 0.000677456147321065
11, 5, 0.000677456147321065
5, 257, 1e-05
12, 5, 1e-05
6, 257, 0.000197608410564
12, 255, 0.000197608410564
7, 258, 1e-05
13, 7, 1e-05
7, 259, 3.24396284535111e-05
14, 7, 3.24396284535111e-05
8, 9, 0.0195010910095887
9, 256, 0.0195010910095887
8, 10, 0.00896971465791174
10, 256, 0.00896971465791174
8, 11, 0.0047582098735142
11, 256, 0.0047582098735142
9, 11, 0.628105737285158
11, 9, 0.628105737285158
10, 11, 0.00592620355388472
11, 10, 0.00592620355388472
10, 15, 1e-05
15, 10, 1e-05
10, 268, 1e-05
37, 10, 1e-05
10, 269, 1e-05
38, 10, 1e-05
11, 257, 1e-05
12, 11, 1e-05
11, 266, 1e-05
28, 11, 1e-05
11, 268, 1e-05
37, 11, 1e-05
12, 266, 1e-05
28, 257, 1e-05
12, 41, 1e-05
41, 257, 1e-05
13, 259, 1e-05
14, 258, 1e-05
13, 18, 1e-05
18, 258, 1e-05
13, 24, 1e-05
24, 258, 1e-05
13, 29, 1e-05
29, 258, 1e-05
14, 260, 1.02987336702281e-05
17, 259, 1.02987336702281e-05
14, 18, 1e-05
18, 259, 1e-05
14, 265, 1e-05
27, 259, 1e-05
15, 262, 1e-05
21, 15, 1e-05
15, 270, 0.000686044986870282
39, 15, 0.000686044986870282
16, 261, 1.72766700858374e-05
19, 16, 1.72766700858374e-05
16, 30, 0.0137827849378844
30, 16, 0.0137827849378844
17, 263, 0.0472008469777302
23, 260, 0.0472008469777302
18, 265, 0.00258903491854267
27, 18, 0.00258903491854267
18, 29, 1e-05
29, 18, 1e-05
18, 31, 0.00231033473413496
31, 18, 0.00231033473413496
18, 42, 5.18557909099552e-05
42, 18, 5.18557909099552e-05
18, 271, 8.9942953559137e-05
43, 18, 8.9942953559137e-05
19, 20, 0.00127749854043836
20, 261, 0.00127749854043836
19, 30, 5.19491388802851e-05
30, 261, 5.19491388802851e-05
19, 35, 0.00026495248502643
35, 261, 0.00026495248502643
19, 60, 1e-05
60, 261, 1e-05
20, 22, 0.0704906091758748
22, 20, 0.0704906091758748
20, 35, 0.0217588334056709
35, 20, 0.0217588334056709
21, 34, 0.000230678750009769
34, 262, 0.000230678750009769
21, 47, 1.90531242359138e-05
47, 262, 1.90531242359138e-05
21, 49, 1e-05
49, 262, 1e-05
22, 24, 0.0342420272554383
24, 22, 0.0342420272554383
22, 35, 0.107222141107373
35, 22, 0.107222141107373
22, 272, 0.0311772401951319
44, 22, 0.0311772401951319
23, 264, 0.539724127553588
26, 263, 0.539724127553588
23, 32, 0.282274347893532
32, 263, 0.282274347893532
24, 29, 0.0585122909111671
29, 24, 0.0585122909111671
24, 33, 0.0353205124937333
33, 24, 0.0353205124937333
25, 30, 1e-05
30, 25, 1e-05
25, 267, 0.310819166376442
36, 25, 0.310819166376442
25, 83, 1e-05
83, 25, 1e-05
25, 89, 1e-05
89, 25, 1e-05
26, 32, 0.193934928616031
32, 264, 0.193934928616031
26, 34, 0.014301012473814
34, 264, 0.014301012473814
27, 31, 0.496625365024098
31, 265, 0.496625365024098
27, 32, 0.024066999492966
32, 265, 0.024066999492966
28, 268, 0.0399303169399299
37, 266, 0.0399303169399299
28, 41, 0.00442927135944621
41, 266, 0.00442927135944621
29, 33, 0.350211762566031
33, 29, 0.350211762566031
29, 42, 1e-05
42, 29, 1e-05
29, 274, 0.00657709995694135
48, 29, 0.00657709995694135
30, 60, 1e-05
60, 30, 1e-05
30, 63, 0.022367439357174
63, 30, 0.022367439357174
30, 83, 1e-05
83, 30, 1e-05
31, 32, 0.126825763822059
32, 31, 0.126825763822059
32, 271, 0.022367439357174
43, 32, 0.022367439357174
32, 50, 0.349804072096395
50, 32, 0.349804072096395
32, 54, 0.532469720912571
54, 32, 0.532469720912571
32, 55, 0.790671594834728
55, 32, 0.790671594834728
32, 277, 0.144489280975036
64, 32, 0.144489280975036
32, 68, 0.742974974742532
68, 32, 0.742974974742532
32, 81, 0.0183601425886682
81, 32, 0.0183601425886682
32, 84, 0.167145838516938
84, 32, 0.167145838516938
33, 272, 0.0177873952151578
44, 33, 0.0177873952151578
33, 274, 0.00448787964333049
48, 33, 0.00448787964333049
33, 275, 0.00118623162599837
53, 33, 0.00118623162599837
34, 47, 0.0174145687992999
47, 34, 0.0174145687992999
35, 46, 0.144489280975036
46, 35, 0.144489280975036
36, 40, 0.155947496834883
40, 267, 0.155947496834883
37, 269, 1e-05
38, 268, 1e-05
37, 41, 0.000539893175641492
41, 268, 0.000539893175641492
37, 273, 1e-05
45, 268, 1e-05
37, 59, 1e-05
59, 268, 1e-05
37, 77, 1e-05
77, 268, 1e-05
38, 270, 1e-05
39, 269, 1e-05
38, 273, 0.0217843695894549
45, 269, 0.0217843695894549
39, 273, 5.03290352352996e-05
45, 270, 5.03290352352996e-05
39, 49, 0.0689870661672576
49, 270, 0.0689870661672576
39, 276, 5.33992745792127e-05
61, 270, 5.33992745792127e-05
39, 67, 0.000278617638907171
67, 270, 0.000278617638907171
41, 105, 1e-05
105, 41, 1e-05
42, 271, 0.349804072096395
43, 42, 0.349804072096395
42, 52, 0.00077239617784457
52, 42, 0.00077239617784457
42, 55, 0.0159401493808974
55, 42, 0.0159401493808974
43, 55, 0.0413690301520945
55, 271, 0.0413690301520945
44, 46, 0.0777412983424091
46, 272, 0.0777412983424091
44, 275, 0.00350914398640737
53, 272, 0.00350914398640737
45, 59, 0.00655083643003295
59, 273, 0.00655083643003295
45, 276, 0.0032393114124108
61, 273, 0.0032393114124108
46, 275, 1e-05
53, 46, 1e-05
46, 60, 0.0168063263889835
60, 46, 0.0168063263889835
46, 279, 6.72098400841136e-05
74, 46, 6.72098400841136e-05
47, 51, 0.0658175667933771
51, 47, 0.0658175667933771
47, 56, 0.0736252284490904
56, 47, 0.0736252284490904
48, 52, 0.144217971783705
52, 274, 0.144217971783705
48, 275, 0.0370480904542035
53, 274, 0.0370480904542035
49, 58, 0.000225138110772838
58, 49, 0.000225138110772838
49, 65, 0.000294068263773633
65, 49, 0.000294068263773633
49, 66, 0.00186477312947402
66, 49, 0.00186477312947402
49, 67, 0.00467826183345558
67, 49, 0.00467826183345558
50, 51, 0.0320731432780981
51, 50, 0.0320731432780981
50, 277, 0.310819166376442
64, 50, 0.310819166376442
51, 56, 0.0139417750625616
56, 51, 0.0139417750625616
51, 277, 0.000170750794725674
64, 51, 0.000170750794725674
51, 75, 1e-05
75, 51, 1e-05
52, 275, 0.0249307040881065
53, 52, 0.0249307040881065
52, 57, 0.00223338063025423
57, 52, 0.00223338063025423
52, 280, 0.000301267772008866
79, 52, 0.000301267772008866
53, 279, 1e-05
74, 275, 1e-05
53, 90, 1e-05
90, 275, 1e-05
54, 55, 0.039389607723089
55, 54, 0.039389607723089
54, 62, 0.0304021806477296
62, 54, 0.0304021806477296
54, 68, 0.532469720912571
68, 54, 0.532469720912571
54, 69, 0.324675256845284
69, 54, 0.324675256845284
55, 57, 0.470348058049176
57, 55, 0.470348058049176
55, 62, 0.590215766034657
62, 55, 0.590215766034657
56, 58, 0.0286551886102161
58, 56, 0.0286551886102161
56, 75, 1e-05
75, 56, 1e-05
56, 98, 1e-05
98, 56, 1e-05
57, 278, 0.0344726652904767
73, 57, 0.0344726652904767
58, 65, 0.410130962890845
65, 58, 0.410130962890845
59, 276, 0.00646188659528312
61, 59, 0.00646188659528312
59, 71, 0.103588152015576
71, 59, 0.103588152015576
60, 63, 0.000888132747329975
63, 60, 0.000888132747329975
60, 72, 0.310819166376442
72, 60, 0.310819166376442
60, 279, 0.0401570408619743
74, 60, 0.0401570408619743
61, 67, 0.00765512792002353
67, 276, 0.00765512792002353
61, 71, 0.0212507764093124
71, 276, 0.0212507764093124
61, 82, 0.000132778810719999
82, 276, 0.000132778810719999
62, 278, 0.0338167293616517
73, 62, 0.0338167293616517
63, 72, 0.00194370457129575
72, 63, 0.00194370457129575
63, 76, 0.0401390901548455
76, 63, 0.0401390901548455
63, 83, 2.97089092633014e-05
83, 63, 2.97089092633014e-05
64, 75, 0.0227913210564626
75, 277, 0.0227913210564626
64, 81, 0.0211110246773631
81, 277, 0.0211110246773631
65, 70, 0.532469720912571
70, 65, 0.532469720912571
66, 67, 0.264837218588323
67, 66, 0.264837218588323
66, 70, 0.532469720912571
70, 66, 0.532469720912571
66, 82, 0.000120520336765465
82, 66, 0.000120520336765465
67, 82, 0.000345575714215533
82, 67, 0.000345575714215533
68, 69, 0.742974974742532
69, 68, 0.742974974742532
69, 282, 0.00188161929947266
85, 69, 0.00188161929947266
70, 98, 1e-05
98, 70, 1e-05
71, 77, 1.16802572080933e-05
77, 71, 1.16802572080933e-05
71, 82, 6.65619788447203e-05
82, 71, 6.65619788447203e-05
72, 281, 0.658042282352871
80, 72, 0.658042282352871
72, 283, 0.0212504758161188
86, 72, 0.0212504758161188
73, 280, 0.790671594834728
79, 278, 0.790671594834728
74, 283, 0.000217067860804813
86, 279, 0.000217067860804813
75, 81, 0.742974974742532
81, 75, 0.742974974742532
76, 281, 0.0961408120095782
80, 76, 0.0961408120095782
76, 83, 0.0210215348718039
83, 76, 0.0210215348718039
77, 82, 1e-05
82, 77, 1e-05
77, 109, 1e-05
109, 77, 1e-05
77, 289, 1e-05
112, 77, 1e-05
78, 280, 0.742974974742532
79, 78, 0.742974974742532
78, 90, 0.000480653942471453
90, 78, 0.000480653942471453
78, 91, 0.00257531314638626
91, 78, 0.00257531314638626
79, 282, 0.226397138016583
85, 280, 0.226397138016583
79, 91, 0.00231033473413496
91, 280, 0.00231033473413496
79, 104, 1e-05
104, 280, 1e-05
80, 83, 0.00953943605221406
83, 281, 0.00953943605221406
80, 283, 0.051478328369623
86, 281, 0.051478328369623
80, 286, 0.00286594550983176
99, 281, 0.00286594550983176
81, 84, 0.0197292267143358
84, 81, 0.0197292267143358
81, 87, 0.0727794100959985
87, 81, 0.0727794100959985
81, 96, 7.10601783290863e-05
96, 81, 7.10601783290863e-05
81, 102, 2.14288726608755e-05
102, 81, 2.14288726608755e-05
82, 94, 1.06830607144682e-05
94, 82, 1.06830607144682e-05
82, 102, 1e-05
102, 82, 1e-05
82, 122, 1e-05
122, 82, 1e-05
83, 89, 0.245878845290238
89, 83, 0.245878845290238
83, 286, 0.000279455021731008
99, 83, 0.000279455021731008
84, 282, 9.62039637914224e-05
85, 84, 9.62039637914224e-05
84, 87, 0.421625716572103
87, 84, 0.421625716572103
84, 285, 0.00220664842385626
93, 84, 0.00220664842385626
85, 284, 0.742974974742532
88, 282, 0.742974974742532
86, 106, 1e-05
106, 283, 1e-05
86, 118, 1e-05
118, 283, 1e-05
87, 285, 0.00021717526061867
93, 87, 0.00021717526061867
87, 102, 2.14118740819252e-05
102, 87, 2.14118740819252e-05
88, 285, 0.00530703257432321
93, 284, 0.00530703257432321
88, 104, 1.84827886956396e-05
104, 284, 1.84827886956396e-05
89, 95, 0.658042282352871
95, 89, 0.658042282352871
89, 287, 9.72022537161424e-05
108, 89, 9.72022537161424e-05
90, 91, 0.226397138016583
91, 90, 0.226397138016583
91, 110, 1.30819936810391e-05
110, 91, 1.30819936810391e-05
92, 95, 0.0124304421257184
95, 92, 0.0124304421257184
92, 97, 0.0723083310735171
97, 92, 0.0723083310735171
92, 129, 1e-05
129, 92, 1e-05
93, 102, 1e-05
102, 285, 1e-05
93, 107, 0.00472940811313067
107, 285, 0.00472940811313067
93, 291, 1e-05
116, 285, 1e-05
94, 103, 0.00238540122672713
103, 94, 0.00238540122672713
94, 122, 1e-05
122, 94, 1e-05
95, 97, 0.810522307500701
97, 95, 0.810522307500701
96, 98, 0.349804072096395
98, 96, 0.349804072096395
96, 102, 0.0735846260840388
102, 96, 0.0735846260840388
97, 287, 7.33497770818466e-05
108, 97, 7.33497770818466e-05
97, 115, 1e-05
115, 97, 1e-05
97, 129, 1e-05
129, 97, 1e-05
98, 102, 0.532469720912571
102, 98, 0.532469720912571
99, 290, 0.000829220845273322
113, 286, 0.000829220845273322
100, 101, 0.552011813093666
101, 100, 0.552011813093666
101, 105, 1e-05
105, 101, 1e-05
101, 134, 1e-05
134, 101, 1e-05
102, 291, 0.00242845711464151
116, 102, 0.00242845711464151
102, 119, 0.00156019229681962
119, 102, 0.00156019229681962
103, 289, 1e-05
112, 103, 1e-05
103, 122, 1e-05
122, 103, 1e-05
103, 292, 3.23562605854673e-05
125, 103, 3.23562605854673e-05
103, 127, 4.12927858927301e-05
127, 103, 4.12927858927301e-05
104, 107, 0.095639477634314
107, 104, 0.095639477634314
104, 110, 0.107663619158111
110, 104, 0.107663619158111
104, 120, 0.681527259605944
120, 104, 0.681527259605944
105, 109, 0.0583303442993272
109, 105, 0.0583303442993272
106, 110, 0.0363567734378893
110, 106, 0.0363567734378893
106, 117, 0.0575155038237933
117, 106, 0.0575155038237933
106, 118, 0.146729928244971
118, 106, 0.146729928244971
107, 291, 6.03196222807884e-05
116, 107, 6.03196222807884e-05
107, 124, 0.00856843040011011
124, 107, 0.00856843040011011
108, 290, 0.0211801579748437
113, 287, 0.0211801579748437
108, 115, 0.658042282352871
115, 287, 0.658042282352871
109, 114, 0.00863929693630294
114, 109, 0.00863929693630294
110, 117, 0.220365520094953
117, 110, 0.220365520094953
110, 120, 0.0161293954383954
120, 110, 0.0161293954383954
111, 119, 0.00237673374798829
119, 288, 0.00237673374798829
111, 122, 0.000908479045097894
122, 288, 0.000908479045097894
111, 128, 0.0306583787630472
128, 288, 0.0306583787630472
112, 123, 0.0293697275941709
123, 289, 0.0293697275941709
112, 292, 0.00103477374196841
125, 289, 0.00103477374196841
113, 118, 0.0949983647418482
118, 290, 0.0949983647418482
114, 126, 0.167145838516938
126, 114, 0.167145838516938
114, 134, 1e-05
134, 114, 1e-05
115, 118, 0.104800303748864
118, 115, 0.104800303748864
116, 124, 6.42952099412138e-05
124, 291, 6.42952099412138e-05
116, 140, 1e-05
140, 291, 1e-05
116, 146, 1e-05
146, 291, 1e-05
117, 118, 0.060234680054914
118, 117, 0.060234680054914
117, 120, 0.117153247027119
120, 117, 0.117153247027119
118, 120, 1e-05
120, 118, 1e-05
118, 129, 0.161145080382234
129, 118, 0.161145080382234
118, 130, 0.203743997231092
130, 118, 0.203743997231092
118, 133, 0.469838986344834
133, 118, 0.469838986344834
118, 135, 0.0583303442993272
135, 118, 0.0583303442993272
118, 137, 0.076169527241833
137, 118, 0.076169527241833
118, 143, 0.349804072096395
143, 118, 0.349804072096395
118, 153, 0.0141362067956961
153, 118, 0.0141362067956961
118, 160, 0.2948266973074
160, 118, 0.2948266973074
118, 166, 0.358449360190543
166, 118, 0.358449360190543
118, 172, 0.222779144445968
172, 118, 0.222779144445968
118, 177, 0.23322772768421
177, 118, 0.23322772768421
119, 128, 0.00976309356224933
128, 119, 0.00976309356224933
120, 131, 0.347836034133816
131, 120, 0.347836034133816
120, 137, 6.63479520081934e-05
137, 120, 6.63479520081934e-05
121, 134, 1e-05
134, 121, 1e-05
122, 127, 4.63412223384089e-05
127, 122, 4.63412223384089e-05
122, 128, 0.1421332617542
128, 122, 0.1421332617542
122, 132, 0.000118797174529425
132, 122, 0.000118797174529425
123, 126, 0.229802529701612
126, 123, 0.229802529701612
123, 127, 0.00157980715758402
127, 123, 0.00157980715758402
123, 138, 3.52676438167776e-05
138, 123, 3.52676438167776e-05
125, 127, 0.310819166376442
127, 292, 0.310819166376442
126, 134, 1e-05
134, 126, 1e-05
126, 138, 4.72378398392349e-05
138, 126, 4.72378398392349e-05
126, 141, 1e-05
141, 126, 1e-05
126, 148, 1e-05
148, 126, 1e-05
127, 132, 0.164407291161546
132, 127, 0.164407291161546
127, 136, 0.229802529701612
136, 127, 0.229802529701612
127, 138, 0.000173226588747326
138, 127, 0.000173226588747326
127, 139, 0.742974974742532
139, 127, 0.742974974742532
127, 142, 0.000500725097399089
142, 127, 0.000500725097399089
128, 146, 1e-05
146, 128, 1e-05
129, 130, 0.0471240090413688
130, 129, 0.0471240090413688
129, 135, 0.0139875368500043
135, 129, 0.0139875368500043
129, 166, 0.150967947116143
166, 129, 0.150967947116143
130, 135, 0.508742360582593
135, 130, 0.508742360582593
131, 147, 0.000663994837671675
147, 131, 0.000663994837671675
132, 136, 0.146048496003492
136, 132, 0.146048496003492
132, 157, 0.00524334543411508
157, 132, 0.00524334543411508
133, 135, 0.0542566557276025
135, 133, 0.0542566557276025
134, 141, 0.000307312045389358
141, 134, 0.000307312045389358
134, 144, 0.000195797659886671
144, 134, 0.000195797659886671
136, 139, 0.00248020271261566
139, 136, 0.00248020271261566
136, 150, 0.000494725005447491
150, 136, 0.000494725005447491
136, 157, 8.28926365094786e-05
157, 136, 8.28926365094786e-05
137, 143, 0.0539390765566637
143, 137, 0.0539390765566637
137, 154, 0.520295340856628
154, 137, 0.520295340856628
138, 142, 0.440374825321507
142, 138, 0.440374825321507
138, 148, 1e-05
148, 138, 1e-05
138, 156, 0.095639477634314
156, 138, 0.095639477634314
139, 142, 0.00828988647668153
142, 139, 0.00828988647668153
139, 150, 0.21249272330378
150, 139, 0.21249272330378
140, 145, 0.2948266973074
145, 140, 0.2948266973074
140, 147, 1e-05
147, 140, 1e-05
141, 144, 0.00874875245782567
144, 141, 0.00874875245782567
141, 148, 0.0484542123031564
148, 141, 0.0484542123031564
142, 156, 0.0492195481308908
156, 142, 0.0492195481308908
143, 293, 0.349804072096395
149, 143, 0.349804072096395
143, 153, 0.0630008391618792
153, 143, 0.0630008391618792
143, 154, 0.369279406527046
154, 143, 0.369279406527046
143, 171, 0.0113960791605888
171, 143, 0.0113960791605888
144, 161, 0.810522307500701
161, 144, 0.810522307500701
145, 146, 0.658042282352871
146, 145, 0.658042282352871
145, 151, 0.742974974742532
151, 145, 0.742974974742532
145, 297, 1e-05
197, 145, 1e-05
145, 198, 1e-05
198, 145, 1e-05
146, 152, 0.658042282352871
152, 146, 0.658042282352871
147, 155, 0.00330285546447759
155, 147, 0.00330285546447759
148, 161, 0.389733291852629
161, 148, 0.389733291852629
148, 165, 0.658042282352871
165, 148, 0.658042282352871
149, 154, 0.235410469387599
154, 293, 0.235410469387599
150, 158, 0.427335771399947
158, 150, 0.427335771399947
150, 159, 0.532469720912571
159, 150, 0.532469720912571
151, 199, 1e-05
199, 151, 1e-05
152, 163, 1e-05
163, 152, 1e-05
152, 169, 1e-05
169, 152, 1e-05
152, 294, 1e-05
175, 152, 1e-05
152, 297, 1e-05
197, 152, 1e-05
153, 160, 0.184736231572336
160, 153, 0.184736231572336
153, 172, 0.0133863563361725
172, 153, 0.0133863563361725
154, 155, 0.520295340856628
155, 154, 0.520295340856628
154, 162, 0.469838986344834
162, 154, 0.469838986344834
154, 171, 0.0253491273412372
171, 154, 0.0253491273412372
154, 178, 0.32571929719199
178, 154, 0.32571929719199
154, 210, 1e-05
210, 154, 1e-05
155, 162, 0.134277032136435
162, 155, 0.134277032136435
156, 165, 0.220365520094953
165, 156, 0.220365520094953
156, 168, 0.304717043928752
168, 156, 0.304717043928752
157, 158, 0.0119497322829628
158, 157, 0.0119497322829628
157, 163, 0.00201658226615672
163, 157, 0.00201658226615672
157, 164, 0.00379014636356183
164, 157, 0.00379014636356183
157, 167, 0.220365520094953
167, 157, 0.220365520094953
157, 174, 0.00960617054878535
174, 157, 0.00960617054878535
157, 176, 0.810522307500701
176, 157, 0.810522307500701
157, 185, 0.742974974742532
185, 157, 0.742974974742532
157, 192, 0.00353597786609744
192, 157, 0.00353597786609744
157, 196, 0.310819166376442
196, 157, 0.310819166376442
158, 159, 0.552011813093666
159, 158, 0.552011813093666
158, 167, 0.102242156105288
167, 158, 0.102242156105288
159, 164, 0.65694641095626
164, 159, 0.65694641095626
161, 180, 0.520295340856628
180, 161, 0.520295340856628
161, 184, 0.516745188294761
184, 161, 0.516745188294761
161, 193, 0.00178065413106744
193, 161, 0.00178065413106744
162, 178, 0.124973894635751
178, 162, 0.124973894635751
162, 179, 0.421625716572103
179, 162, 0.421625716572103
163, 170, 0.226606741449498
170, 163, 0.226606741449498
164, 165, 0.186260076643249
165, 164, 0.186260076643249
164, 167, 0.65694641095626
167, 164, 0.65694641095626
164, 168, 0.532469720912571
168, 164, 0.532469720912571
165, 168, 0.141017799868986
168, 165, 0.141017799868986
165, 180, 0.508742360582593
180, 165, 0.508742360582593
165, 187, 0.410130962890845
187, 165, 0.410130962890845
165, 188, 0.101051148346839
188, 165, 0.101051148346839
165, 192, 0.311851686752693
192, 165, 0.311851686752693
166, 182, 0.191659917219686
182, 166, 0.191659917219686
166, 194, 0.0138500851411638
194, 166, 0.0138500851411638
169, 170, 0.0222806480453129
170, 169, 0.0222806480453129
169, 294, 0.0213917440296155
175, 169, 0.0213917440296155
169, 183, 0.0121925351905331
183, 169, 0.0121925351905331
169, 191, 0.0112857147109867
191, 169, 0.0112857147109867
170, 174, 0.532469720912571
174, 170, 0.532469720912571
171, 173, 0.469838986344834
173, 171, 0.469838986344834
171, 210, 1e-05
210, 171, 1e-05
172, 173, 0.658042282352871
173, 172, 0.658042282352871
172, 177, 0.235884474749788
177, 172, 0.235884474749788
172, 296, 0.122523130738862
190, 172, 0.122523130738862
172, 210, 1e-05
210, 172, 1e-05
174, 176, 0.0147410848289666
176, 174, 0.0147410848289666
174, 183, 0.0182306594338027
183, 174, 0.0182306594338027
174, 295, 0.0738447326682814
189, 174, 0.0738447326682814
175, 191, 0.411952698591726
191, 294, 0.411952698591726
176, 185, 0.164407291161546
185, 176, 0.164407291161546
176, 195, 0.164407291161546
195, 176, 0.164407291161546
176, 196, 0.410130962890845
196, 176, 0.410130962890845
177, 181, 0.2948266973074
181, 177, 0.2948266973074
177, 186, 0.23322772768421
186, 177, 0.23322772768421
177, 296, 0.339113115971952
190, 177, 0.339113115971952
177, 299, 2.65348556383257e-05
216, 177, 2.65348556383257e-05
178, 179, 0.0692710204430663
179, 178, 0.0692710204430663
179, 214, 1e-05
214, 179, 1e-05
180, 184, 0.742974974742532
184, 180, 0.742974974742532
180, 188, 0.427335771399947
188, 180, 0.427335771399947
180, 200, 0.0207045345639158
200, 180, 0.0207045345639158
180, 203, 0.00544792066470233
203, 180, 0.00544792066470233
181, 186, 0.376371092576331
186, 181, 0.376371092576331
182, 186, 0.249596637703264
186, 182, 0.249596637703264
182, 194, 0.350211762566031
194, 182, 0.350211762566031
183, 295, 0.121571715528728
189, 183, 0.121571715528728
183, 191, 0.0964716453024347
191, 183, 0.0964716453024347
184, 193, 0.02829373207232
193, 184, 0.02829373207232
185, 196, 0.150914518183405
196, 185, 0.150914518183405
187, 188, 0.226606741449498
188, 187, 0.226606741449498
187, 200, 0.000919312220508714
200, 187, 0.000919312220508714
188, 200, 0.00248141730995468
200, 188, 0.00248141730995468
189, 191, 0.0773973961606435
191, 295, 0.0773973961606435
189, 195, 0.144489280975036
195, 295, 0.144489280975036
190, 218, 1e-05
218, 296, 1e-05
191, 195, 0.0247723908667666
195, 191, 0.0247723908667666
191, 297, 0.124973894635751
197, 191, 0.124973894635751
192, 196, 0.054759437833456
196, 192, 0.054759437833456
192, 200, 1.64808485157455e-05
200, 192, 1.64808485157455e-05
192, 201, 0.0809584482247904
201, 192, 0.0809584482247904
193, 203, 0.00139853684178466
203, 193, 0.00139853684178466
193, 207, 0.628105737285158
207, 193, 0.628105737285158
193, 211, 0.105195879539331
211, 193, 0.105195879539331
193, 222, 0.0115838220944611
222, 193, 0.0115838220944611
194, 299, 1.06478318442727e-05
216, 194, 1.06478318442727e-05
195, 196, 0.0132547843262175
196, 195, 0.0132547843262175
195, 297, 0.0132693099188006
197, 195, 0.0132693099188006
195, 206, 0.0157737098198851
206, 195, 0.0157737098198851
195, 212, 0.0126334525214036
212, 195, 0.0126334525214036
195, 220, 2.11984555372231e-05
220, 195, 2.11984555372231e-05
195, 229, 0.520295340856628
229, 195, 0.520295340856628
196, 201, 0.0428614974110365
201, 196, 0.0428614974110365
196, 204, 0.304717043928752
204, 196, 0.304717043928752
196, 220, 0.000338727630132623
220, 196, 0.000338727630132623
197, 298, 0.00390939584999456
205, 297, 0.00390939584999456
197, 206, 0.0811983456705278
206, 297, 0.0811983456705278
198, 199, 0.2948266973074
199, 198, 0.2948266973074
198, 298, 0.00169375712322842
205, 198, 0.00169375712322842
198, 212, 0.0211808555120344
212, 198, 0.0211808555120344
199, 209, 0.32571929719199
209, 199, 0.32571929719199
199, 219, 0.095639477634314
219, 199, 0.095639477634314
200, 201, 1e-05
201, 200, 1e-05
200, 203, 0.0608415360517593
203, 200, 0.0608415360517593
200, 208, 0.193934928616031
208, 200, 0.193934928616031
200, 211, 0.144217971783705
211, 200, 0.144217971783705
200, 221, 0.000522304139687651
221, 200, 0.000522304139687651
201, 204, 0.742974974742532
204, 201, 0.742974974742532
201, 208, 0.0149351549305813
208, 201, 0.0149351549305813
201, 217, 0.00713719394937122
217, 201, 0.00713719394937122
201, 221, 0.00710838609111792
221, 201, 0.00710838609111792
201, 223, 0.00138182475538948
223, 201, 0.00138182475538948
203, 211, 0.02829373207232
211, 203, 0.02829373207232
204, 220, 0.00854431238972076
220, 204, 0.00854431238972076
204, 223, 0.00225236016655126
223, 204, 0.00225236016655126
205, 206, 0.150967947116143
206, 298, 0.150967947116143
205, 212, 0.018774735936814
212, 298, 0.018774735936814
206, 212, 0.0495062843087276
212, 206, 0.0495062843087276
207, 211, 0.000224705377479006
211, 207, 0.000224705377479006
208, 217, 0.532469720912571
217, 208, 0.532469720912571
209, 215, 0.0087937552443344
215, 209, 0.0087937552443344
209, 227, 0.350211762566031
227, 209, 0.350211762566031
209, 228, 0.0659749580173659
228, 209, 0.0659749580173659
210, 213, 0.546748509081759
213, 210, 0.546748509081759
210, 218, 0.532469720912571
218, 210, 0.532469720912571
211, 221, 0.628105737285158
221, 211, 0.628105737285158
211, 222, 0.0115694576123481
222, 211, 0.0115694576123481
211, 234, 0.0462470019368143
234, 211, 0.0462470019368143
211, 237, 0.038274978985397
237, 211, 0.038274978985397
211, 247, 0.00147048825458579
247, 211, 0.00147048825458579
211, 252, 0.532469720912571
252, 211, 0.532469720912571
212, 219, 0.00879317088202222
219, 212, 0.00879317088202222
212, 227, 0.2948266973074
227, 212, 0.2948266973074
212, 229, 0.00114906664290564
229, 212, 0.00114906664290564
212, 230, 0.29613192149184
230, 212, 0.29613192149184
212, 239, 0.206924559858436
239, 212, 0.206924559858436
213, 214, 0.0147652044105144
214, 213, 0.0147652044105144
213, 235, 1.18099133942944e-05
235, 213, 1.18099133942944e-05
214, 215, 1e-05
215, 214, 1e-05
214, 300, 1.11568445847255e-05
226, 214, 1.11568445847255e-05
216, 224, 0.00310114416381825
224, 299, 0.00310114416381825
217, 221, 0.0971763318652461
221, 217, 0.0971763318652461
218, 224, 0.658042282352871
224, 218, 0.658042282352871
218, 231, 0.498143588834002
231, 218, 0.498143588834002
218, 235, 1e-05
235, 218, 1e-05
218, 238, 0.0392832539794307
238, 218, 0.0392832539794307
218, 249, 0.496625365024098
249, 218, 0.496625365024098
218, 251, 1e-05
251, 218, 1e-05
219, 227, 0.0185292689596702
227, 219, 0.0185292689596702
220, 223, 0.168064616396068
223, 220, 0.168064616396068
220, 229, 0.0253491273412372
229, 220, 0.0253491273412372
220, 232, 0.2948266973074
232, 220, 0.2948266973074
221, 223, 0.115575237816111
223, 221, 0.115575237816111
221, 225, 0.742974974742532
225, 221, 0.742974974742532
221, 234, 0.0201412011644919
234, 221, 0.0201412011644919
223, 225, 0.365359372285487
225, 223, 0.365359372285487
223, 232, 0.217442956073043
232, 223, 0.217442956073043
223, 233, 0.658042282352871
233, 223, 0.658042282352871
223, 234, 0.0970051062618621
234, 223, 0.0970051062618621
226, 240, 0.000239542278092537
240, 300, 0.000239542278092537
226, 242, 1e-05
242, 300, 1e-05
226, 250, 0.00403805162248331
250, 300, 0.00403805162248331
227, 228, 0.0131413337989911
228, 227, 0.0131413337989911
227, 230, 0.2948266973074
230, 227, 0.2948266973074
227, 243, 0.440374825321507
243, 227, 0.440374825321507
227, 244, 0.0456006421730289
244, 227, 0.0456006421730289
227, 246, 0.00843425058373935
246, 227, 0.00843425058373935
228, 242, 0.00638713753233431
242, 228, 0.00638713753233431
228, 246, 0.245878845290238
246, 228, 0.245878845290238
229, 232, 0.440374825321507
232, 229, 0.440374825321507
229, 248, 0.00274807394008136
248, 229, 0.00274807394008136
230, 239, 0.232154290587032
239, 230, 0.232154290587032
230, 244, 0.0898571447536882
244, 230, 0.0898571447536882
231, 251, 1e-05
251, 231, 1e-05
232, 236, 0.532469720912571
236, 232, 0.532469720912571
233, 234, 0.0520648034239969
234, 233, 0.0520648034239969
235, 240, 0.179549416587972
240, 235, 0.179549416587972
235, 251, 0.0997934513321924
251, 235, 0.0997934513321924
238, 249, 0.114675963471382
249, 238, 0.114675963471382
239, 244, 0.349804072096395
244, 239, 0.349804072096395
239, 245, 0.810522307500701
245, 239, 0.810522307500701
240, 250, 0.00122114096860489
250, 240, 0.00122114096860489
241, 247, 0.0290147650811615
247, 241, 0.0290147650811615
242, 250, 0.000185575709952276
250, 242, 0.000185575709952276
243, 244, 0.151219781135312
244, 243, 0.151219781135312
245, 248, 8.19400990809581e-05
248, 245, 8.19400990809581e-05
253, 2, 0
254, 3, 0
255, 6, 0
256, 8, 0
257, 12, 0
258, 13, 0
259, 14, 0
260, 17, 0
261, 19, 0
262, 21, 0
263, 23, 0
264, 26, 0
265, 27, 0
266, 28, 0
267, 36, 0
268, 37, 0
269, 38, 0
270, 39, 0
271, 43, 0
272, 44, 0
273, 45, 0
274, 48, 0
275, 53, 0
276, 61, 0
277, 64, 0
278, 73, 0
279, 74, 0
280, 79, 0
281, 80, 0
282, 85, 0
283, 86, 0
284, 88, 0
285, 93, 0
286, 99, 0
287, 108, 0
288, 111, 0
289, 112, 0
290, 113, 0
291, 116, 0
292, 125, 0
293, 149, 0
294, 175, 0
295, 189, 0
296, 190, 0
297, 197, 0
298, 205, 0
299, 216, 0
300, 226, 0
