0.8266086393752234 2
	a 0 82 0.9728225171346718
	a 82 0 0.9728225171346718
2.940476212759436 2
	a 0 221 0.9066345119422707
	a 221 0 0.9066345119422707
1.226919570849912 2
	a 1 100 0.9599276911955945
	a 100 1 0.9599276911955945
0.5424630108730013 2
	a 1 53 0.9820803998915988
	a 53 1 0.9820803998915988
2.239509420363549 2
	a 1 47 0.9280679619550541
	a 47 1 0.9280679619550541
1.360345102038611 2
	a 2 93 0.9556678756165912
	a 93 2 0.9556678756165912
0.6780787635912512 2
	a 2 70 0.9776509001783111
	a 70 2 0.9776509001783111
2.366721236665802 2
	a 3 240 0.9241409202381282
	a 240 3 0.9241409202381282
3.452349856503486 2
	a 4 303 0.8912963272235119
	a 303 4 0.8912963272235119
8.499580609978642 2
	a 4 138 0.7532791869735272
	a 138 4 0.7532791869735272
0.8678838813832842 2
	a 4 101 0.9714849879654753
	a 101 4 0.9714849879654753
8.529826634185909 2
	a 4 75 0.7525201130031854
	a 75 4 0.7525201130031854
0.3981115513613038 2
	a 5 47 0.986817278310307
	a 47 5 0.986817278310307
1.610305792001114 2
	a 6 175 0.9477383094358911
	a 175 6 0.9477383094358911
3.316888434511829 2
	a 6 253 0.895329969348489
	a 253 6 0.895329969348489
3.119927528924991 2
	a 6 190 0.9012274745160387
	a 190 6 0.9012274745160387
0.9493102690277512 2
	a 7 111 0.9688517460642906
	a 111 7 0.9688517460642906
1.342527456914504 2
	a 7 64 0.9562356359045654
	a 64 7 0.9562356359045654
0.754358709720538 2
	a 8 93 0.9751682192287419
	a 93 8 0.9751682192287419
0.1917896373478611 2
	a 9 34 0.9936274037579175
	a 34 9 0.9936274037579175
1.898123741389095 2
	a 10 208 0.9386892503127952
	a 208 10 0.9386892503127952
0.8266086393752234 2
	a 10 51 0.9728225171346718
	a 51 10 0.9728225171346718
0.937918387581039 2
	a 11 120 0.969219717398986
	a 120 11 0.969219717398986
0.4068472581547501 2
	a 12 60 0.9865299685964932
	a 60 12 0.9865299685964932
0.4068472581547501 2
	a 13 61 0.9865299685964932
	a 61 13 0.9865299685964932
1.936327367967538 2
	a 13 146 0.9374946333328481
	a 146 13 0.9374946333328481
1.963677720102243 2
	a 13 27 0.9366403292057967
	a 27 13 0.9366403292057967
0.4068472581547501 2
	a 14 62 0.9865299685964932
	a 62 14 0.9865299685964932
0.69040501949209 2
	a 15 100 0.9772492901838444
	a 100 15 0.9772492901838444
0.5753689120435835 2
	a 16 90 0.981003782431322
	a 90 16 0.981003782431322
1.213897940656483 2
	a 17 63 0.9603444424156286
	a 63 17 0.9603444424156286
0.5424630108730013 2
	a 17 83 0.9820803998915988
	a 83 17 0.9820803998915988
3.372931151585412 2
	a 18 148 0.8936589731485683
	a 148 18 0.8936589731485683
0.1356157527182506 2
	a 18 37 0.9954896771040572
	a 37 18 0.9954896771040572
5.224629913988475 2
	a 18 100 0.840167224252936
	a 100 18 0.840167224252936
0.6780787635912512 2
	a 19 100 0.9776509001783111
	a 100 19 0.9776509001783111
3.9466651117579 2
	a 20 196 0.876730611972299
	a 196 20 0.876730611972299
4.555805786347921 2
	a 20 422 0.8591083818155559
	a 422 20 0.8591083818155559
1.145918862971128 2
	a 21 146 0.9625230207610804
	a 146 21 0.9625230207610804
7.101252537232306 2
	a 21 260 0.7892213772914678
	a 260 21 0.7892213772914678
0.4068472581547501 2
	a 22 67 0.9865299685964932
	a 67 22 0.9865299685964932
5.565177410762203 2
	a 23 283 0.8306839231574654
	a 283 23 0.8306839231574654
7.649985801199058 2
	a 23 78 0.7749168647240045
	a 78 23 0.7749168647240045
3.664091061885526 2
	a 23 141 0.8850276701741058
	a 141 23 0.8850276701741058
0.4068472581547501 2
	a 23 68 0.9865299685964932
	a 68 23 0.9865299685964932
0.6027356872459425 2
	a 24 93 0.9801092934817696
	a 93 24 0.9801092934817696
1.816016748007512 2
	a 24 31 0.9412618676068659
	a 31 24 0.9412618676068659
0.2712315054364995 2
	a 24 38 0.9909996972207403
	a 38 24 0.9909996972207403
2.339833632602524 2
	a 24 44 0.924969556021909
	a 44 24 0.924969556021909
1.116507928925421 2
	a 25 148 0.9634671068290531
	a 148 25 0.9634671068290531
7.00551853397821 2
	a 25 100 0.79174391075132
	a 100 25 0.79174391075132
5.821280535971523 2
	a 26 381 0.8236227475664177
	a 381 26 0.8236227475664177
5.961215623290699 2
	a 26 179 0.8197899029699653
	a 179 26 0.8197899029699653
1.779636127143931 2
	a 26 159 0.9424040163728733
	a 159 26 0.9424040163728733
5.545176505717184 2
	a 26 529 0.8312379221539503
	a 529 26 0.8312379221539503
6.368166880645686 2
	a 26 312 0.8087445036017702
	a 312 26 0.8087445036017702
5.834988928857242 2
	a 27 305 0.8232464820657781
	a 305 27 0.8232464820657781
1.08956430651522 2
	a 27 146 0.9643328053194514
	a 146 27 0.9643328053194514
1.654092624187943 2
	a 27 182 0.9463560364934274
	a 182 27 0.9463560364934274
3.286013903619113 2
	a 28 164 0.8962518734163071
	a 164 28 0.8962518734163071
1.856596163670476 2
	a 28 129 0.9399895330916023
	a 129 28 0.9399895330916023
1.220541774464252 2
	a 28 160 0.9601317870014974
	a 160 28 0.9601317870014974
0.9779391025070049 2
	a 29 138 0.9679276172364559
	a 138 29 0.9679276172364559
0.2701555345749592 2
	a 30 60 0.9910352407514
	a 60 30 0.9910352407514
0.5294379043957786 2
	a 31 93 0.9825068825271878
	a 93 31 0.9825068825271878
0.1516230224745966 2
	a 31 46 0.9949586497282615
	a 46 31 0.9949586497282615
1.545598435309036 2
	a 32 58 0.9497847036164766
	a 58 32 0.9497847036164766
0.5294379043957786 2
	a 32 93 0.9825068825271878
	a 93 32 0.9825068825271878
2.328550370332689 2
	a 33 148 0.9253175105885914
	a 148 33 0.9253175105885914
0.5753689120435835 2
	a 33 100 0.981003782431322
	a 100 33 0.981003782431322
1.63627500166646 2
	a 34 200 0.9469182639238083
	a 200 34 0.9469182639238083
0.69040501949209 2
	a 35 57 0.9772492901838444
	a 57 35 0.9772492901838444
2.045235026673858 2
	a 35 240 0.9340974585174467
	a 240 35 0.9340974585174467
1.736938122192002 2
	a 36 211 0.9437462637129452
	a 211 36 0.9437462637129452
4.565132945082649 2
	a 36 256 0.8588413219912792
	a 256 36 0.8588413219912792
1.480139288171238 2
	a 36 140 0.951859369446392
	a 140 36 0.951859369446392
0.5424630108730013 2
	a 37 100 0.9820803998915988
	a 100 37 0.9820803998915988
0.487629339878578 2
	a 38 93 0.9838770771494869
	a 93 38 0.9838770771494869
0.6773268194476793 2
	a 38 44 0.9776754051143772
	a 44 38 0.9776754051143772
2.073285431844619 2
	a 39 206 0.9332244729683403
	a 206 39 0.9332244729683403
0.4151947874586657 2
	a 39 86 0.9862555038559035
	a 86 39 0.9862555038559035
6.150732675141859 2
	a 40 105 0.814627420926427
	a 105 40 0.814627420926427
0.3002129760370238 2
	a 40 71 0.990042805211115
	a 71 40 0.990042805211115
1.555485357104156 2
	a 41 76 0.9494717402871466
	a 76 41 0.9494717402871466
0.2701555345749592 2
	a 41 69 0.9910352407514
	a 69 41 0.9910352407514
0.9006357637435058 2
	a 41 63 0.9704249679635806
	a 63 41 0.9704249679635806
0.5753689120435835 2
	a 42 105 0.981003782431322
	a 105 42 0.981003782431322
1.073984289667288 2
	a 43 152 0.9648337460977516
	a 152 43 0.9648337460977516
9.922928658970218 2
	a 43 114 0.7183744781164779
	a 114 43 0.7183744781164779
0.4518359985116184 2
	a 44 93 0.9850516526460312
	a 93 44 0.9850516526460312
0.4217785570495555 2
	a 44 62 0.9860390849711355
	a 62 44 0.9860390849711355
9.2569263289812 2
	a 45 206 0.7345007876798126
	a 206 45 0.7345007876798126
1.088420984350353 2
	a 45 157 0.9643695574554602
	a 157 45 0.9643695574554602
2.034236290773753 2
	a 45 178 0.9344399843445016
	a 178 45 0.9344399843445016
4.207939735752976 2
	a 45 163 0.8691281833538981
	a 163 45 0.8691281833538981
0.4068472581547501 2
	a 46 93 0.9865299685964932
	a 93 46 0.9865299685964932
0.4518359985116184 2
	a 47 100 0.9850516526460312
	a 100 47 0.9850516526460312
0.3002129760370238 2
	a 47 53 0.990042805211115
	a 53 47 0.990042805211115
1.255322192733106 2
	a 47 52 0.9590193058306061
	a 52 47 0.9590193058306061
0.9094841310632604 2
	a 48 148 0.9701387876170422
	a 148 48 0.9701387876170422
3.597458264380029 2
	a 48 100 0.8869955838093827
	a 100 48 0.8869955838093827
1.648983906454645 2
	a 49 194 0.9465172057446963
	a 194 49 0.9465172057446963
0.3981115513613038 2
	a 49 77 0.986817278310307
	a 77 49 0.986817278310307
0.8136945163095008 2
	a 49 138 0.973241378938998
	a 138 49 0.973241378938998
0.8136945163095008 2
	a 50 138 0.973241378938998
	a 138 50 0.973241378938998
1.340396838508272 2
	a 51 184 0.9563035507577659
	a 184 51 0.9563035507577659
0.4068472581547501 2
	a 52 100 0.9865299685964932
	a 100 52 0.9865299685964932
0.9771047220678813 2
	a 52 53 0.967954538273171
	a 53 52 0.967954538273171
0.4068472581547501 2
	a 53 100 0.9865299685964932
	a 100 53 0.9865299685964932
0.3002129760370238 2
	a 53 56 0.990042805211115
	a 56 53 0.990042805211115
0.2701555345749592 2
	a 54 84 0.9910352407514
	a 84 54 0.9910352407514
0.6027356872459425 2
	a 55 119 0.9801092934817696
	a 119 55 0.9801092934817696
6.935560745611768 2
	a 55 489 0.7935923535614933
	a 489 55 0.7935923535614933
4.638061238294008 2
	a 55 264 0.8567560631991825
	a 264 55 0.8567560631991825
0.3403795954308141 2
	a 56 100 0.9887181364487514
	a 100 56 0.9887181364487514
2.045198491790077 2
	a 57 89 0.9340985960895423
	a 89 57 0.9340985960895423
3.27960455396832 2
	a 57 240 0.8964433735931686
	a 240 57 0.8964433735931686
3.449109530556964 2
	a 57 355 0.8913926021099566
	a 355 57 0.8913926021099566
0.2701555345749592 2
	a 58 93 0.9910352407514
	a 93 58 0.9910352407514
1.095073954139329 2
	a 59 174 0.9641557171165198
	a 174 59 0.9641557171165198
5.444344367279031 2
	a 59 211 0.8340364724910347
	a 211 59 0.8340364724910347
1.917722283536849 2
	a 59 64 0.938076219215331
	a 64 59 0.938076219215331
0.5575248444503217 2
	a 60 125 0.9815874592603586
	a 125 60 0.9815874592603586
5.934809278849093 2
	a 61 241 0.8205118091233174
	a 241 61 0.8205118091233174
0.7856075762549576 2
	a 61 146 0.9741529846849716
	a 146 61 0.9741529846849716
0.6773268194476793 2
	a 62 93 0.9776754051143772
	a 93 62 0.9776754051143772
0.4498654971040983 2
	a 62 112 0.9851163562932524
	a 112 62 0.9851163562932524
0.2822352093936812 2
	a 63 100 0.9906362749650008
	a 100 63 0.9906362749650008
0.8136945163095008 2
	a 63 83 0.973241378938998
	a 83 63 0.973241378938998
1.092903134703467 2
	a 64 177 0.9642254865731014
	a 177 64 0.9642254865731014
1.881248829170008 2
	a 64 111 0.9392174087993386
	a 111 64 0.9392174087993386
1.355312686248317 2
	a 65 200 0.9558281996667543
	a 200 65 0.9558281996667543
2.528327463599425 2
	a 65 248 0.9191760738365359
	a 248 65 0.9191760738365359
3.603951429086528 2
	a 65 118 0.8868036243032232
	a 118 65 0.8868036243032232
0.2701555345749592 2
	a 66 100 0.9910352407514
	a 100 66 0.9910352407514
0.9335495803535225 2
	a 67 104 0.9693608721469155
	a 104 67 0.9693608721469155
0.9660053321561077 2
	a 67 167 0.9683127280251193
	a 167 67 0.9683127280251193
3.024894071444189 2
	a 67 308 0.9040868932283297
	a 308 67 0.9040868932283297
0.1917896373478611 2
	a 67 72 0.9936274037579175
	a 72 67 0.9936274037579175
0.69040501949209 2
	a 68 141 0.9772492901838444
	a 141 68 0.9772492901838444
0.2591518306177774 2
	a 69 100 0.9913988093706936
	a 100 69 0.9913988093706936
0.1917896373478611 2
	a 70 93 0.9936274037579175
	a 93 70 0.9936274037579175
1.027006667447879 2
	a 70 80 0.9663457828279073
	a 80 70 0.9663457828279073
2.038610979204412 2
	a 71 267 0.9343037314861845
	a 267 71 0.9343037314861845
2.611587977450478 2
	a 72 308 0.9166285748320881
	a 308 72 0.9166285748320881
5.37273314713492 2
	a 73 544 0.8360297295186987
	a 544 73 0.8360297295186987
7.401271035759406 2
	a 73 508 0.7813680115733139
	a 508 73 0.7813680115733139
7.71094659642182 2
	a 73 192 0.7733438118976331
	a 192 73 0.7733438118976331
5.785175933849454 2
	a 73 243 0.8246145633185781
	a 243 73 0.8246145633185781
3.190611006225279 2
	a 73 139 0.8991065776453653
	a 139 73 0.8991065776453653
5.777840821344828 2
	a 73 186 0.8248162093223387
	a 186 73 0.8248162093223387
2.876844551176869 2
	a 73 202 0.9085595748178091
	a 202 73 0.9085595748178091
3.239374638182212 2
	a 74 350 0.8976463080263062
	a 350 74 0.8976463080263062
2.697419526385242 2
	a 74 295 0.9140098011625936
	a 295 74 0.9140098011625936
2.95939598450326 2
	a 74 229 0.9060629149352636
	a 229 74 0.9060629149352636
0.6034558520981271 2
	a 75 138 0.9800857657553526
	a 138 75 0.9800857657553526
0.1917896373478611 2
	a 76 100 0.9936274037579175
	a 100 76 0.9936274037579175
1.220541774464252 2
	a 77 194 0.9601317870014974
	a 194 77 0.9601317870014974
2.210738904586905 2
	a 78 283 0.9289584220014278
	a 283 78 0.9289584220014278
4.386145064108334 2
	a 78 258 0.8639807111628576
	a 258 78 0.8639807111628576
6.154604107075759 2
	a 79 441 0.8145223018888728
	a 441 79 0.8145223018888728
1.807098995148141 2
	a 79 255 0.9415417072208562
	a 255 79 0.9415417072208562
5.805085090317233 2
	a 80 93 0.8240674988529662
	a 93 80 0.8240674988529662
0.6623180749170225 2
	a 80 150 0.9781646501663815
	a 150 80 0.9781646501663815
0.754358709720538 2
	a 81 107 0.9751682192287419
	a 107 81 0.9751682192287419
1.356157527182502 2
	a 81 213 0.9558012826194622
	a 213 81 0.9558012826194622
5.23960168966494 2
	a 82 110 0.8397480356878479
	a 110 82 0.8397480356878479
2.487135620758759 2
	a 82 221 0.9204390259060476
	a 221 82 0.9204390259060476
2.392227806752325 2
	a 82 297 0.923355531989717
	a 297 82 0.923355531989717
0.1356157527182506 2
	a 83 100 0.9954896771040572
	a 100 83 0.9954896771040572
0.9493102690277512 2
	a 84 97 0.9688517460642906
	a 97 84 0.9688517460642906
0.572507812946912 2
	a 84 144 0.9810973451939815
	a 144 84 0.9810973451939815
1.151286064329106 2
	a 85 193 0.9623508343353896
	a 193 85 0.9623508343353896
0.8678838813832842 2
	a 86 170 0.9714849879654753
	a 170 86 0.9714849879654753
0.8546955794297674 2
	a 86 92 0.9719121564311943
	a 92 86 0.9719121564311943
0.8678838813832842 2
	a 86 120 0.9714849879654753
	a 120 86 0.9714849879654753
0.6034558520981271 2
	a 87 148 0.9800857657553526
	a 148 87 0.9800857657553526
2.662300697087576 2
	a 88 316 0.9150803928118717
	a 316 88 0.9150803928118717
3.694700120421774 2
	a 88 398 0.8841251352227359
	a 398 88 0.8841251352227359
2.701672463513635 2
	a 88 193 0.9138802361393729
	a 193 88 0.9138802361393729
3.237747981474657 2
	a 89 355 0.8976949814254749
	a 355 89 0.8976949814254749
3.30072683402889 2
	a 90 202 0.8958124314683215
	a 202 90 0.8958124314683215
2.174168561805797 2
	a 90 285 0.9300915234236363
	a 285 90 0.9300915234236363
2.164070097518535 2
	a 90 142 0.9304046593249808
	a 142 90 0.9304046593249808
0.2712315054364995 2
	a 91 118 0.9909996972207403
	a 118 91 0.9909996972207403
1.248857222541599 2
	a 91 179 0.9592259958080578
	a 179 91 0.9592259958080578
2.362313164157349 2
	a 92 244 0.9242767195542523
	a 244 92 0.9242767195542523
0.8266086393752234 2
	a 92 170 0.9728225171346718
	a 170 92 0.9728225171346718
0.4217785570495555 2
	a 92 133 0.9860390849711355
	a 133 92 0.9860390849711355
0.1917896373478611 2
	a 93 112 0.9936274037579175
	a 112 93 0.9936274037579175
1.207341673940248 2
	a 93 189 0.9605543411607935
	a 189 93 0.9605543411607935
2.281255583552399 2
	a 93 150 0.9267774175316006
	a 150 93 0.9267774175316006
0.9569120473074697 2
	a 94 183 0.9686062772936068
	a 183 94 0.9686062772936068
3.359696948220123 2
	a 94 152 0.8940532889360912
	a 152 94 0.8940532889360912
0.487629339878578 2
	a 95 96 0.9838770771494869
	a 96 95 0.9838770771494869
0.5294379043957786 2
	a 95 135 0.9825068825271878
	a 135 95 0.9825068825271878
0.8136945163095008 2
	a 95 173 0.973241378938998
	a 173 95 0.973241378938998
2.719898072465596 2
	a 95 105 0.9133252039593416
	a 105 95 0.9133252039593416
0.3981115513613038 2
	a 96 135 0.986817278310307
	a 135 96 0.986817278310307
2.171984370656717 2
	a 97 144 0.9301592424779056
	a 144 97 0.9301592424779056
1.795112732459891 2
	a 97 265 0.9419179679230009
	a 265 97 0.9419179679230009
6.625989505106872 2
	a 97 268 0.8018238634760639
	a 268 97 0.8018238634760639
0.754358709720538 2
	a 98 156 0.9751682192287419
	a 156 98 0.9751682192287419
0.1917896373478611 2
	a 98 115 0.9936274037579175
	a 115 98 0.9936274037579175
1.342527456914504 2
	a 98 180 0.9562356359045654
	a 180 98 0.9562356359045654
8.114955132079096 2
	a 99 162 0.7629990411347207
	a 162 99 0.7629990411347207
1.534943254795291 2
	a 99 136 0.9501221011123244
	a 136 99 0.9501221011123244
4.746551345138756 2
	a 99 153 0.8536633401726876
	a 153 99 0.8536633401726876
2.736967570687207 2
	a 99 176 0.9128056850073299
	a 176 99 0.9128056850073299
1.465260119971778 2
	a 99 172 0.9523315823943176
	a 172 99 0.9523315823943176
2.542706702408589 2
	a 99 315 0.9187356109945294
	a 315 99 0.9187356109945294
0.487629339878578 2
	a 100 148 0.9838770771494869
	a 148 100 0.9838770771494869
3.179448491701141 2
	a 101 361 0.8994411828998289
	a 361 101 0.8994411828998289
1.907785025694843 2
	a 101 229 0.9383870008599716
	a 229 101 0.9383870008599716
1.736200693454497 2
	a 102 260 0.9437694621852569
	a 260 102 0.9437694621852569
1.515971031398842 2
	a 103 189 0.950723155439782
	a 189 103 0.950723155439782
0.487629339878578 2
	a 103 150 0.9838770771494869
	a 150 103 0.9838770771494869
2.603710727412789 2
	a 103 219 0.9168692901828099
	a 219 103 0.9168692901828099
1.936327367967538 2
	a 103 171 0.9374946333328481
	a 171 103 0.9374946333328481
5.090413182416317 2
	a 104 483 0.8439344617013456
	a 483 104 0.8439344617013456
3.61389406635339 2
	a 104 127 0.8865097674423364
	a 127 104 0.8865097674423364
0.6780787635912512 2
	a 104 167 0.9776509001783111
	a 167 104 0.9776509001783111
0.7218667123477758 2
	a 105 173 0.9762249634948802
	a 173 105 0.9762249634948802
0.4068472581547501 2
	a 106 148 0.9865299685964932
	a 148 106 0.9865299685964932
1.940539584205918 2
	a 107 137 0.9373630115694558
	a 137 107 0.9373630115694558
1.116507928925421 2
	a 107 213 0.9634671068290531
	a 213 107 0.9634671068290531
0.6623180749170225 2
	a 108 170 0.9781646501663815
	a 170 108 0.9781646501663815
2.218806554620886 2
	a 108 147 0.9287086385408646
	a 147 108 0.9287086385408646
0.4068472581547501 2
	a 109 150 0.9865299685964932
	a 150 109 0.9865299685964932
2.190355843391775 2
	a 110 302 0.9295898036807753
	a 302 110 0.9295898036807753
4.999972899384852 2
	a 110 331 0.8464824895634747
	a 331 110 0.8464824895634747
0.6787135312039486 2
	a 111 177 0.9776302143595582
	a 177 111 0.9776302143595582
0.8136945163095008 2
	a 112 189 0.973241378938998
	a 189 112 0.973241378938998
1.487236494481392 2
	a 113 253 0.951634211336561
	a 253 113 0.951634211336561
2.305467796210252 2
	a 113 128 0.9260297415563544
	a 128 113 0.9260297415563544
1.126971100135943 2
	a 113 126 0.96313113471154
	a 126 113 0.96313113471154
4.685929575736217 2
	a 114 520 0.855390103647907
	a 520 114 0.855390103647907
6.952346061023561 2
	a 114 338 0.7931484544907416
	a 338 114 0.7931484544907416
5.433079860667797 2
	a 114 483 0.8343496982715322
	a 483 114 0.8343496982715322
0.4217785570495555 2
	a 114 127 0.9860390849711355
	a 127 114 0.9860390849711355
0.4068472581547501 2
	a 115 156 0.9865299685964932
	a 156 115 0.9865299685964932
4.267680047968097 2
	a 116 484 0.8673991724851248
	a 484 116 0.8673991724851248
2.461073550467002 2
	a 116 198 0.9212389915548339
	a 198 116 0.9212389915548339
4.178299963686134 2
	a 116 328 0.869987299725954
	a 328 116 0.869987299725954
4.000872057153762 2
	a 116 236 0.8751478793742415
	a 236 116 0.8751478793742415
1.246029457796946 2
	a 117 235 0.9593164155845252
	a 235 117 0.9593164155845252
3.363435386305856 2
	a 117 139 0.8939418837820554
	a 139 117 0.8939418837820554
4.297841230960467 2
	a 117 202 0.8665275512050662
	a 202 117 0.8665275512050662
2.360137792552722 2
	a 117 313 0.9243437434952738
	a 313 117 0.9243437434952738
2.995849896640134 2
	a 117 273 0.9049625989879488
	a 273 117 0.9049625989879488
3.328813778603958 2
	a 118 248 0.8949741361450485
	a 248 118 0.8949741361450485
0.6385290286129006 2
	a 118 179 0.9789406112538208
	a 179 118 0.9789406112538208
8.135382887705797 2
	a 119 545 0.7624796727151173
	a 545 119 0.7624796727151173
3.119904496849654 2
	a 119 378 0.9012281664209406
	a 378 119 0.9012281664209406
4.166832951112418 2
	a 119 279 0.8703199017979379
	a 279 119 0.8703199017979379
1.250315462566378 2
	a 119 197 0.9591793708832427
	a 197 119 0.9591793708832427
7.339556610237217 2
	a 119 489 0.7829770552912109
	a 489 119 0.7829770552912109
0.9569120473074697 2
	a 120 206 0.9686062772936068
	a 206 120 0.9686062772936068
1.048074475181108 2
	a 121 164 0.9656673948197082
	a 164 121 0.9656673948197082
2.416760809432184 2
	a 121 263 0.9226007511910769
	a 263 121 0.9226007511910769
0.4068472581547501 2
	a 121 160 0.9865299685964932
	a 160 121 0.9865299685964932
1.058859358600752 2
	a 122 219 0.9653203035365874
	a 219 122 0.9653203035365874
0.2701555345749592 2
	a 123 150 0.9910352407514
	a 150 123 0.9910352407514
1.088420984350353 2
	a 124 222 0.9643695574554602
	a 222 124 0.9643695574554602
0.1917896373478611 2
	a 125 143 0.9936274037579175
	a 143 125 0.9936274037579175
1.381814599110866 2
	a 126 253 0.9549841966612392
	a 253 126 0.9549841966612392
1.41110167981014 2
	a 126 148 0.9540523616062478
	a 148 126 0.9540523616062478
4.173913955860647 2
	a 127 483 0.8701145013943418
	a 483 127 0.8701145013943418
4.476208285621463 2
	a 128 505 0.8613908377745855
	a 505 128 0.8613908377745855
12.59385930968727 2
	a 128 224 0.6571813242818066
	a 224 128 0.6571813242818066
1.35813735895381 2
	a 128 253 0.9557382071759183
	a 253 128 0.9557382071759183
0.3947675833360288 2
	a 129 164 0.9869272806217786
	a 164 129 0.9869272806217786
2.784233548161095 2
	a 129 160 0.9113686622444963
	a 160 129 0.9113686622444963
4.709181466125921 2
	a 130 266 0.8547273792766419
	a 266 130 0.8547273792766419
1.064816194648925 2
	a 130 225 0.9651286474055482
	a 225 130 0.9651286474055482
3.367722855725418 2
	a 131 407 0.8938141346279633
	a 407 131 0.8938141346279633
12.39799280966329 2
	a 131 352 0.6614860216196616
	a 352 131 0.6614860216196616
14.51724903429704 2
	a 131 424 0.616369719719584
	a 424 131 0.616369719719584
10.05347901866764 2
	a 131 307 0.7152551353439183
	a 307 131 0.7152551353439183
0.4068472581547501 2
	a 132 169 0.9865299685964932
	a 169 132 0.9865299685964932
0.8493692481391316 2
	a 132 192 0.9720847292880961
	a 192 132 0.9720847292880961
1.927156565154648 2
	a 133 244 0.9377812630883801
	a 244 133 0.9377812630883801
0.8136945163095008 2
	a 133 206 0.973241378938998
	a 206 133 0.973241378938998
3.229458789547035 2
	a 134 240 0.8979430545624439
	a 240 134 0.8979430545624439
3.160211930600018 2
	a 134 293 0.9000181063561741
	a 293 134 0.9000181063561741
0.7712047583869216 2
	a 134 205 0.9746207819030893
	a 205 134 0.9746207819030893
0.4068472581547501 2
	a 135 173 0.9865299685964932
	a 173 135 0.9865299685964932
0.4217785570495555 2
	a 136 176 0.9860390849711355
	a 176 136 0.9860390849711355
1.843510156679232 2
	a 136 220 0.940399646184204
	a 220 136 0.940399646184204
6.063000620610081 2
	a 137 460 0.8170132056332263
	a 460 137 0.8170132056332263
1.356157527182502 2
	a 137 260 0.9558012826194622
	a 260 137 0.9558012826194622
10.08232886061857 2
	a 137 256 0.7145676327156286
	a 256 137 0.7145676327156286
2.851084659905319 2
	a 138 229 0.909340056383894
	a 229 138 0.909340056383894
0.3002129760370238 2
	a 138 166 0.990042805211115
	a 166 138 0.990042805211115
3.145037816220495 2
	a 139 235 0.9004734540944269
	a 235 139 0.9004734540944269
0.6780787635912512 2
	a 139 202 0.9776509001783111
	a 202 139 0.9776509001783111
0.7824456497750818 2
	a 140 211 0.9742556634331783
	a 211 140 0.9742556634331783
1.604933260944054 2
	a 141 283 0.9479080497510697
	a 283 141 0.9479080497510697
1.847293601112768 2
	a 141 155 0.9402810553355041
	a 155 141 0.9402810553355041
1.627389032619001 2
	a 142 285 0.9471987816790822
	a 285 142 0.9471987816790822
1.453744046139253 2
	a 142 228 0.9526972232628116
	a 228 142 0.9526972232628116
0.7824456497750818 2
	a 143 216 0.9742556634331783
	a 216 143 0.9742556634331783
1.637289402976268 2
	a 143 156 0.9468862459608889
	a 156 143 0.9468862459608889
1.332543176570506 2
	a 144 265 0.9565539330232149
	a 265 144 0.9565539330232149
2.443119864660818 2
	a 145 176 0.9217904777387615
	a 176 145 0.9217904777387615
0.9763801406626829 2
	a 145 172 0.9679779172841535
	a 172 145 0.9679779172841535
1.126737926931244 2
	a 145 245 0.9631386206197394
	a 245 145 0.9631386206197394
2.413093054276768 2
	a 145 300 0.9227135538751992
	a 300 145 0.9227135538751992
3.243369444286881 2
	a 145 315 0.8975267852192855
	a 315 145 0.8975267852192855
3.229514003240491 2
	a 146 182 0.8979414019388796
	a 182 146 0.8979414019388796
2.40050642517176 2
	a 146 342 0.9231007635396862
	a 342 146 0.9231007635396862
0.2701555345749592 2
	a 147 170 0.9910352407514
	a 170 147 0.9910352407514
1.653786295325702 2
	a 148 253 0.9463656997483607
	a 253 148 0.9463656997483607
0.6981164340668319 2
	a 148 210 0.9769981233187751
	a 210 148 0.9769981233187751
3.067759448837598 2
	a 149 364 0.9027960148186324
	a 364 149 0.9027960148186324
4.417596576741513 2
	a 149 404 0.8630754024595136
	a 404 149 0.8630754024595136
2.860525790118629 2
	a 149 381 0.9090539281464713
	a 381 149 0.9090539281464713
2.381102907517465 2
	a 149 272 0.9236980033935012
	a 272 149 0.9236980033935012
1.165489355260694 2
	a 150 189 0.96189532387708
	a 189 150 0.96189532387708
0.2701555345749592 2
	a 150 171 0.9910352407514
	a 171 150 0.9910352407514
2.820674875156118 2
	a 150 271 0.9102622848970527
	a 271 150 0.9102622848970527
3.588537744959305 2
	a 150 316 0.8872593717372436
	a 316 150 0.8872593717372436
5.29450156826984 2
	a 151 545 0.8382127054331294
	a 545 151 0.8382127054331294
2.167670266303321 2
	a 151 162 0.9302930122305305
	a 162 151 0.9302930122305305
2.585107487356334 2
	a 151 354 0.9174380244864535
	a 354 151 0.9174380244864535
4.436174117612828 2
	a 151 153 0.8625411072892863
	a 153 151 0.8625411072892863
2.289316054992536 2
	a 152 338 0.926528442217226
	a 338 152 0.926528442217226
2.921991532514533 2
	a 153 368 0.907193312380457
	a 368 153 0.907193312380457
2.312152689947419 2
	a 153 341 0.9258234175307859
	a 341 153 0.9258234175307859
2.967785871127275 2
	a 153 289 0.9058095581931361
	a 289 153 0.9058095581931361
2.637660630291472 2
	a 153 315 0.9158322896161508
	a 315 153 0.9158322896161508
4.993083447366813 2
	a 154 320 0.8466769052361096
	a 320 154 0.8466769052361096
2.059344055616256 2
	a 154 326 0.9336582548685839
	a 326 154 0.9336582548685839
2.504608277490052 2
	a 154 231 0.9199030981511674
	a 231 154 0.9199030981511674
4.040532897597789 2
	a 154 241 0.8739916737970944
	a 241 154 0.8739916737970944
4.370237300150281 2
	a 154 305 0.8644389660228723
	a 305 154 0.8644389660228723
1.465260119971778 2
	a 155 283 0.9523315823943176
	a 283 155 0.9523315823943176
0.6385290286129006 2
	a 156 216 0.9789406112538208
	a 216 156 0.9789406112538208
0.479922938566163 2
	a 157 201 0.9841298480006107
	a 201 157 0.9841298480006107
2.355074501576059 2
	a 157 254 0.9244997640390528
	a 254 157 0.9244997640390528
1.392998929689093 2
	a 157 178 0.9546282343869431
	a 178 157 0.9546282343869431
1.371767953602719 2
	a 158 230 0.9553040631409933
	a 230 158 0.9553040631409933
4.961293645759 2
	a 158 444 0.8475745704568792
	a 444 158 0.8475745704568792
3.731282049308687 2
	a 158 471 0.8830476921778619
	a 471 158 0.8830476921778619
3.603951429086528 2
	a 159 464 0.8868036243032232
	a 464 159 0.8868036243032232
1.969416047529112 2
	a 160 323 0.9364611880428472
	a 323 160 0.9364611880428472
5.106508118715744 2
	a 161 255 0.8434818140877121
	a 255 161 0.8434818140877121
4.337510099857054 2
	a 161 399 0.8653825028240066
	a 399 161 0.8653825028240066
5.78841476350217 2
	a 161 667 0.8245255419207589
	a 667 161 0.8245255419207589
6.484398025066096 2
	a 162 389 0.8056171890629337
	a 389 162 0.8056171890629337
2.472556149811231 2
	a 162 354 0.9208864517523493
	a 354 162 0.9208864517523493
1.385168937220699 2
	a 163 283 0.9548774246343368
	a 283 163 0.9548774246343368
3.193126881861831 2
	a 163 178 0.8990311794625049
	a 178 163 0.8990311794625049
1.090487985406985 2
	a 164 263 0.9643031146479676
	a 263 164 0.9643031146479676
0.5424630108730013 2
	a 165 217 0.9820803998915988
	a 217 165 0.9820803998915988
0.6773268194476793 2
	a 166 229 0.9776754051143772
	a 229 166 0.9776754051143772
3.74536283401032 2
	a 167 483 0.882633322615118
	a 483 167 0.882633322615118
4.964448190221405 2
	a 167 482 0.8474854514202037
	a 482 167 0.8474854514202037
4.881945551442842 2
	a 167 540 0.849819318654998
	a 540 167 0.849819318654998
4.130292226811703 2
	a 167 421 0.8713806183087934
	a 421 167 0.8713806183087934
5.231169251338248 2
	a 168 336 0.8399841063145069
	a 336 168 0.8399841063145069
0.99986533083179 2
	a 168 224 0.9672204422980087
	a 224 168 0.9672204422980087
1.250070526955394 2
	a 168 279 0.9591872021547203
	a 279 168 0.9591872021547203
0.2701555345749592 2
	a 169 192 0.9910352407514
	a 192 169 0.9910352407514
0.4217785570495555 2
	a 170 207 0.9860390849711355
	a 207 170 0.9860390849711355
0.5157162799331211 2
	a 171 219 0.9829563716638375
	a 219 171 0.9829563716638375
5.070333737768374 2
	a 171 424 0.8444995086210646
	a 424 171 0.8444995086210646
3.122047750123513 2
	a 172 176 0.9011637833801815
	a 176 172 0.9011637833801815
1.481545971607358 2
	a 172 300 0.9518147383324805
	a 300 172 0.9518147383324805
2.61951740790929 2
	a 172 315 0.9163863287633647
	a 315 172 0.9163863287633647
4.309936045017716 2
	a 173 191 0.8661782719640114
	a 191 173 0.8661782719640114
4.075814651140242 2
	a 173 410 0.8729644126806194
	a 410 173 0.8729644126806194
0.9763801406626829 2
	a 173 242 0.9679779172841535
	a 242 173 0.9679779172841535
3.82512655444436 2
	a 173 295 0.8802897023405833
	a 295 173 0.8802897023405833
1.025590215157039 2
	a 173 267 0.9663914099949715
	a 267 173 0.9663914099949715
1.970160709106761 2
	a 174 204 0.9364379434424812
	a 204 174 0.9364379434424812
0.1356157527182506 2
	a 174 177 0.9954896771040572
	a 177 174 0.9954896771040572
2.681821947297331 2
	a 174 390 0.9144851360584718
	a 390 174 0.9144851360584718
3.400128176550091 2
	a 174 329 0.8928491780908825
	a 329 174 0.8928491780908825
5.089000834762257 2
	a 174 211 0.8439741935984979
	a 211 174 0.8439741935984979
3.023254192200745 2
	a 175 420 0.9041363143567446
	a 420 175 0.9041363143567446
4.947742417969109 2
	a 175 385 0.8479575128084579
	a 385 175 0.8479575128084579
0.9493102690277512 2
	a 175 253 0.9688517460642906
	a 253 175 0.9688517460642906
0.487629339878578 2
	a 176 220 0.9838770771494869
	a 220 176 0.9838770771494869
1.220541774464252 2
	a 176 245 0.9601317870014974
	a 245 176 0.9601317870014974
1.852084566616921 2
	a 177 328 0.9401309055218555
	a 328 177 0.9401309055218555
1.578980655167365 2
	a 177 236 0.9487284273464371
	a 236 177 0.9487284273464371
1.536474894585965 2
	a 177 226 0.9500735941900518
	a 226 177 0.9500735941900518
0.9583507903075323 2
	a 177 204 0.9685598258907672
	a 204 177 0.9685598258907672
1.220770282487056 2
	a 178 283 0.9601244737688071
	a 283 178 0.9601244737688071
1.356157527182502 2
	a 178 270 0.9558012826194622
	a 270 178 0.9558012826194622
2.505637655299485 2
	a 179 381 0.9198715344314848
	a 381 179 0.9198715344314848
0.1917896373478611 2
	a 180 199 0.9936274037579175
	a 199 180 0.9936274037579175
2.860050126907021 2
	a 181 401 0.909068341711104
	a 401 181 0.909068341711104
3.299978126581284 2
	a 181 460 0.8958347884619378
	a 460 181 0.8958347884619378
3.975831168959448 2
	a 181 260 0.8758786669980285
	a 260 181 0.8758786669980285
2.642765189141687 2
	a 182 401 0.9156764722122027
	a 401 182 0.9156764722122027
5.019591060611501 2
	a 182 342 0.8459291228519576
	a 342 182 0.8459291228519576
8.106157656830813 2
	a 183 299 0.763222822784304
	a 299 183 0.763222822784304
4.460160453193478 2
	a 183 372 0.8618517428997188
	a 372 183 0.8618517428997188
1.925017800762202 2
	a 183 338 0.9378481219107194
	a 338 183 0.9378481219107194
3.534258837324526 2
	a 184 278 0.8888661405093732
	a 278 184 0.8888661405093732
0.6981164340668319 2
	a 184 250 0.9769981233187751
	a 250 184 0.9769981233187751
2.876844551176869 2
	a 184 335 0.9085595748178091
	a 335 184 0.9085595748178091
0.5294379043957786 2
	a 185 238 0.9825068825271878
	a 238 185 0.9825068825271878
6.34726110209328 2
	a 185 382 0.8093082811323513
	a 382 185 0.8093082811323513
0.1356157527182506 2
	a 186 202 0.9954896771040572
	a 202 186 0.9954896771040572
3.896333097182356 2
	a 187 266 0.8782027671672809
	a 266 187 0.8782027671672809
0.2701555345749592 2
	a 187 215 0.9910352407514
	a 215 187 0.9910352407514
4.758517220258847 2
	a 188 368 0.8533229137714274
	a 368 188 0.8533229137714274
3.532908836752516 2
	a 188 489 0.8889061404026354
	a 489 188 0.8889061404026354
1.815014601841224 2
	a 188 266 0.9412933108644451
	a 266 188 0.9412933108644451
4.775931358792842 2
	a 188 283 0.8528277280580536
	a 283 188 0.8528277280580536
3.817443456438786 2
	a 188 215 0.8805151762802031
	a 215 188 0.8805151762802031
0.3282999206120918 2
	a 189 219 0.9891163297299831
	a 219 189 0.9891163297299831
0.6780787635912512 2
	a 190 253 0.9776509001783111
	a 253 190 0.9776509001783111
3.331367662815472 2
	a 191 323 0.894897950710707
	a 323 191 0.894897950710707
4.24925255236559 2
	a 191 410 0.8679321359692914
	a 410 191 0.8679321359692914
0.7884591958105146 2
	a 191 261 0.9740603919623205
	a 261 191 0.9740603919623205
3.978450306950644 2
	a 192 309 0.8758022020995321
	a 309 192 0.8758022020995321
3.719670230754743 2
	a 192 508 0.8833895513195676
	a 508 192 0.8833895513195676
3.669799906447752 2
	a 193 398 0.8848592700173762
	a 398 193 0.8848592700173762
1.884683103725019 2
	a 193 345 0.9391098972715689
	a 345 193 0.9391098972715689
4.777378948460506 2
	a 193 234 0.8527865775639644
	a 234 193 0.8527865775639644
0.7671585448709205 2
	a 194 267 0.9747522415608111
	a 267 194 0.9747522415608111
1.211806067670806 2
	a 195 283 0.9604114087035521
	a 283 195 0.9604114087035521
0.7884591958105146 2
	a 195 269 0.9740603919623205
	a 269 195 0.9740603919623205
0.8455244466185425 2
	a 195 254 0.9722093196998592
	a 254 195 0.9722093196998592
0.5424630108730013 2
	a 196 232 0.9820803998915988
	a 232 196 0.9820803998915988
1.726106731610226 2
	a 196 335 0.9440870613775323
	a 335 196 0.9440870613775323
4.990187680363221 2
	a 196 422 0.8467586351487221
	a 422 196 0.8467586351487221
1.63307698331426 2
	a 197 224 0.9470192113704445
	a 224 197 0.9470192113704445
0.9056588220468618 2
	a 197 279 0.9702624981924419
	a 279 197 0.9702624981924419
4.95346658711139 2
	a 198 618 0.8477957331688896
	a 618 198 0.8477957331688896
5.993621658358339 2
	a 198 514 0.8189048430659386
	a 514 198 0.8189048430659386
2.800921581872936 2
	a 198 360 0.9108618381905319
	a 360 198 0.9108618381905319
3.390393817956253 2
	a 198 484 0.8931389355673849
	a 484 198 0.8931389355673849
11.29437377927359 2
	a 198 233 0.6862734428257197
	a 233 198 0.6862734428257197
7.837531578632912 2
	a 199 533 0.7700875628436065
	a 533 199 0.7700875628436065
0.4068472581547501 2
	a 199 238 0.9865299685964932
	a 238 199 0.9865299685964932
8.74428326022305 2
	a 199 696 0.747159864029544
	a 696 199 0.747159864029544
2.159957821048861 2
	a 200 249 0.9305322041060317
	a 249 200 0.9305322041060317
0.5294379043957786 2
	a 200 248 0.9825068825271878
	a 248 200 0.9825068825271878
3.27691220607328 2
	a 201 315 0.8965238284509863
	a 315 201 0.8965238284509863
0.754358709720538 2
	a 201 269 0.9751682192287419
	a 269 201 0.9751682192287419
4.920525421324577 2
	a 201 206 0.8487271571051329
	a 206 201 0.8487271571051329
2.606228054137895 2
	a 201 254 0.916792358091655
	a 254 201 0.916792358091655
0.8249184195643712 2
	a 202 273 0.9728773281417317
	a 273 202 0.9728773281417317
1.090487985406985 2
	a 202 285 0.9643031146479676
	a 285 202 0.9643031146479676
0.9493102690277512 2
	a 203 272 0.9688517460642906
	a 272 203 0.9688517460642906
3.27152497878915 2
	a 203 474 0.8966848354945628
	a 474 203 0.8966848354945628
4.174138589793449 2
	a 203 330 0.8701079861773195
	a 330 203 0.8701079861773195
0.2701555345749592 2
	a 204 226 0.9910352407514
	a 226 204 0.9910352407514
1.196210382682908 2
	a 205 306 0.9609108142948072
	a 306 205 0.9609108142948072
1.889172731026632 2
	a 206 315 0.9389693660062477
	a 315 206 0.9389693660062477
0.4068472581547501 2
	a 206 244 0.9865299685964932
	a 244 206 0.9865299685964932
0.4068472581547501 2
	a 207 244 0.9865299685964932
	a 244 207 0.9865299685964932
0.8136945163095008 2
	a 208 228 0.973241378938998
	a 228 208 0.973241378938998
0.8266086393752234 2
	a 208 281 0.9728225171346718
	a 281 208 0.9728225171346718
2.207581231921138 2
	a 208 365 0.9290562053680281
	a 365 208 0.9290562053680281
0.5424630108730013 2
	a 209 257 0.9820803998915988
	a 257 209 0.9820803998915988
4.521177302927361 2
	a 209 364 0.860100608372275
	a 364 209 0.860100608372275
0.4518359985116184 2
	a 210 253 0.9850516526460312
	a 253 210 0.9850516526460312
1.47969360508203 2
	a 211 329 0.951873510472241
	a 329 211 0.951873510472241
4.38965106131443 2
	a 212 223 0.8638797465973487
	a 223 212 0.8638797465973487
0.6780787635912512 2
	a 212 251 0.9776509001783111
	a 251 212 0.9776509001783111
3.2658349215292 2
	a 212 488 0.8968549245595979
	a 488 212 0.8968549245595979
1.428089202829759 2
	a 212 309 0.9535122816492002
	a 309 212 0.9535122816492002
4.427462030562981 2
	a 212 544 0.8627916281038707
	a 544 212 0.8627916281038707
4.944304124667291 2
	a 212 508 0.8480547025990187
	a 508 212 0.8480547025990187
0.5424630108730013 2
	a 213 260 0.9820803998915988
	a 260 213 0.9820803998915988
2.391087133615162 2
	a 214 265 0.9233906408855553
	a 265 214 0.9233906408855553
3.644003100568314 2
	a 214 317 0.8856204820117479
	a 317 214 0.8856204820117479
2.552563955997539 2
	a 214 404 0.9184337869198931
	a 404 214 0.9184337869198931
3.69959219651063 2
	a 214 528 0.8839809733961131
	a 528 214 0.8839809733961131
0.8185134729050157 2
	a 215 283 0.9730850578956706
	a 283 215 0.9730850578956706
7.293115045444626 2
	a 216 563 0.7841900832857466
	a 563 216 0.7841900832857466
2.321226816810722 2
	a 216 370 0.925543425239557
	a 370 216 0.925543425239557
3.798923873219659 2
	a 216 533 0.8810589032256372
	a 533 216 0.8810589032256372
0.4068472581547501 2
	a 217 253 0.9865299685964932
	a 253 217 0.9865299685964932
3.883702944461775 2
	a 218 312 0.8785725728424866
	a 312 218 0.8785725728424866
2.647948278553775 2
	a 218 427 0.915518284776656
	a 427 218 0.915518284776656
2.60922277543572 2
	a 219 424 0.9167008447393321
	a 424 219 0.9167008447393321
0.5753689120435835 2
	a 220 245 0.981003782431322
	a 245 220 0.981003782431322
0.6981164340668319 2
	a 220 280 0.9769981233187751
	a 280 220 0.9769981233187751
0.9493102690277512 2
	a 221 297 0.9688517460642906
	a 297 221 0.9688517460642906
1.763004785337253 2
	a 221 292 0.942926609327066
	a 292 221 0.942926609327066
2.762626722057115 2
	a 221 310 0.9120252914840663
	a 310 221 0.9120252914840663
0.4217785570495555 2
	a 222 259 0.9860390849711355
	a 259 222 0.9860390849711355
3.093960810068971 2
	a 222 347 0.9020078762237146
	a 347 222 0.9020078762237146
6.083330041254481 2
	a 223 344 0.8164597463418731
	a 344 223 0.8164597463418731
3.136683343390041 2
	a 223 488 0.9007242550481945
	a 488 223 0.9007242550481945
4.699843304433126 2
	a 224 636 0.8549934734373632
	a 636 224 0.8549934734373632
5.888554823110531 2
	a 224 621 0.8217778624545778
	a 621 224 0.8217778624545778
9.675281230189182 2
	a 224 505 0.7243291416677046
	a 505 224 0.7243291416677046
1.356157527182502 2
	a 224 279 0.9558012826194622
	a 279 224 0.9558012826194622
4.13725734337871 2
	a 225 489 0.8711783328727044
	a 489 225 0.8711783328727044
0.4068472581547501 2
	a 225 264 0.9865299685964932
	a 264 225 0.9865299685964932
2.124012364012603 2
	a 225 266 0.9316478191729057
	a 266 225 0.9316478191729057
3.491854024588923 2
	a 226 521 0.8901234356306174
	a 521 226 0.8901234356306174
2.103725490550353 2
	a 226 328 0.9322780396162277
	a 328 226 0.9322780396162277
3.335328126491031 2
	a 226 390 0.8947798181476366
	a 390 226 0.8947798181476366
3.227557510940227 2
	a 227 321 0.897999964363107
	a 321 227 0.897999964363107
0.3981115513613038 2
	a 227 262 0.986817278310307
	a 262 227 0.986817278310307
2.61015848344475 2
	a 227 392 0.9166722530411489
	a 392 227 0.9166722530411489
0.6981164340668319 2
	a 228 285 0.9769981233187751
	a 285 228 0.9769981233187751
2.462725332253011 2
	a 229 350 0.9211882700916327
	a 350 229 0.9211882700916327
1.804331113799363 2
	a 229 361 0.9416285804193901
	a 361 229 0.9416285804193901
