1.088420984350353 2
	a 0 4 0.9643695574554602
	a 4 0 0.9643695574554602
7.915219388055367 2
	a 1 15 0.7680959288572633
	a 15 1 0.7680959288572633
2.285230558113497 2
	a 1 8 0.9266546284445556
	a 8 1 0.9266546284445556
1.116507928925421 2
	a 2 6 0.9634671068290531
	a 6 2 0.9634671068290531
3.462641424061041 2
	a 3 4 0.8909906184513707
	a 4 3 0.8909906184513707
2.171740931339539 2
	a 3 10 0.9301667904195585
	a 10 3 0.9301667904195585
3.394828742383747 2
	a 3 6 0.8930069118701275
	a 6 3 0.8930069118701275
1.68410134343058 2
	a 4 9 0.9454098787019549
	a 9 4 0.9454098787019549
1.834428561908478 2
	a 5 13 0.940684366894305
	a 13 5 0.940684366894305
3.009435543708067 2
	a 6 12 0.9045528750183874
	a 12 6 0.9045528750183874
1.640257177424029 2
	a 6 15 0.9467925791004772
	a 15 6 0.9467925791004772
8.522999303223665 2
	a 7 64 0.7526913892873515
	a 64 7 0.7526913892873515
10.52332899322857 2
	a 7 95 0.7041403139414971
	a 95 7 0.7041403139414971
10.65188798929518 2
	a 7 101 0.7011293176652348
	a 101 7 0.7011293176652348
12.69710701783074 2
	a 7 25 0.6549234629749453
	a 25 7 0.6549234629749453
4.210409551759382 2
	a 8 33 0.8690566334092296
	a 33 8 0.8690566334092296
1.932875892814558 2
	a 9 20 0.9376024975186718
	a 20 9 0.9376024975186718
0.487629339878578 2
	a 9 12 0.9838770771494869
	a 12 9 0.9838770771494869
0.3835792746957232 2
	a 10 12 0.9872954174986995
	a 12 10 0.9872954174986995
11.41521369847543 2
	a 11 29 0.6835146950905635
	a 29 11 0.6835146950905635
10.49821584444069 2
	a 11 42 0.7047300000707059
	a 42 11 0.7047300000707059
5.221015984725314 2
	a 11 41 0.8402684405132096
	a 41 11 0.8402684405132096
5.512020212661833 2
	a 11 50 0.8321571222863891
	a 50 11 0.8321571222863891
1.515225646537176 2
	a 12 20 0.9507467775548303
	a 20 12 0.9507467775548303
1.736200693454497 2
	a 12 16 0.9437694621852569
	a 16 12 0.9437694621852569
4.202707797546758 2
	a 12 15 0.8692797707367305
	a 15 12 0.8692797707367305
1.118574925461526 2
	a 12 14 0.9634007263434677
	a 14 12 0.9634007263434677
19.38089138649526 2
	a 13 25 0.5241225683843269
	a 25 13 0.5241225683843269
3.067309141251221 2
	a 13 29 0.9028095661168171
	a 29 13 0.9028095661168171
0.2701555345749592 2
	a 14 16 0.9910352407514
	a 16 14 0.9910352407514
3.369366934536671 2
	a 15 35 0.8937651526074827
	a 35 15 0.8937651526074827
2.685054913829007 2
	a 15 20 0.9143865913738085
	a 20 15 0.9143865913738085
1.216905233534587 2
	a 15 18 0.9602481793404901
	a 18 15 0.9602481793404901
3.865258162371323 2
	a 15 30 0.879112908253505
	a 30 15 0.879112908253505
0.2701555345749592 2
	a 15 16 0.9910352407514
	a 16 15 0.9910352407514
3.342901927240962 2
	a 15 33 0.8945539505248521
	a 33 15 0.8945539505248521
1.126737926931244 2
	a 16 20 0.9631386206197394
	a 20 16 0.9631386206197394
2.877975609157165 2
	a 17 35 0.9085253210116081
	a 35 17 0.9085253210116081
2.878776623600594 2
	a 17 33 0.9085010632719779
	a 33 17 0.9085010632719779
0.3002129760370238 2
	a 18 20 0.990042805211115
	a 20 18 0.990042805211115
2.106417445159709 2
	a 19 33 0.9321943883638418
	a 33 19 0.9321943883638418
2.034236290773753 2
	a 20 35 0.9344399843445016
	a 35 20 0.9344399843445016
3.190611006225279 2
	a 21 45 0.8991065776453653
	a 45 21 0.8991065776453653
0.4068472581547501 2
	a 21 23 0.9865299685964932
	a 23 21 0.9865299685964932
1.504934540073178 2
	a 21 36 0.9510729747107298
	a 36 21 0.9510729747107298
3.806740652193212 2
	a 22 59 0.8808293650407836
	a 59 22 0.8808293650407836
6.074358317846057 2
	a 22 74 0.8167039512229736
	a 74 22 0.8167039512229736
1.058859358600752 2
	a 23 34 0.9653203035365874
	a 34 23 0.9653203035365874
2.71393484891547 2
	a 23 45 0.9135067674159741
	a 45 23 0.9135067674159741
3.364966008978386 2
	a 24 60 0.8938962753550455
	a 60 24 0.8938962753550455
4.242795669393471 2
	a 24 35 0.8681189606146412
	a 35 24 0.8681189606146412
1.807218269202658 2
	a 24 34 0.941537963845067
	a 34 24 0.941537963845067
2.301475639133285 2
	a 24 33 0.9261529782953875
	a 33 24 0.9261529782953875
7.331955397023135 2
	a 25 108 0.7831754662775197
	a 108 25 0.7831754662775197
12.5875168592873 2
	a 25 109 0.6573202769680661
	a 109 25 0.6573202769680661
12.61255934774749 2
	a 25 40 0.6567718080686613
	a 40 25 0.6567718080686613
0.4068472581547501 2
	a 26 33 0.9865299685964932
	a 33 26 0.9865299685964932
1.984278394854708 2
	a 27 33 0.9359973692284843
	a 33 27 0.9359973692284843
2.520882000556814 2
	a 27 36 0.9194042251964868
	a 36 27 0.9194042251964868
1.506073016235147 2
	a 27 43 0.9510368829318947
	a 43 27 0.9510368829318947
1.907785025694843 2
	a 27 39 0.9383870008599716
	a 39 27 0.9383870008599716
23.25493139665964 2
	a 28 32 0.4606280567866818
	a 32 28 0.4606280567866818
20.03546021908359 2
	a 28 155 0.5128106147653707
	a 155 28 0.5128106147653707
18.48594264673937 2
	a 28 125 0.5399935476861012
	a 125 28 0.5399935476861012
1.154824871506312 2
	a 29 42 0.9622373218958472
	a 42 29 0.9622373218958472
0.3002129760370238 2
	a 30 35 0.990042805211115
	a 35 30 0.990042805211115
5.423121993751903 2
	a 30 33 0.8346266890148284
	a 33 30 0.8346266890148284
3.89810786437398 2
	a 31 37 0.8781508151887151
	a 37 31 0.8781508151887151
7.759555897652159 2
	a 31 40 0.7720917697761984
	a 40 31 0.7720917697761984
12.61450588585151 2
	a 31 121 0.656729195072805
	a 121 31 0.656729195072805
6.674195164131342 2
	a 31 92 0.8005364831446714
	a 92 31 0.8005364831446714
6.516757177768018 2
	a 31 104 0.8047486878918335
	a 104 31 0.8047486878918335
5.710040770014635 2
	a 32 98 0.8266824033732315
	a 98 32 0.8266824033732315
1.453744046139253 2
	a 33 35 0.9526972232628116
	a 35 33 0.9526972232628116
1.250070526955394 2
	a 33 34 0.9591872021547203
	a 34 33 0.9591872021547203
0.3002129760370238 2
	a 33 36 0.990042805211115
	a 36 33 0.990042805211115
2.503074246341606 2
	a 34 60 0.9199501380207048
	a 60 34 0.9199501380207048
4.513641922120174 2
	a 34 56 0.8603166750274337
	a 56 34 0.8603166750274337
3.872632639608435 2
	a 34 51 0.8788968348740378
	a 51 34 0.8788968348740378
7.109691656895085 2
	a 34 54 0.7889993973934007
	a 54 34 0.7889993973934007
7.635674519443583 2
	a 34 45 0.7752866213647879
	a 45 34 0.7752866213647879
4.878622716872363 2
	a 34 36 0.849913450835019
	a 36 34 0.849913450835019
4.086859288452119 2
	a 35 53 0.8726430859890537
	a 53 35 0.8726430859890537
2.301475639133285 2
	a 35 55 0.9261529782953875
	a 55 35 0.9261529782953875
3.193221930422387 2
	a 36 45 0.8990283310797004
	a 45 36 0.8990283310797004
1.392998929689093 2
	a 36 43 0.9546282343869431
	a 43 36 0.9546282343869431
0.1917896373478611 2
	a 36 38 0.9936274037579175
	a 38 36 0.9936274037579175
7.389565072749924 2
	a 37 109 0.7816729598993509
	a 109 37 0.7816729598993509
12.21604059436081 2
	a 37 121 0.6655101742428434
	a 121 37 0.6655101742428434
0.649991823536707 2
	a 38 43 0.9785666361893822
	a 43 38 0.9785666361893822
0.2701555345749592 2
	a 39 43 0.9910352407514
	a 43 39 0.9910352407514
2.277380856155709 2
	a 40 48 0.9268971255903805
	a 48 40 0.9268971255903805
4.437264915796666 2
	a 40 92 0.8625097459169947
	a 92 40 0.8625097459169947
9.928434857433684 2
	a 41 42 0.7182426398007269
	a 42 41 0.7182426398007269
3.059181671108716 2
	a 41 50 0.9030541845105652
	a 50 41 0.9030541845105652
1.954180946745591 2
	a 41 63 0.9369368781717311
	a 63 41 0.9369368781717311
0.9493102690277512 2
	a 42 48 0.9688517460642906
	a 48 42 0.9688517460642906
6.429925299918057 2
	a 42 52 0.8070813233742431
	a 52 42 0.8070813233742431
10.09450776548356 2
	a 42 63 0.7142776032163585
	a 63 42 0.7142776032163585
4.250556307965924 2
	a 43 45 0.8678944177427871
	a 45 43 0.8678944177427871
3.935155398304177 2
	a 43 47 0.8770670404420906
	a 47 43 0.8770670404420906
1.151286064329106 2
	a 43 44 0.9623508343353896
	a 44 43 0.9623508343353896
0.9849989873620122 2
	a 43 49 0.9676998621187332
	a 49 43 0.9676998621187332
6.947186690806621 2
	a 44 66 0.7932848711045926
	a 66 44 0.7932848711045926
5.158182453491167 2
	a 44 57 0.8420301859240086
	a 57 44 0.8420301859240086
3.074445979004846 2
	a 44 47 0.9025948181483268
	a 47 44 0.9025948181483268
2.37241948059669 2
	a 44 59 0.9239654042278721
	a 59 44 0.9239654042278721
0.7884591958105146 2
	a 44 49 0.9740603919623205
	a 49 44 0.9740603919623205
1.622807055510311 2
	a 45 54 0.9473434608319116
	a 54 45 0.9473434608319116
2.033355190707818 2
	a 45 57 0.9344674292519221
	a 57 45 0.9344674292519221
0.1917896373478611 2
	a 45 47 0.9936274037579175
	a 47 45 0.9936274037579175
0.4068472581547501 2
	a 46 49 0.9865299685964932
	a 49 46 0.9865299685964932
0.7671585448709205 2
	a 47 57 0.9747522415608111
	a 57 47 0.9747522415608111
4.164117946345623 2
	a 48 104 0.8703986694515273
	a 104 48 0.8703986694515273
6.618575224646338 2
	a 48 52 0.8020220528657093
	a 52 48 0.8020220528657093
0.5294379043957786 2
	a 49 59 0.9825068825271878
	a 59 49 0.9825068825271878
0.1356157527182506 2
	a 50 53 0.9954896771040572
	a 53 50 0.9954896771040572
1.47969360508203 2
	a 51 68 0.951873510472241
	a 68 51 0.951873510472241
0.5488408072586609 2
	a 51 60 0.9818716384555221
	a 60 51 0.9818716384555221
0.9583507903075323 2
	a 51 56 0.9685598258907672
	a 56 51 0.9685598258907672
5.591088540721186 2
	a 52 104 0.829966767604301
	a 104 52 0.829966767604301
0.5294379043957786 2
	a 52 61 0.9825068825271878
	a 61 52 0.9825068825271878
8.067320605235619 2
	a 52 63 0.7642115067439614
	a 63 52 0.7642115067439614
1.515225646537176 2
	a 52 65 0.9507467775548303
	a 65 52 0.9507467775548303
0.60830115431387 2
	a 53 63 0.9799274848132655
	a 63 53 0.9799274848132655
0.4217785570495555 2
	a 53 60 0.9860390849711355
	a 60 53 0.9860390849711355
0.4261984914158477 2
	a 53 55 0.9858938214043831
	a 55 53 0.9858938214043831
3.644003100568314 2
	a 54 71 0.8856204820117479
	a 71 54 0.8856204820117479
0.7522177754760512 2
	a 54 68 0.975237814079835
	a 68 54 0.975237814079835
1.875209981755642 2
	a 54 57 0.9394064875163473
	a 57 54 0.9394064875163473
0.1917896373478611 2
	a 55 60 0.9936274037579175
	a 60 55 0.9936274037579175
0.5753689120435835 2
	a 56 68 0.981003782431322
	a 68 56 0.981003782431322
0.754358709720538 2
	a 57 71 0.9751682192287419
	a 71 57 0.9751682192287419
0.5753689120435835 2
	a 57 69 0.981003782431322
	a 69 57 0.981003782431322
1.220770282487056 2
	a 57 67 0.9601244737688071
	a 67 57 0.9601244737688071
2.790987741547899 2
	a 57 66 0.9111635000007383
	a 66 57 0.9111635000007383
13.7958493238348 2
	a 58 130 0.6313709933486928
	a 130 58 0.6313709933486928
4.006537251525712 2
	a 58 71 0.8749826322159919
	a 71 58 0.8749826322159919
0.9583507903075323 2
	a 58 73 0.9685598258907672
	a 73 58 0.9685598258907672
0.4217785570495555 2
	a 59 66 0.9860390849711355
	a 66 59 0.9860390849711355
4.369631988279072 2
	a 59 88 0.8644564080377716
	a 88 59 0.8644564080377716
0.4362744118444816 2
	a 60 68 0.9855627507483367
	a 68 60 0.9855627507483367
4.905860476288635 2
	a 61 104 0.8491421430962971
	a 104 61 0.8491421430962971
3.093960810068971 2
	a 61 100 0.9020078762237146
	a 100 61 0.9020078762237146
1.944064083921212 2
	a 61 65 0.9372528935158532
	a 65 61 0.9372528935158532
3.579193982335919 2
	a 62 99 0.8875357594751958
	a 99 62 0.8875357594751958
4.119157391462693 2
	a 62 106 0.8717041009942267
	a 106 62 0.8717041009942267
1.220541774464252 2
	a 62 83 0.9601317870014974
	a 83 62 0.9601317870014974
2.566235678383722 2
	a 62 88 0.9180153298854468
	a 88 62 0.9180153298854468
0.2701555345749592 2
	a 63 68 0.9910352407514
	a 68 63 0.9910352407514
8.971878177644633 2
	a 64 111 0.7415129848780861
	a 111 64 0.7415129848780861
2.470254271311943 2
	a 64 95 0.9209571134206768
	a 95 64 0.9209571134206768
0.9763801406626829 2
	a 65 68 0.9679779172841535
	a 68 65 0.9679779172841535
0.7671585448709205 2
	a 65 77 0.9747522415608111
	a 77 65 0.9747522415608111
1.165489355260694 2
	a 66 69 0.96189532387708
	a 69 66 0.96189532387708
1.248857222541599 2
	a 66 78 0.9592259958080578
	a 78 66 0.9592259958080578
2.387276620277384 2
	a 66 94 0.9235079347463304
	a 94 66 0.9235079347463304
2.790280681697953 2
	a 66 99 0.9111849751580605
	a 99 66 0.9111849751580605
2.678670282409411 2
	a 66 83 0.9145812127948727
	a 83 66 0.9145812127948727
2.821981008552647 2
	a 66 88 0.9102226549607618
	a 88 66 0.9102226549607618
0.1917896373478611 2
	a 67 71 0.9936274037579175
	a 71 67 0.9936274037579175
1.165489355260694 2
	a 67 69 0.96189532387708
	a 69 67 0.96189532387708
1.084926021746002 2
	a 68 84 0.9644819118512427
	a 84 68 0.9644819118512427
1.264556590292974 2
	a 68 77 0.9587241524077498
	a 77 68 0.9587241524077498
0.1356157527182506 2
	a 69 71 0.9954896771040572
	a 71 69 0.9954896771040572
2.722378276638658 2
	a 69 70 0.913249699314426
	a 70 69 0.913249699314426
2.998825857758833 2
	a 70 71 0.9048728323234421
	a 71 70 0.9048728323234421
0.4068472581547501 2
	a 70 73 0.9865299685964932
	a 73 70 0.9865299685964932
2.58521973651486 2
	a 70 81 0.9174345917713339
	a 81 70 0.9174345917713339
1.682179568763011 2
	a 70 78 0.9454704428002887
	a 78 70 0.9454704428002887
3.389674132279728 2
	a 71 107 0.8931603618010222
	a 107 71 0.8931603618010222
6.06689715954033 2
	a 71 93 0.8169070950656988
	a 93 71 0.8169070950656988
2.857899256548385 2
	a 71 85 0.9091335203192603
	a 85 71 0.9091335203192603
3.599192102737482 2
	a 71 84 0.8869443217251964
	a 84 71 0.8869443217251964
0.9763801406626829 2
	a 71 80 0.9679779172841535
	a 80 71 0.9679779172841535
3.082815577512252 2
	a 72 96 0.9023430413963731
	a 96 72 0.9023430413963731
0.9056588220468618 2
	a 72 86 0.9702624981924419
	a 86 72 0.9702624981924419
2.455712655241525 2
	a 73 102 0.9214036284547936
	a 102 73 0.9214036284547936
0.1356157527182506 2
	a 74 76 0.9954896771040572
	a 76 74 0.9954896771040572
1.993364469465826 2
	a 75 96 0.9357139274224536
	a 96 75 0.9357139274224536
1.555485357104156 2
	a 75 89 0.9494717402871466
	a 89 75 0.9494717402871466
0.6780787635912512 2
	a 75 76 0.9776509001783111
	a 76 75 0.9776509001783111
1.21946580360271 2
	a 75 91 0.9601662234132384
	a 91 75 0.9601662234132384
1.017007035400675 2
	a 76 88 0.9666679399244199
	a 88 76 0.9666679399244199
0.9427373486970791 2
	a 76 89 0.9690640421648343
	a 89 76 0.9690640421648343
0.4068472581547501 2
	a 77 84 0.9865299685964932
	a 84 77 0.9865299685964932
1.360345102038611 2
	a 78 81 0.9556678756165912
	a 81 78 0.9556678756165912
1.651845963902636 2
	a 78 94 0.9464269104979894
	a 94 78 0.9464269104979894
9.479277726611283 2
	a 79 125 0.7290770030535776
	a 125 79 0.7290770030535776
4.702584460437569 2
	a 79 111 0.8549153546565645
	a 111 79 0.8549153546565645
1.47212946921474 2
	a 80 85 0.9521135440838063
	a 85 80 0.9521135440838063
0.2712315054364995 2
	a 80 84 0.9909996972207403
	a 84 80 0.9909996972207403
2.844913917130382 2
	a 81 102 0.9095271190745933
	a 102 81 0.9095271190745933
1.509632916182426 2
	a 81 94 0.9509240364224182
	a 94 81 0.9509240364224182
1.515225646537176 2
	a 82 97 0.9507467775548303
	a 97 82 0.9507467775548303
3.055912409281088 2
	a 82 88 0.9031526005587216
	a 88 82 0.9031526005587216
2.574731526115862 2
	a 82 96 0.9177553894121462
	a 96 82 0.9177553894121462
1.620896966400101 2
	a 83 99 0.9474037797664057
	a 99 83 0.9474037797664057
1.940314217948049 2
	a 83 88 0.9373700532623779
	a 88 83 0.9373700532623779
0.2712315054364995 2
	a 84 87 0.9909996972207403
	a 87 84 0.9909996972207403
0.5488408072586609 2
	a 85 90 0.9818716384555221
	a 90 85 0.9818716384555221
0.3835792746957232 2
	a 85 87 0.9872954174986995
	a 87 85 0.9872954174986995
1.754926729054513 2
	a 86 105 0.943180543987861
	a 105 86 0.943180543987861
2.796536961848652 2
	a 86 96 0.9109949740212983
	a 96 86 0.9109949740212983
3.262289161784405 2
	a 86 110 0.8969609318936976
	a 110 86 0.8969609318936976
0.4068472581547501 2
	a 87 90 0.9865299685964932
	a 90 87 0.9865299685964932
2.488391115233225 2
	a 88 106 0.9204005065083646
	a 106 88 0.9204005065083646
0.7884591958105146 2
	a 88 96 0.9740603919623205
	a 96 88 0.9740603919623205
0.7856075762549576 2
	a 88 89 0.9741529846849716
	a 89 88 0.9741529846849716
0.7884591958105146 2
	a 89 96 0.9740603919623205
	a 96 89 0.9740603919623205
4.913642750094171 2
	a 90 93 0.8489218964426151
	a 93 90 0.8489218964426151
0.99986533083179 2
	a 90 100 0.9672204422980087
	a 100 90 0.9672204422980087
0.5294379043957786 2
	a 91 96 0.9825068825271878
	a 96 91 0.9825068825271878
0.754358709720538 2
	a 92 104 0.9751682192287419
	a 104 92 0.9751682192287419
0.9493102690277512 2
	a 93 104 0.9688517460642906
	a 104 93 0.9688517460642906
1.241928224970066 2
	a 93 107 0.959447570548437
	a 107 93 0.959447570548437
3.872948701161194 2
	a 93 100 0.8788875754062023
	a 100 93 0.8788875754062023
2.894806333243491 2
	a 94 102 0.9080157593297284
	a 102 94 0.9080157593297284
0.572507812946912 2
	a 94 103 0.9810973451939815
	a 103 94 0.9810973451939815
1.342527456914504 2
	a 94 99 0.9562356359045654
	a 99 94 0.9562356359045654
6.389005615290472 2
	a 95 111 0.8081829249306328
	a 111 95 0.8081829249306328
3.245952418077354 2
	a 95 101 0.8974495122738175
	a 101 95 0.8974495122738175
3.700572454294427 2
	a 95 115 0.8839520895603458
	a 115 95 0.8839520895603458
0.6773268194476793 2
	a 96 105 0.9776754051143772
	a 105 96 0.9776754051143772
10.83027392618948 2
	a 97 132 0.6969726344692206
	a 132 97 0.6969726344692206
0.7884591958105146 2
	a 97 106 0.9740603919623205
	a 106 97 0.9740603919623205
0.7241308354215087 2
	a 97 105 0.9761512898261859
	a 105 97 0.9761512898261859
15.89700362560359 2
	a 98 113 0.5886637619763934
	a 113 98 0.5886637619763934
6.672533993214723 2
	a 98 119 0.8005808119694057
	a 119 98 0.8005808119694057
10.64329100837571 2
	a 99 133 0.7013302663019211
	a 133 99 0.7013302663019211
9.575205466009182 2
	a 99 130 0.7267494360491319
	a 130 99 0.7267494360491319
0.1917896373478611 2
	a 100 104 0.9936274037579175
	a 104 100 0.9936274037579175
3.254778065238004 2
	a 101 115 0.8971855320143377
	a 115 101 0.8971855320143377
1.463686339846209 2
	a 101 108 0.952381542388651
	a 108 101 0.952381542388651
9.212014564125573 2
	a 102 130 0.735601202055573
	a 130 102 0.735601202055573
2.481995399486104 2
	a 102 103 0.920596748093149
	a 103 102 0.920596748093149
9.210687283712668 2
	a 103 130 0.7356337477444285
	a 130 103 0.7356337477444285
6.442296295455717 2
	a 104 121 0.806748578670346
	a 121 104 0.806748578670346
1.165489355260694 2
	a 104 107 0.96189532387708
	a 107 104 0.96189532387708
3.055869509497978 2
	a 105 116 0.9031538920613343
	a 116 105 0.9031538920613343
9.466155374598312 2
	a 106 133 0.7293959796464985
	a 133 106 0.7293959796464985
5.834580603387383 2
	a 107 121 0.823257687225587
	a 121 107 0.823257687225587
2.486263561743005 2
	a 108 115 0.9204657821999633
	a 115 108 0.9204657821999633
6.20853999726666 2
	a 108 109 0.8130592179807609
	a 109 108 0.8130592179807609
5.762751674754912 2
	a 109 115 0.8252311727607332
	a 115 109 0.8252311727607332
5.825284048607519 2
	a 109 124 0.8235128420974739
	a 124 109 0.8235128420974739
5.145261404981005 2
	a 109 120 0.8423929277978017
	a 120 109 0.8423929277978017
14.47035931368802 2
	a 109 163 0.6173338531207211
	a 163 109 0.6173338531207211
13.28315939079304 2
	a 109 121 0.6422536372641097
	a 121 109 0.6422536372641097
8.645539943416141 2
	a 110 135 0.7496231504622082
	a 135 110 0.7496231504622082
5.546634090265825 2
	a 110 123 0.8311975364833313
	a 123 110 0.8311975364833313
1.726106731610226 2
	a 111 114 0.9440870613775323
	a 114 111 0.9440870613775323
6.350779105814018 2
	a 111 115 0.809213381711927
	a 115 111 0.809213381711927
5.28429535274652 2
	a 111 120 0.8384979199305902
	a 120 111 0.8384979199305902
1.199592341201047 2
	a 112 117 0.9608024950499893
	a 117 112 0.9608024950499893
13.64324735000815 2
	a 113 119 0.6345907908570301
	a 119 113 0.6345907908570301
8.260000311371195 2
	a 113 142 0.7593189668299879
	a 142 113 0.7593189668299879
11.00337332597552 2
	a 113 144 0.6929626960700478
	a 144 113 0.6929626960700478
11.0340935171006 2
	a 113 143 0.6922534610470862
	a 143 113 0.6922534610470862
9.684914821758225 2
	a 114 125 0.7240965826389352
	a 125 114 0.7240965826389352
5.421879993044833 2
	a 114 129 0.834661243294694
	a 129 114 0.834661243294694
5.249453776293715 2
	a 114 128 0.839472305285858
	a 128 114 0.839472305285858
4.057061392938133 2
	a 114 124 0.8735102808440294
	a 124 114 0.8735102808440294
3.463288699966666 2
	a 114 120 0.8909713947667732
	a 120 114 0.8909713947667732
3.14538601870665 2
	a 115 120 0.9004630025852333
	a 120 115 0.9004630025852333
14.11770936769016 2
	a 116 183 0.6246334306588897
	a 183 116 0.6246334306588897
0.754358709720538 2
	a 117 118 0.9751682192287419
	a 118 117 0.9751682192287419
12.34623557749876 2
	a 118 159 0.6626282294814608
	a 159 118 0.6626282294814608
17.11966183758686 2
	a 118 206 0.5651549178205907
	a 206 118 0.5651549178205907
18.37888817277343 2
	a 118 212 0.5419239474428748
	a 212 118 0.5419239474428748
7.413217174266954 2
	a 119 155 0.7810569291649295
	a 155 119 0.7810569291649295
9.110507240059883 2
	a 119 142 0.7380943812627911
	a 142 119 0.7380943812627911
8.780808962818888 2
	a 119 161 0.7462507329532015
	a 161 119 0.7462507329532015
0.8577093321382242 2
	a 120 124 0.9718145245721203
	a 124 120 0.9718145245721203
4.521294312198807 2
	a 121 122 0.8600972537206318
	a 122 121 0.8600972537206318
1.259470294364125 2
	a 121 127 0.9588867113461842
	a 127 121 0.9588867113461842
3.900457791534456 2
	a 122 137 0.8780820315343063
	a 137 122 0.8780820315343063
2.249659766717275 2
	a 122 127 0.9277540080286126
	a 127 122 0.9277540080286126
3.558291282261101 2
	a 123 135 0.8881543714207015
	a 135 123 0.8881543714207015
4.330359271078273 2
	a 123 141 0.8655888008132515
	a 141 123 0.8655888008132515
0.4068472581547501 2
	a 124 126 0.9865299685964932
	a 126 124 0.9865299685964932
5.406185267872731 2
	a 125 150 0.8350980168295858
	a 150 125 0.8350980168295858
7.016065560929164 2
	a 125 146 0.7914656081964307
	a 146 125 0.7914656081964307
0.4068472581547501 2
	a 126 128 0.9865299685964932
	a 128 126 0.9865299685964932
13.37187005311696 2
	a 126 160 0.6403572842400733
	a 160 126 0.6403572842400733
2.988365516397017 2
	a 127 137 0.9051883966259215
	a 137 127 0.9051883966259215
11.25717903444382 2
	a 127 131 0.6871248293547162
	a 131 127 0.6871248293547162
0.5753689120435835 2
	a 128 129 0.981003782431322
	a 129 128 0.981003782431322
2.293280822207979 2
	a 129 138 0.9264060013218357
	a 138 129 0.9264060013218357
0.2701555345749592 2
	a 130 131 0.9910352407514
	a 131 130 0.9910352407514
12.53289521900172 2
	a 131 190 0.6585181642039408
	a 190 131 0.6585181642039408
0.2701555345749592 2
	a 131 133 0.9910352407514
	a 133 131 0.9910352407514
0.1917896373478611 2
	a 132 133 0.9936274037579175
	a 133 132 0.9936274037579175
0.7884591958105146 2
	a 133 136 0.9740603919623205
	a 136 133 0.9740603919623205
7.079248582999114 2
	a 134 145 0.7898004560013903
	a 145 134 0.7898004560013903
4.30123298093595 2
	a 134 151 0.8664295885828974
	a 151 134 0.8664295885828974
6.368552522120639 2
	a 134 159 0.8087341074878156
	a 159 134 0.8087341074878156
5.316760195325062 2
	a 134 166 0.8375910206257141
	a 166 134 0.8375910206257141
11.87877828070408 2
	a 134 193 0.6730341040043557
	a 193 134 0.6730341040043557
7.361552016157462 2
	a 135 183 0.7824032024137879
	a 183 135 0.7824032024137879
5.38184536394264 2
	a 135 141 0.8357758319417111
	a 141 135 0.8357758319417111
8.253812675394002 2
	a 136 190 0.7594755959607442
	a 190 136 0.7594755959607442
15.21105022483816 2
	a 136 214 0.6022786858461618
	a 214 136 0.6022786858461618
4.172183313514434 2
	a 137 163 0.8701646980756085
	a 163 137 0.8701646980756085
1.68410134343058 2
	a 138 146 0.9454098787019549
	a 146 138 0.9454098787019549
2.75836712619526 2
	a 138 153 0.9121547959830463
	a 153 138 0.9121547959830463
9.43298608955385 2
	a 138 165 0.7302028770731178
	a 165 138 0.7302028770731178
13.29988657225217 2
	a 138 160 0.6418956339753741
	a 160 138 0.6418956339753741
8.645152195376491 2
	a 139 199 0.7496328393550579
	a 199 139 0.7496328393550579
9.620791336086846 2
	a 139 195 0.725645957799367
	a 195 139 0.725645957799367
1.48777868626076 2
	a 139 149 0.9516170125504337
	a 149 139 0.9516170125504337
4.349082969566818 2
	a 140 147 0.865048735240482
	a 147 140 0.865048735240482
3.648920776390758 2
	a 140 162 0.8854753207619308
	a 162 140 0.8854753207619308
9.310407165034384 2
	a 140 178 0.7331925635680333
	a 178 140 0.7331925635680333
2.127449337321092 2
	a 140 148 0.9315410903305119
	a 148 140 0.9315410903305119
2.383164194630381 2
	a 140 152 0.923634538680822
	a 152 140 0.923634538680822
8.430629506385678 2
	a 140 181 0.7550124924744781
	a 181 140 0.7550124924744781
9.755292734165014 2
	a 140 192 0.722399893378965
	a 192 140 0.722399893378965
1.108613663631291 2
	a 141 149 0.9637206690204927
	a 149 141 0.9637206690204927
3.845225437350192 2
	a 142 161 0.879700138533849
	a 161 142 0.879700138533849
10.0027429233953 2
	a 142 143 0.7164658005521433
	a 143 142 0.7164658005521433
3.918749413714313 2
	a 142 164 0.8775468098932966
	a 164 142 0.8775468098932966
6.369713569264386 2
	a 142 154 0.8087028088126218
	a 154 142 0.8087028088126218
6.014200951027126 2
	a 142 158 0.8183432862808717
	a 158 142 0.8183432862808717
1.832418053853906 2
	a 143 144 0.9407474107900008
	a 144 143 0.9407474107900008
0.6773268194476793 2
	a 143 147 0.9776754051143772
	a 147 143 0.9776754051143772
7.517743969505338 2
	a 143 154 0.778340285357601
	a 154 143 0.778340285357601
3.243369444286881 2
	a 143 148 0.8975267852192855
	a 148 143 0.8975267852192855
2.178295172860535 2
	a 144 156 0.9299635946902909
	a 156 144 0.9299635946902909
2.158276447905609 2
	a 144 147 0.9305843579627501
	a 147 144 0.9305843579627501
2.765771239994866 2
	a 145 159 0.9119297004976549
	a 159 145 0.9119297004976549
2.614784589919377 2
	a 146 150 0.9165309098244117
	a 150 146 0.9165309098244117
1.756468616875567 2
	a 146 153 0.9431320692804533
	a 153 146 0.9431320692804533
2.601109856863482 2
	a 147 162 0.916948782239716
	a 162 147 0.916948782239716
3.490109088342374 2
	a 147 148 0.8901752107578988
	a 148 147 0.8901752107578988
1.250070526955394 2
	a 148 152 0.9591872021547203
	a 152 148 0.9591872021547203
7.324828929354068 2
	a 149 200 0.7833615308643535
	a 200 149 0.7833615308643535
8.184997097143253 2
	a 149 199 0.7612197206552495
	a 199 149 0.7612197206552495
2.741943832514826 2
	a 150 169 0.9126542855615206
	a 169 150 0.9126542855615206
1.712188283485123 2
	a 151 156 0.944525170559318
	a 156 151 0.944525170559318
2.471011450223571 2
	a 151 166 0.9209338694038495
	a 166 151 0.9209338694038495
4.626051147918004 2
	a 152 154 0.8570991224557857
	a 154 152 0.8570991224557857
3.940618217808872 2
	a 152 177 0.8769073463510167
	a 177 152 0.8769073463510167
5.233839398934568 2
	a 152 189 0.8399093469234523
	a 189 152 0.8399093469234523
2.220536853407193 2
	a 153 171 0.9286550753045495
	a 171 153 0.9286550753045495
5.600381519765702 2
	a 153 167 0.8297097119606019
	a 167 153 0.8297097119606019
8.69146664300353 2
	a 153 165 0.7484764378570846
	a 165 153 0.7484764378570846
0.6780787635912512 2
	a 154 158 0.9776509001783111
	a 158 154 0.9776509001783111
2.671894268447994 2
	a 154 175 0.9147878099613074
	a 175 154 0.9147878099613074
1.971099274087649 2
	a 155 170 0.9364086469720779
	a 170 155 0.9364086469720779
1.441427748955187 2
	a 156 166 0.9530884269646057
	a 166 156 0.9530884269646057
2.238825844641446 2
	a 156 162 0.928089109020222
	a 162 156 0.928089109020222
6.166324888366488 2
	a 157 168 0.8142041361202144
	a 168 157 0.8142041361202144
0.6780787635912512 2
	a 157 160 0.9776509001783111
	a 160 157 0.9776509001783111
1.684457447794592 2
	a 157 163 0.9453986566157727
	a 163 157 0.9453986566157727
2.453202868752269 2
	a 158 179 0.9214807158918936
	a 179 158 0.9214807158918936
2.056234535583756 2
	a 158 175 0.9337550341856851
	a 175 158 0.9337550341856851
7.473732259277352 2
	a 159 193 0.7794829929311586
	a 193 159 0.7794829929311586
2.453202868752269 2
	a 159 180 0.9214807158918936
	a 180 159 0.9214807158918936
9.273457618006052 2
	a 159 206 0.7340961576806386
	a 206 159 0.7340961576806386
0.4068472581547501 2
	a 160 163 0.9865299685964932
	a 163 160 0.9865299685964932
0.4518359985116184 2
	a 161 164 0.9850516526460312
	a 164 161 0.9850516526460312
2.405925508596202 2
	a 161 179 0.9229340332640011
	a 179 161 0.9229340332640011
1.648983906454645 2
	a 162 178 0.9465172057446963
	a 178 162 0.9465172057446963
6.940207682666013 2
	a 163 168 0.7934694372910176
	a 168 163 0.7934694372910176
6.94071997569243 2
	a 163 182 0.7934558877780599
	a 182 163 0.7934558877780599
10.33863416631257 2
	a 163 207 0.7084887214600749
	a 207 163 0.7084887214600749
3.886559681251736 2
	a 163 190 0.8784889151393007
	a 190 163 0.8784889151393007
1.33303178204545 2
	a 164 179 0.9565383539004575
	a 179 164 0.9565383539004575
2.441083548928503 2
	a 165 167 0.9218530484106888
	a 167 165 0.9218530484106888
0.1917896373478611 2
	a 165 168 0.9936274037579175
	a 168 165 0.9936274037579175
1.248857222541599 2
	a 166 178 0.9592259958080578
	a 178 166 0.9592259958080578
1.248857222541599 2
	a 167 179 0.9592259958080578
	a 179 167 0.9592259958080578
0.754358709720538 2
	a 167 171 0.9751682192287419
	a 171 167 0.9751682192287419
2.490522949660704 2
	a 167 168 0.9203351041159484
	a 168 167 0.9203351041159484
2.580650896052082 2
	a 168 179 0.9175743228207063
	a 179 168 0.9175743228207063
2.534223286120449 2
	a 168 184 0.9189954482861566
	a 184 168 0.9189954482861566
1.691560503664214 2
	a 168 182 0.9451748424636586
	a 182 168 0.9451748424636586
0.3981115513613038 2
	a 169 170 0.986817278310307
	a 170 169 0.986817278310307
1.058859358600752 2
	a 169 179 0.9653203035365874
	a 179 169 0.9653203035365874
0.8165461403855827 2
	a 170 179 0.9731488727173497
	a 179 170 0.9731488727173497
0.6780787635912512 2
	a 171 179 0.9776509001783111
	a 179 171 0.9776509001783111
0.4068472581547501 2
	a 172 179 0.9865299685964932
	a 179 172 0.9865299685964932
2.087886402409477 2
	a 172 175 0.9327703840442803
	a 175 172 0.9327703840442803
2.255077037411157 2
	a 172 176 0.9275864933336478
	a 176 172 0.9275864933336478
0.4068472581547501 2
	a 172 174 0.9865299685964932
	a 174 172 0.9865299685964932
0.726203378641899 2
	a 172 173 0.9760838549643137
	a 173 172 0.9760838549643137
0.1917896373478611 2
	a 173 174 0.9936274037579175
	a 174 173 0.9936274037579175
4.051255705166889 2
	a 173 196 0.87367934146724
	a 196 173 0.87367934146724
0.1917896373478611 2
	a 174 179 0.9936274037579175
	a 179 174 0.9936274037579175
0.1516230224745966 2
	a 175 179 0.9949586497282615
	a 179 175 0.9949586497282615
0.4869302587554158 2
	a 175 177 0.9839000044130244
	a 177 175 0.9839000044130244
0.3403795954308141 2
	a 175 176 0.9887181364487514
	a 176 175 0.9887181364487514
2.186363392480677 2
	a 176 188 0.9297135233016229
	a 188 176 0.9297135233016229
2.1739616031261 2
	a 177 188 0.9300979397962246
	a 188 177 0.9300979397962246
2.637735182791266 2
	a 178 193 0.915830013699426
	a 193 178 0.915830013699426
6.202287066825055 2
	a 178 181 0.8132287024008834
	a 181 178 0.8132287024008834
1.154824871506312 2
	a 179 184 0.9622373218958472
	a 184 179 0.9622373218958472
4.535916506628968 2
	a 180 193 0.8596781388928124
	a 193 180 0.8596781388928124
4.030299079748263 2
	a 180 201 0.8742898670415132
	a 201 180 0.8742898670415132
2.075718568310439 2
	a 180 191 0.9331487872877424
	a 191 180 0.9331487872877424
6.729300044028579 2
	a 180 206 0.7990673839081076
	a 206 180 0.7990673839081076
2.075429932783403 2
	a 181 193 0.9331577653273327
	a 193 181 0.9331577653273327
5.44544531856222 2
	a 181 186 0.834005865268502
	a 186 181 0.834005865268502
0.5575248444503217 2
	a 182 184 0.9815874592603586
	a 184 182 0.9815874592603586
5.445125993190346 2
	a 182 207 0.834014742623517
	a 207 182 0.834014742623517
10.32070179026166 2
	a 183 221 0.7089123442628866
	a 221 183 0.7089123442628866
2.721322874166278 2
	a 183 200 0.9132818280792543
	a 200 183 0.9132818280792543
5.970758406551722 2
	a 184 196 0.8195291751945207
	a 196 184 0.8195291751945207
3.948391726316256 2
	a 184 207 0.8766801542297178
	a 207 184 0.8766801542297178
2.089631786188012 2
	a 185 199 0.932716117546313
	a 199 185 0.932716117546313
1.398041539263464 2
	a 185 194 0.9544677872893659
	a 194 185 0.9544677872893659
2.486272693203688 2
	a 186 201 0.9204655020267692
	a 201 186 0.9204655020267692
1.915098028311248 2
	a 186 204 0.9381582811851475
	a 204 186 0.9381582811851475
12.30265390030212 2
	a 186 239 0.6635915440130498
	a 239 186 0.6635915440130498
11.83694684685045 2
	a 186 248 0.6739732246516787
	a 248 186 0.6739732246516787
0.1917896373478611 2
	a 187 189 0.9936274037579175
	a 189 187 0.9936274037579175
4.932269903728353 2
	a 187 192 0.8483949600953336
	a 192 187 0.8483949600953336
3.848655946307802 2
	a 187 202 0.8795995503115968
	a 202 187 0.8795995503115968
0.1516230224745966 2
	a 188 189 0.9949586497282615
	a 189 188 0.9949586497282615
0.9589481822187813 2
	a 189 196 0.9685405390892792
	a 196 189 0.9685405390892792
3.918749413714313 2
	a 189 202 0.8775468098932966
	a 202 189 0.8775468098932966
7.84860301813805 2
	a 189 217 0.7698034160165488
	a 217 189 0.7698034160165488
9.486619032235279 2
	a 190 207 0.728898612311389
	a 207 190 0.728898612311389
6.272111653399175 2
	a 190 215 0.8113381248031594
	a 215 190 0.8113381248031594
6.230907419799238 2
	a 190 208 0.8124532426081995
	a 208 190 0.8124532426081995
1.511850541135075 2
	a 191 204 0.9508537459247081
	a 204 191 0.9508537459247081
2.493265276481146 2
	a 191 206 0.9202509793063087
	a 206 191 0.9202509793063087
0.9589481822187813 2
	a 192 202 0.9685405390892792
	a 202 192 0.9685405390892792
0.754358709720538 2
	a 193 201 0.9751682192287419
	a 201 193 0.9751682192287419
0.4518359985116184 2
	a 194 199 0.9850516526460312
	a 199 194 0.9850516526460312
0.4498654971040983 2
	a 195 199 0.9851163562932524
	a 199 195 0.9851163562932524
0.1917896373478611 2
	a 196 198 0.9936274037579175
	a 198 196 0.9936274037579175
3.728711945453148 2
	a 197 211 0.8831233462277381
	a 211 197 0.8831233462277381
0.2701555345749592 2
	a 197 199 0.9910352407514
	a 199 197 0.9910352407514
3.38188028592996 2
	a 198 207 0.8933924304323573
	a 207 198 0.8933924304323573
7.035684689548181 2
	a 198 217 0.7909481818869358
	a 217 198 0.7909481818869358
10.12720556880212 2
	a 199 232 0.7134995170357059
	a 232 199 0.7134995170357059
0.4068472581547501 2
	a 199 203 0.9865299685964932
	a 203 199 0.9865299685964932
0.3897640175368631 2
	a 200 203 0.9870918995356759
	a 203 200 0.9870918995356759
0.2701555345749592 2
	a 201 204 0.9910352407514
	a 204 201 0.9910352407514
7.258790354871732 2
	a 202 219 0.7850878328360392
	a 219 202 0.7850878328360392
9.708573459954531 2
	a 203 237 0.7235257697771738
	a 237 203 0.7235257697771738
10.36429826765745 2
	a 203 229 0.7078828897541519
	a 229 203 0.7078828897541519
9.011646136451212 2
	a 203 242 0.7405306874933879
	a 242 203 0.7405306874933879
3.003326203225438 2
	a 204 206 0.9047371011593554
	a 206 204 0.9047371011593554
3.77962863570286 2
	a 204 213 0.8816257601935609
	a 213 204 0.8816257601935609
2.832438850064086 2
	a 205 209 0.9099054114498236
	a 209 205 0.9099054114498236
1.695752562881215 2
	a 205 210 0.945042777393949
	a 210 205 0.945042777393949
11.68338031050312 2
	a 205 240 0.6774320609141277
	a 240 205 0.6774320609141277
0.9056588220468618 2
	a 206 212 0.9702624981924419
	a 212 206 0.9702624981924419
5.282358054595788 2
	a 206 213 0.838552069027943
	a 213 206 0.838552069027943
3.456269314495948 2
	a 207 215 0.8911798882128615
	a 215 207 0.8911798882128615
3.072626341081172 2
	a 208 215 0.902649566334035
	a 215 208 0.902649566334035
0.2701555345749592 2
	a 209 212 0.9910352407514
	a 212 209 0.9910352407514
0.1356157527182506 2
	a 209 210 0.9954896771040572
	a 210 209 0.9954896771040572
6.1458528315939 2
	a 210 230 0.8147599401828222
	a 230 210 0.8147599401828222
8.067085800121365 2
	a 210 235 0.7642174881263742
	a 235 210 0.7642174881263742
12.20900240802624 2
	a 210 240 0.665666325379603
	a 240 210 0.665666325379603
6.802239814853141 2
	a 211 243 0.7971269507146742
	a 243 211 0.7971269507146742
7.391697395394113 2
	a 211 220 0.7816174025753851
	a 220 211 0.7816174025753851
5.964094130929497 2
	a 212 230 0.8197112476935923
	a 230 212 0.8197112476935923
4.580223940567329 2
	a 213 233 0.8584094049509478
	a 233 213 0.8584094049509478
4.723673966691232 2
	a 214 216 0.8543145744266668
	a 216 214 0.8543145744266668
3.688031523177559 2
	a 214 226 0.8843216862152596
	a 226 214 0.8843216862152596
1.515225646537176 2
	a 215 217 0.9507467775548303
	a 217 215 0.9507467775548303
0.6817209823004298 2
	a 216 218 0.977532213436519
	a 218 216 0.977532213436519
1.438775190721994 2
	a 217 219 0.9531727014420637
	a 219 217 0.9531727014420637
0.247517838888265 2
	a 217 218 0.9917833481128457
	a 218 217 0.9917833481128457
2.664275199159803 2
	a 218 219 0.915020167189425
	a 219 218 0.915020167189425
1.384244467237045 2
	a 218 224 0.9549068502716246
	a 224 218 0.9549068502716246
8.225725735339454 2
	a 218 248 0.7601869737671003
	a 248 218 0.7601869737671003
6.210619090727911 2
	a 218 231 0.8130028723964552
	a 231 218 0.8130028723964552
2.139609183652297 2
	a 219 239 0.9311635869584094
	a 239 219 0.9311635869584094
0.9763801406626829 2
	a 219 224 0.9679779172841535
	a 224 219 0.9679779172841535
2.762626722057115 2
	a 220 245 0.9120252914840663
	a 245 220 0.9120252914840663
0.6773268194476793 2
	a 220 227 0.9776754051143772
	a 227 220 0.9776754051143772
0.5575248444503217 2
	a 221 225 0.9815874592603586
	a 225 221 0.9815874592603586
1.723455050358901 2
	a 221 222 0.9441705123309092
	a 222 221 0.9441705123309092
0.7241308354215087 2
	a 222 237 0.9761512898261859
	a 237 222 0.9761512898261859
1.342527456914504 2
	a 222 225 0.9562356359045654
	a 225 222 0.9562356359045654
0.9397593081368385 2
	a 223 243 0.969160244007073
	a 243 223 0.969160244007073
0.6308226318210105 2
	a 223 228 0.9791921137149343
	a 228 223 0.9791921137149343
0.8959708259583526 2
	a 223 227 0.9705758787664586
	a 227 223 0.9705758787664586
1.843510156679232 2
	a 224 239 0.940399646184204
	a 239 224 0.940399646184204
1.813689595252441 2
	a 224 248 0.9413348857771847
	a 248 224 0.9413348857771847
0.487629339878578 2
	a 225 237 0.9838770771494869
	a 237 225 0.9838770771494869
1.296176524129456 2
	a 225 226 0.957714191607257
	a 226 225 0.957714191607257
0.4217785570495555 2
	a 226 237 0.9860390849711355
	a 237 226 0.9860390849711355
1.066476994882488 2
	a 227 245 0.9650752193550162
	a 245 227 0.9650752193550162
0.7884591958105146 2
	a 228 243 0.9740603919623205
	a 243 228 0.9740603919623205
2.88852404199142 2
	a 229 244 0.9082059265558512
	a 244 229 0.9082059265558512
2.37241948059669 2
	a 229 237 0.9239654042278721
	a 237 229 0.9239654042278721
0.487629339878578 2
	a 229 238 0.9838770771494869
	a 238 229 0.9838770771494869
2.488412375262726 2
	a 230 233 0.9203998542505316
	a 233 230 0.9203998542505316
0.2701555345749592 2
	a 230 235 0.9910352407514
	a 235 230 0.9910352407514
1.662169450887858 2
	a 231 248 0.9461012856644986
	a 248 231 0.9461012856644986
1.884954326189405 2
	a 231 244 0.939101407053259
	a 244 231 0.939101407053259
0.4217785570495555 2
	a 231 237 0.9860390849711355
	a 237 231 0.9860390849711355
1.355312686248317 2
	a 232 242 0.9558281996667543
	a 242 232 0.9558281996667543
0.6981164340668319 2
	a 232 243 0.9769981233187751
	a 243 232 0.9769981233187751
1.519567647050907 2
	a 233 248 0.950609182745797
	a 248 233 0.950609182745797
1.834428561908478 2
	a 234 248 0.940684366894305
	a 248 234 0.940684366894305
2.756251660589134 2
	a 234 240 0.912219119320862
	a 240 234 0.912219119320862
0.4362744118444816 2
	a 234 241 0.9855627507483367
	a 241 234 0.9855627507483367
1.881164616308095 2
	a 234 246 0.9392200452759041
	a 246 234 0.9392200452759041
1.456176147404825 2
	a 235 248 0.9526199911893775
	a 248 235 0.9526199911893775
0.6780787635912512 2
	a 236 244 0.9776509001783111
	a 244 236 0.9776509001783111
0.9337457621014058 2
	a 236 237 0.9693545331373012
	a 237 236 0.9693545331373012
0.6431023986418173 2
	a 237 244 0.9787913873733235
	a 244 237 0.9787913873733235
0.2701555345749592 2
	a 238 242 0.9910352407514
	a 242 238 0.9910352407514
1.238923205916084 2
	a 239 248 0.9595436806362605
	a 248 239 0.9595436806362605
1.178427396424671 2
