3.69959219651063 2
	a 0 34 0.8839809733961131
	a 34 0 0.8839809733961131
1.726106731610226 2
	a 0 27 0.9440870613775323
	a 27 0 0.9440870613775323
11.95517225255825 2
	a 0 144 0.6713224260140319
	a 144 0 0.6713224260140319
12.38247612085136 2
	a 0 135 0.6618282458735172
	a 135 0 0.6618282458735172
0.1917896373478611 2
	a 1 8 0.9936274037579175
	a 8 1 0.9936274037579175
0.2701555345749592 2
	a 2 10 0.9910352407514
	a 10 2 0.9910352407514
0.6548107801322224 2
	a 2 3 0.9784094598086356
	a 3 2 0.9784094598086356
0.6981164340668319 2
	a 2 9 0.9769981233187751
	a 9 2 0.9769981233187751
0.6773268194476793 2
	a 2 16 0.9776754051143772
	a 16 2 0.9776754051143772
2.010524034629345 2
	a 3 9 0.9351788656570947
	a 9 3 0.9351788656570947
0.5488408072586609 2
	a 3 16 0.9818716384555221
	a 16 3 0.9818716384555221
2.849053479489506 2
	a 4 47 0.9094016262586573
	a 47 4 0.9094016262586573
1.469582609899217 2
	a 5 16 0.9521943774899192
	a 16 5 0.9521943774899192
0.8678838813832842 2
	a 5 21 0.9714849879654753
	a 21 5 0.9714849879654753
15.03490681646923 2
	a 6 210 0.6058253349888365
	a 210 6 0.6058253349888365
5.284797818151391 2
	a 6 43 0.8384838761749716
	a 43 6 0.8384838761749716
0.4068472581547501 2
	a 7 16 0.9865299685964932
	a 16 7 0.9865299685964932
0.1917896373478611 2
	a 8 11 0.9936274037579175
	a 11 8 0.9936274037579175
0.3981115513613038 2
	a 9 16 0.986817278310307
	a 16 9 0.986817278310307
0.3002129760370238 2
	a 10 16 0.990042805211115
	a 16 10 0.990042805211115
0.9507581163653473 2
	a 11 26 0.9688049888785519
	a 26 11 0.9688049888785519
2.514720976910826 2
	a 12 46 0.9195930602918365
	a 46 12 0.9195930602918365
1.334528378725622 2
	a 12 29 0.9564906366865277
	a 29 12 0.9564906366865277
0.9056588220468618 2
	a 12 22 0.9702624981924419
	a 22 12 0.9702624981924419
0.1917896373478611 2
	a 13 16 0.9936274037579175
	a 16 13 0.9936274037579175
0.4518359985116184 2
	a 14 20 0.9850516526460312
	a 20 14 0.9850516526460312
1.200526638806247 2
	a 15 28 0.9607725730002534
	a 28 15 0.9607725730002534
2.103169588018385 2
	a 16 46 0.9322953149670414
	a 46 16 0.9322953149670414
0.6780787635912512 2
	a 16 24 0.9776509001783111
	a 24 16 0.9776509001783111
3.524708568073951 2
	a 16 40 0.8891491492527976
	a 40 16 0.8891491492527976
1.555825766205055 2
	a 17 36 0.9494609667208891
	a 36 17 0.9494609667208891
14.60700982816108 2
	a 18 46 0.6145282813975652
	a 46 18 0.6145282813975652
0.5424630108730013 2
	a 18 23 0.9820803998915988
	a 23 18 0.9820803998915988
0.1356157527182506 2
	a 19 20 0.9954896771040572
	a 20 19 0.9954896771040572
5.402181899893534 2
	a 20 93 0.8352094644208513
	a 93 20 0.8352094644208513
1.73006200572298 2
	a 21 46 0.9439625988119702
	a 46 21 0.9439625988119702
1.581436050698731 2
	a 22 46 0.9486507804060135
	a 46 22 0.9486507804060135
2.309342523606942 2
	a 22 29 0.9259101455195627
	a 29 22 0.9259101455195627
0.5488408072586609 2
	a 23 30 0.9818716384555221
	a 30 23 0.9818716384555221
1.413255877275242 2
	a 24 46 0.9539838568265261
	a 46 24 0.9539838568265261
0.4068472581547501 2
	a 25 28 0.9865299685964932
	a 28 25 0.9865299685964932
1.206514340999738 2
	a 25 41 0.9605808314676499
	a 41 25 0.9605808314676499
1.353727654535798 2
	a 26 46 0.9558787016011351
	a 46 26 0.9558787016011351
1.255322192733106 2
	a 26 40 0.9590193058306061
	a 40 26 0.9590193058306061
2.337789541567052 2
	a 26 29 0.9250325822349915
	a 29 26 0.9250325822349915
0.1917896373478611 2
	a 27 34 0.9936274037579175
	a 34 27 0.9936274037579175
10.39835349877074 2
	a 27 153 0.7070797751642197
	a 153 27 0.7070797751642197
11.78118565903846 2
	a 27 142 0.6752271078429574
	a 142 27 0.6752271078429574
2.646678114975391 2
	a 28 41 0.9155570475299231
	a 41 28 0.9155570475299231
0.8577887261203904 2
	a 28 42 0.9718119527013557
	a 42 28 0.9718119527013557
4.696914650609499 2
	a 28 59 0.8550769435083846
	a 59 28 0.8550769435083846
2.305467796210252 2
	a 28 56 0.9260297415563544
	a 56 28 0.9260297415563544
13.59063618613348 2
	a 28 96 0.6357046526006417
	a 96 28 0.6357046526006417
0.9589481822187813 2
	a 29 46 0.9685405390892792
	a 46 29 0.9685405390892792
18.64619230477803 2
	a 30 46 0.5371167785023764
	a 46 30 0.5371167785023764
2.824475764295976 2
	a 30 65 0.9101469653347186
	a 65 30 0.9101469653347186
0.9006357637435058 2
	a 31 46 0.9704249679635806
	a 46 31 0.9704249679635806
1.127108817932829 2
	a 32 48 0.9631267133784222
	a 48 32 0.9631267133784222
0.7884591958105146 2
	a 33 46 0.9740603919623205
	a 46 33 0.9740603919623205
9.749905918248666 2
	a 34 168 0.7225296195335857
	a 168 34 0.7225296195335857
0.6027356872459425 2
	a 35 46 0.9801092934817696
	a 46 35 0.9801092934817696
0.4518359985116184 2
	a 36 46 0.9850516526460312
	a 46 36 0.9850516526460312
0.4068472581547501 2
	a 37 46 0.9865299685964932
	a 46 37 0.9865299685964932
3.167778588920307 2
	a 37 53 0.8997911306650734
	a 53 37 0.8997911306650734
2.101603782099075 2
	a 38 63 0.9323439760210172
	a 63 38 0.9323439760210172
1.056839081691459 2
	a 38 51 0.9653853128694873
	a 51 38 0.9653853128694873
2.332015407060942 2
	a 38 39 0.9252106414551519
	a 39 38 0.9252106414551519
4.301256003970237 2
	a 39 63 0.8664289236552151
	a 63 39 0.8664289236552151
3.320037708041977 2
	a 39 78 0.8952359863157726
	a 78 39 0.8952359863157726
0.3002129760370238 2
	a 40 46 0.990042805211115
	a 46 40 0.990042805211115
0.953531833712017 2
	a 41 53 0.9687154199791561
	a 53 41 0.9687154199791561
2.918190024062736 2
	a 41 59 0.9073082764323976
	a 59 41 0.9073082764323976
0.5424630108730013 2
	a 42 45 0.9820803998915988
	a 45 42 0.9820803998915988
1.881164616308095 2
	a 42 61 0.9392200452759041
	a 61 42 0.9392200452759041
3.462562681034489 2
	a 42 68 0.8909929570977041
	a 68 42 0.8909929570977041
1.20149535568949 2
	a 43 54 0.9607415496140568
	a 54 43 0.9607415496140568
0.1917896373478611 2
	a 44 46 0.9936274037579175
	a 46 44 0.9936274037579175
13.22063818715793 2
	a 44 138 0.6435935153069859
	a 138 44 0.6435935153069859
1.767823741932766 2
	a 45 61 0.9427751574112917
	a 61 45 0.9427751574112917
0.6915073676175353 2
	a 46 53 0.9772133818794684
	a 53 46 0.9772133818794684
13.56293129373645 2
	a 46 138 0.6362919947296268
	a 138 46 0.6362919947296268
15.85381731353137 2
	a 46 122 0.5895117794400733
	a 122 46 0.5895117794400733
2.490485135468322 2
	a 47 74 0.9203362641743024
	a 74 47 0.9203362641743024
1.834428561908478 2
	a 48 69 0.940684366894305
	a 69 48 0.940684366894305
3.579538568402 2
	a 49 97 0.8875255651185476
	a 97 49 0.8875255651185476
4.651207653062036 2
	a 49 93 0.8563807030971211
	a 93 49 0.8563807030971211
1.711770758746703 2
	a 50 60 0.9445383160716196
	a 60 50 0.9445383160716196
1.633029911086493 2
	a 50 66 0.9470206973150775
	a 66 50 0.9470206973150775
1.154824871506312 2
	a 51 63 0.9622373218958472
	a 63 51 0.9622373218958472
12.30245934142274 2
	a 52 110 0.663595847614577
	a 110 52 0.663595847614577
1.497924950580329 2
	a 52 70 0.9512952217117383
	a 70 52 0.9512952217117383
9.662497158109788 2
	a 52 173 0.724637869974991
	a 173 52 0.724637869974991
2.549952570706873 2
	a 53 59 0.9185137365488845
	a 59 53 0.9185137365488845
1.360345102038611 2
	a 53 68 0.9556678756165912
	a 68 53 0.9556678756165912
12.73435638416519 2
	a 54 212 0.654110784808686
	a 212 54 0.654110784808686
4.808920347214592 2
	a 54 126 0.8518904460173845
	a 126 54 0.8518904460173845
0.4068472581547501 2
	a 55 58 0.9865299685964932
	a 58 55 0.9865299685964932
0.726203378641899 2
	a 55 68 0.9760838549643137
	a 68 55 0.9760838549643137
0.1356157527182506 2
	a 56 58 0.9954896771040572
	a 58 56 0.9954896771040572
1.385168937220699 2
	a 57 69 0.9548774246343368
	a 69 57 0.9548774246343368
0.4068472581547501 2
	a 57 64 0.9865299685964932
	a 64 57 0.9865299685964932
0.9131757184269528 2
	a 57 60 0.9700194165586912
	a 60 57 0.9700194165586912
0.5753689120435835 2
	a 58 68 0.981003782431322
	a 68 58 0.981003782431322
0.8753836449732832 2
	a 59 61 0.971242154728572
	a 61 59 0.971242154728572
0.5488408072586609 2
	a 59 68 0.9818716384555221
	a 68 59 0.9818716384555221
0.5575248444503217 2
	a 60 69 0.9815874592603586
	a 69 60 0.9815874592603586
0.9763801406626829 2
	a 60 66 0.9679779172841535
	a 66 60 0.9679779172841535
0.4068472581547501 2
	a 61 68 0.9865299685964932
	a 68 61 0.9865299685964932
0.3981115513613038 2
	a 62 69 0.986817278310307
	a 69 62 0.986817278310307
5.852468167473065 2
	a 63 153 0.8227669643827544
	a 153 63 0.8227669643827544
3.609013626096117 2
	a 63 94 0.8866539977723932
	a 94 63 0.8866539977723932
5.266675584567204 2
	a 63 78 0.8389905358783434
	a 78 63 0.8389905358783434
0.3002129760370238 2
	a 64 69 0.990042805211115
	a 69 64 0.990042805211115
1.604933260944054 2
	a 65 73 0.9479080497510697
	a 73 65 0.9479080497510697
10.74250876785247 2
	a 65 187 0.6990146170489472
	a 187 65 0.6990146170489472
8.94956370854297 2
	a 65 192 0.7420647390073067
	a 192 65 0.7420647390073067
1.364607188709789 2
	a 66 69 0.955532113950128
	a 69 66 0.955532113950128
0.4518359985116184 2
	a 66 72 0.9850516526460312
	a 72 66 0.9850516526460312
5.67723228163923 2
	a 67 156 0.8275869712421908
	a 156 67 0.8275869712421908
6.901299351431191 2
	a 67 152 0.7944991906361064
	a 152 67 0.7944991906361064
2.55807635662143 2
	a 68 76 0.9182650432574118
	a 76 68 0.9182650432574118
5.535737468506992 2
	a 68 106 0.8314994994916873
	a 106 68 0.8314994994916873
3.127870426028047 2
	a 68 118 0.9009888941978634
	a 118 68 0.9009888941978634
1.106545252170832 2
	a 69 72 0.9637871170070454
	a 72 69 0.9637871170070454
1.250982524810324 2
	a 69 85 0.9591580433755735
	a 85 69 0.9591580433755735
6.296265225805553 2
	a 69 89 0.8106851638892932
	a 89 69 0.8106851638892932
2.284891952702111 2
	a 70 110 0.9266650875126363
	a 110 70 0.9266650875126363
2.025425177101269 2
	a 71 106 0.9347144732158117
	a 106 71 0.9347144732158117
1.824403406976611 2
	a 72 85 0.9409987696409867
	a 85 72 0.9409987696409867
0.7241308354215087 2
	a 72 82 0.9761512898261859
	a 82 72 0.9761512898261859
5.826412086877054 2
	a 73 138 0.8234818775462528
	a 138 73 0.8234818775462528
0.4217785570495555 2
	a 73 77 0.9860390849711355
	a 77 73 0.9860390849711355
2.084040832399623 2
	a 74 115 0.9328899595018784
	a 115 74 0.9328899595018784
7.752675382712222 2
	a 75 187 0.7722688697163002
	a 187 75 0.7722688697163002
2.533511339582877 2
	a 76 79 0.9190172577325233
	a 79 76 0.9190172577325233
2.340115184466742 2
	a 76 118 0.9249608751658828
	a 118 76 0.9249608751658828
0.9302638502529895 2
	a 77 92 0.9694670465676806
	a 92 77 0.9694670465676806
0.2701555345749592 2
	a 77 83 0.9910352407514
	a 83 77 0.9910352407514
7.939558283908358 2
	a 77 192 0.7674730280094917
	a 192 77 0.7674730280094917
0.5575248444503217 2
	a 78 88 0.9815874592603586
	a 88 78 0.9815874592603586
0.4217785570495555 2
	a 79 87 0.9860390849711355
	a 87 79 0.9860390849711355
3.065108206077205 2
	a 79 118 0.9028758027241455
	a 118 79 0.9028758027241455
3.942043200330558 2
	a 80 147 0.8768656947521816
	a 147 80 0.8768656947521816
6.894745919084187 2
	a 81 141 0.7946727661505255
	a 141 81 0.7946727661505255
4.741330509342159 2
	a 81 158 0.8538119143044857
	a 158 81 0.8538119143044857
5.721833454777456 2
	a 81 156 0.8263575070680118
	a 156 81 0.8263575070680118
0.1917896373478611 2
	a 82 85 0.9936274037579175
	a 85 82 0.9936274037579175
0.3981115513613038 2
	a 83 92 0.986817278310307
	a 92 83 0.986817278310307
4.562238177115101 2
	a 84 118 0.8589241975345762
	a 118 84 0.8589241975345762
0.7824456497750818 2
	a 84 101 0.9742556634331783
	a 101 84 0.9742556634331783
7.21625263417794 2
	a 84 185 0.7862018173205231
	a 185 84 0.7862018173205231
0.7617588454580648 2
	a 85 102 0.974927702987868
	a 102 85 0.974927702987868
0.6027356872459425 2
	a 85 89 0.9801092934817696
	a 89 85 0.9801092934817696
0.6693430567978045 2
	a 86 103 0.9779356240177092
	a 103 86 0.9779356240177092
0.3897640175368631 2
	a 87 99 0.9870918995356759
	a 99 87 0.9870918995356759
3.127870426028047 2
	a 88 137 0.9009888941978634
	a 137 88 0.9009888941978634
0.5753689120435835 2
	a 88 103 0.981003782431322
	a 103 88 0.981003782431322
0.5424630108730013 2
	a 89 102 0.9820803998915988
	a 102 89 0.9820803998915988
1.641845906926071 2
	a 90 117 0.9467424405180086
	a 117 90 0.9467424405180086
0.5227236001223743 2
	a 90 100 0.9827268021417233
	a 100 90 0.9827268021417233
0.8023026348627905 2
	a 90 110 0.9736110174627906
	a 110 90 0.9736110174627906
5.66086877190312 2
	a 91 155 0.8280385019568302
	a 155 91 0.8280385019568302
2.753874714250191 2
	a 91 139 0.9122913987140943
	a 139 91 0.9122913987140943
2.631797667467332 2
	a 92 138 0.9160112901290425
	a 138 92 0.9160112901290425
0.5294379043957786 2
	a 92 104 0.9825068825271878
	a 104 92 0.9825068825271878
8.648881963095102 2
	a 92 192 0.7495396466027986
	a 192 92 0.7495396466027986
9.065390632130301 2
	a 93 187 0.7392052268403153
	a 187 93 0.7392052268403153
0.1917896373478611 2
	a 93 97 0.9936274037579175
	a 97 93 0.9936274037579175
3.902159959093124 2
	a 94 153 0.8780322115227556
	a 153 94 0.8780322115227556
0.4518359985116184 2
	a 95 106 0.9850516526460312
	a 106 95 0.9850516526460312
0.8293136085763161 2
	a 95 113 0.9727348059241007
	a 113 95 0.9727348059241007
0.2701555345749592 2
	a 96 102 0.9910352407514
	a 102 96 0.9910352407514
6.644481617095021 2
	a 97 187 0.8013297685500811
	a 187 97 0.8013297685500811
2.517661225881308 2
	a 98 138 0.9195029369566998
	a 138 98 0.9195029369566998
1.356157527182502 2
	a 98 118 0.9558012826194622
	a 118 98 0.9558012826194622
1.004467080717226 2
	a 99 117 0.9670720901243084
	a 117 99 0.9670720901243084
2.151609803528235 2
	a 99 118 0.9307911767742796
	a 118 99 0.9307911767742796
0.979672656071377 2
	a 100 117 0.9678716870400742
	a 117 100 0.9678716870400742
3.894368024925469 2
	a 101 118 0.8782602934477713
	a 118 101 0.8782602934477713
0.487629339878578 2
	a 101 109 0.9838770771494869
	a 109 101 0.9838770771494869
0.2701555345749592 2
	a 101 107 0.9910352407514
	a 107 101 0.9910352407514
0.4068472581547501 2
	a 101 110 0.9865299685964932
	a 110 101 0.9865299685964932
0.2701555345749592 2
	a 102 108 0.9910352407514
	a 108 102 0.9910352407514
3.649316525759815 2
	a 102 117 0.8854636399623252
	a 117 102 0.8854636399623252
1.632881814163999 2
	a 102 112 0.9470253723549772
	a 112 102 0.9470253723549772
2.816826972555314 2
	a 103 146 0.9103790457387474
	a 146 103 0.9103790457387474
3.187916696422351 2
	a 103 137 0.8991873303270576
	a 137 103 0.8991873303270576
3.680638697129103 2
	a 103 114 0.8845396342815945
	a 114 103 0.8845396342815945
5.83641039441041 2
	a 104 138 0.8232074757726863
	a 138 104 0.8232074757726863
6.678694691382908 2
	a 104 123 0.8004164242909718
	a 123 104 0.8004164242909718
8.085371839452737 2
	a 104 192 0.7637518130284912
	a 192 104 0.7637518130284912
7.735753447991144 2
	a 104 202 0.7727046020419953
	a 202 104 0.7727046020419953
1.897775697121318 2
	a 105 132 0.9387001405563929
	a 132 105 0.9387001405563929
0.3002129760370238 2
	a 106 113 0.990042805211115
	a 113 106 0.990042805211115
2.819843867028712 2
	a 106 120 0.9102874997581744
	a 120 106 0.9102874997581744
0.5753689120435835 2
	a 107 117 0.981003782431322
	a 117 107 0.981003782431322
0.5413870400114591 2
	a 107 109 0.9821156235197208
	a 109 107 0.9821156235197208
0.5308290191434861 2
	a 108 117 0.982461324256342
	a 117 108 0.982461324256342
3.969737804012488 2
	a 108 112 0.8760565866784852
	a 112 108 0.8760565866784852
0.8272569866452942 2
	a 109 118 0.9728014931344119
	a 118 109 0.9728014931344119
0.5143760708184569 2
	a 110 117 0.9830002848809992
	a 117 110 0.9830002848809992
1.629075776146061 2
	a 111 132 0.9471455271290812
	a 132 111 0.9471455271290812
11.14175592936283 2
	a 111 179 0.6897735909381548
	a 179 111 0.6897735909381548
0.4068472581547501 2
	a 112 117 0.9865299685964932
	a 117 112 0.9865299685964932
1.763004785337253 2
	a 113 138 0.942926609327066
	a 138 113 0.942926609327066
2.987780420314016 2
	a 114 153 0.9052060508709197
	a 153 114 0.9052060508709197
3.258333259318663 2
	a 114 146 0.8970792160242727
	a 146 114 0.8970792160242727
2.765972430484548 2
	a 115 153 0.9119235847987286
	a 153 115 0.9119235847987286
0.4261984914158477 2
	a 116 119 0.9858938214043831
	a 119 116 0.9858938214043831
0.3002129760370238 2
	a 117 118 0.990042805211115
	a 118 117 0.990042805211115
1.784624015762082 2
	a 118 130 0.9422473425221973
	a 130 118 0.9422473425221973
1.875380545687836 2
	a 118 148 0.9394011465693822
	a 148 118 0.9394011465693822
0.7884591958105146 2
	a 119 132 0.9740603919623205
	a 132 119 0.9740603919623205
0.9337457621014058 2
	a 120 138 0.9693545331373012
	a 138 120 0.9693545331373012
0.7241308354215087 2
	a 121 132 0.9761512898261859
	a 132 121 0.9761512898261859
0.2701555345749592 2
	a 122 125 0.9910352407514
	a 125 122 0.9910352407514
4.7740946287638 2
	a 123 138 0.8528799434663883
	a 138 123 0.8528799434663883
5.443430814363468 2
	a 123 162 0.8340618707594482
	a 162 123 0.8340618707594482
6.117040387947037 2
	a 123 193 0.8155428235644413
	a 193 123 0.8155428235644413
6.867686765614243 2
	a 123 207 0.7953898619132359
	a 207 123 0.7953898619132359
4.999349455687507 2
	a 124 179 0.8465000808853618
	a 179 124 0.8465000808853618
0.2591518306177774 2
	a 124 126 0.9913988093706936
	a 126 124 0.9913988093706936
0.5753689120435835 2
	a 125 138 0.981003782431322
	a 138 125 0.981003782431322
4.236326861276161 2
	a 126 179 0.8683061706303175
	a 179 126 0.8683061706303175
0.7671585448709205 2
	a 127 142 0.9747522415608111
	a 142 127 0.9747522415608111
3.42137733418838 2
	a 127 151 0.8922169922431762
	a 151 127 0.8922169922431762
1.633020205519121 2
	a 128 153 0.9470210036942331
	a 153 128 0.9470210036942331
1.775246850978804 2
	a 128 149 0.9425419088429957
	a 149 128 0.9425419088429957
0.9493102690277512 2
	a 129 145 0.9688517460642906
	a 145 129 0.9688517460642906
8.468742713421257 2
	a 129 163 0.754053903270552
	a 163 129 0.754053903270552
0.1917896373478611 2
	a 129 132 0.9936274037579175
	a 132 129 0.9936274037579175
1.995071677409972 2
	a 130 138 0.9356606803291876
	a 138 130 0.9356606803291876
1.027006667447879 2
	a 130 148 0.9663457828279073
	a 148 130 0.9663457828279073
3.858694721581767 2
	a 131 154 0.8793052628118888
	a 154 131 0.8793052628118888
1.671496971264591 2
	a 131 157 0.9458071720886911
	a 157 131 0.9458071720886911
2.685054913829007 2
	a 131 140 0.9143865913738085
	a 140 131 0.9143865913738085
3.501763544488972 2
	a 131 136 0.8898294609891203
	a 136 131 0.8898294609891203
0.8266086393752234 2
	a 132 145 0.9728225171346718
	a 145 132 0.9728225171346718
4.744613581373939 2
	a 133 154 0.8537184818831266
	a 154 133 0.8537184818831266
1.027006667447879 2
	a 133 136 0.9663457828279073
	a 136 133 0.9663457828279073
4.780216210828377 2
	a 133 191 0.8527059287355776
	a 191 133 0.8527059287355776
1.082484264638834 2
	a 133 145 0.9645604160647696
	a 145 133 0.9645604160647696
4.421034314018743 2
	a 134 164 0.8629765072430815
	a 164 134 0.8629765072430815
3.964566137967303 2
	a 134 166 0.8762076220999566
	a 166 134 0.8762076220999566
2.653997161533844 2
	a 134 165 0.9153337079529839
	a 165 134 0.9153337079529839
0.9260422855687234 2
	a 135 147 0.9696034784282659
	a 147 135 0.9696034784282659
4.713604492531377 2
	a 136 191 0.8546013725067911
	a 191 136 0.8546013725067911
1.330335433485705 2
	a 137 153 0.9566243297911785
	a 153 137 0.9566243297911785
1.736200693454497 2
	a 137 146 0.9437694621852569
	a 146 137 0.9437694621852569
0.4068472581547501 2
	a 138 143 0.9865299685964932
	a 143 138 0.9865299685964932
4.806416473572153 2
	a 138 162 0.8519615498523945
	a 162 138 0.8519615498523945
4.611929117945444 2
	a 139 153 0.8575026834165591
	a 153 139 0.8575026834165591
2.375760709183763 2
	a 139 165 0.9238625039707974
	a 165 139 0.9238625039707974
1.221882173440967 2
	a 140 157 0.9600888893043448
	a 157 140 0.9600888893043448
6.693922654257307 2
	a 141 218 0.8000102370033367
	a 218 141 0.8000102370033367
1.370876854135283 2
	a 141 158 0.9553324392604871
	a 158 141 0.9553324392604871
0.2701555345749592 2
	a 142 144 0.9910352407514
	a 144 142 0.9910352407514
3.507938984089476 2
	a 142 151 0.8896463102373375
	a 151 142 0.8896463102373375
3.196306343458535 2
	a 143 167 0.8989359033410622
	a 167 143 0.8989359033410622
2.3831614416306 2
	a 143 169 0.9236346234396819
	a 169 143 0.9236346234396819
0.7283443128863859 2
	a 144 153 0.9760141997381114
	a 153 144 0.9760141997381114
2.501242687793268 2
	a 144 150 0.9200063044865348
	a 150 144 0.9200063044865348
3.27062794387227 2
	a 145 184 0.8967116478156497
	a 184 145 0.8967116478156497
0.6345790254324017 2
	a 146 153 0.9790695136906509
	a 153 146 0.9790695136906509
0.5488408072586609 2
	a 147 153 0.9818716384555221
	a 153 147 0.9818716384555221
3.141371227360553 2
	a 148 185 0.9005835163513558
	a 185 148 0.9005835163513558
0.4518359985116184 2
	a 149 153 0.9850516526460312
	a 153 149 0.9850516526460312
0.4217785570495555 2
	a 150 153 0.9860390849711355
	a 153 150 0.9860390849711355
2.255077037411157 2
	a 150 151 0.9275864933336478
	a 151 150 0.9275864933336478
0.3403795954308141 2
	a 151 153 0.9887181364487514
	a 153 151 0.9887181364487514
5.104153038156664 2
	a 152 210 0.8435480322742407
	a 210 152 0.8435480322742407
6.370126804024493 2
	a 152 156 0.8086916694189684
	a 156 152 0.8086916694189684
1.413255877275242 2
	a 153 168 0.9539838568265261
	a 168 153 0.9539838568265261
1.633168994081954 2
	a 153 165 0.9470163068427434
	a 165 153 0.9470163068427434
2.845914354538187 2
	a 154 187 0.9094967887485448
	a 187 154 0.9094967887485448
3.752499893269673 2
	a 154 184 0.8824233673795647
	a 184 154 0.8824233673795647
1.618531669454317 2
	a 155 171 0.9474784790866917
	a 171 155 0.9474784790866917
3.717000883291363 2
	a 156 199 0.8834681572718921
	a 199 156 0.8834681572718921
3.311996028424642 2
	a 157 192 0.8954759918479241
	a 192 157 0.8954759918479241
3.818662465755245 2
	a 157 190 0.880479398466994
	a 190 157 0.880479398466994
3.659070055900562 2
	a 157 198 0.8851758068779747
	a 198 157 0.8851758068779747
4.128305917127941 2
	a 157 191 0.8714383146108308
	a 191 157 0.8714383146108308
4.987728311290299 2
	a 158 205 0.8468280543941261
	a 205 158 0.8468280543941261
5.196118451422672 2
	a 158 215 0.8409660836824289
	a 215 158 0.8409660836824289
2.699124514751566 2
	a 159 188 0.9139578567694276
	a 188 159 0.9139578567694276
0.5424630108730013 2
	a 160 165 0.9820803998915988
	a 165 160 0.9820803998915988
0.7884591958105146 2
	a 161 168 0.9740603919623205
	a 168 161 0.9740603919623205
0.4151947874586657 2
	a 162 167 0.9862555038559035
	a 167 162 0.9862555038559035
6.159211950629017 2
	a 162 207 0.8143972051182997
	a 207 162 0.8143972051182997
2.782004337102639 2
	a 163 191 0.911436385863976
	a 191 163 0.911436385863976
1.417846655846283 2
	a 163 177 0.9538378837074142
	a 177 163 0.9538378837074142
4.198182277275925 2
	a 164 184 0.8694109120686443
	a 184 164 0.8694109120686443
2.486272693203688 2
	a 164 174 0.9204655020267692
	a 174 164 0.9204655020267692
0.4068472581547501 2
	a 164 170 0.9865299685964932
	a 170 164 0.9865299685964932
2.03569844557326 2
	a 164 166 0.934394442257405
	a 166 164 0.934394442257405
5.188805765243023 2
	a 164 171 0.8411710993702601
	a 171 164 0.8411710993702601
0.247517838888265 2
	a 165 168 0.9917833481128457
	a 168 165 0.9917833481128457
1.00519166664295 2
	a 166 174 0.9670487328455266
	a 174 166 0.9670487328455266
0.99986533083179 2
	a 166 172 0.9672204422980087
	a 172 166 0.9672204422980087
0.2701555345749592 2
	a 167 169 0.9910352407514
	a 169 167 0.9910352407514
3.769154136056462 2
	a 167 209 0.8819336335612047
	a 209 167 0.8819336335612047
1.493347064546847 2
	a 168 187 0.9514403968250151
	a 187 168 0.9514403968250151
1.756468616875567 2
	a 169 185 0.9431320692804533
	a 185 169 0.9431320692804533
3.298787271095089 2
	a 169 209 0.895870349493486
	a 209 169 0.895870349493486
1.088420984350353 2
	a 170 184 0.9643695574554602
	a 184 170 0.9643695574554602
0.8678838813832842 2
	a 171 184 0.9714849879654753
	a 184 171 0.9714849879654753
1.126737926931244 2
	a 172 180 0.9631386206197394
	a 180 172 0.9631386206197394
3.394828742383747 2
	a 172 182 0.8930069118701275
	a 182 172 0.8930069118701275
0.3002129760370238 2
	a 172 174 0.990042805211115
	a 174 172 0.990042805211115
1.088420984350353 2
	a 173 189 0.9643695574554602
	a 189 173 0.9643695574554602
0.2701555345749592 2
	a 174 180 0.9910352407514
	a 180 174 0.9910352407514
2.707770724189268 2
	a 174 184 0.9136944856890473
	a 184 174 0.9136944856890473
0.8249184195643712 2
	a 175 187 0.9728773281417317
	a 187 175 0.9728773281417317
0.247517838888265 2
	a 175 182 0.9917833481128457
	a 182 175 0.9917833481128457
0.8266086393752234 2
	a 176 185 0.9728225171346718
	a 185 176 0.9728225171346718
2.460325435208182 2
	a 176 209 0.9212619649394984
	a 209 176 0.9212619649394984
7.692069055423392 2
	a 176 214 0.7738305926858084
	a 214 176 0.7738305926858084
0.9308612421642376 2
	a 177 191 0.9694477417008294
	a 191 177 0.9694477417008294
10.34806380083057 2
	a 178 243 0.7082660634648502
	a 243 178 0.7082660634648502
5.828292860382054 2
	a 178 230 0.8234302530679311
	a 230 178 0.8234302530679311
8.239573482452144 2
	a 178 212 0.7598361588408994
	a 212 178 0.7598361588408994
2.070387775261539 2
	a 179 204 0.9333146161229215
	a 204 179 0.9333146161229215
0.1356157527182506 2
	a 180 184 0.9954896771040572
	a 184 180 0.9954896771040572
0.9849989873620122 2
	a 180 182 0.9676998621187332
	a 182 180 0.9676998621187332
0.4217785570495555 2
	a 181 187 0.9860390849711355
	a 187 181 0.9860390849711355
0.4217785570495555 2
	a 182 187 0.9860390849711355
	a 187 182 0.9860390849711355
0.3981115513613038 2
	a 183 187 0.986817278310307
	a 187 183 0.986817278310307
0.3103221494482235 2
	a 184 187 0.9897092442679486
	a 187 184 0.9897092442679486
2.140995922531718 2
	a 185 209 0.9311205452615725
	a 209 185 0.9311205452615725
0.2712315054364995 2
	a 186 189 0.9909996972207403
	a 189 186 0.9909996972207403
13.13888034557277 2
	a 186 234 0.6453498680357358
	a 234 186 0.6453498680357358
12.36098824332409 2
	a 186 233 0.6623024584933356
	a 233 186 0.6623024584933356
12.91738248184662 2
	a 186 245 0.6501322884799835
	a 245 186 0.6501322884799835
0.4068472581547501 2
	a 187 192 0.9865299685964932
	a 192 187 0.9865299685964932
4.343445987791957 2
	a 188 220 0.8652112926440529
	a 220 188 0.8652112926440529
0.6780787635912512 2
	a 188 197 0.9776509001783111
	a 197 188 0.9776509001783111
2.443261655450811 2
	a 189 194 0.9217861210357223
	a 194 189 0.9217861210357223
3.293852218374197 2
	a 189 221 0.8960177338625087
	a 221 189 0.8960177338625087
0.1356157527182506 2
	a 190 192 0.9954896771040572
	a 192 190 0.9954896771040572
0.5294379043957786 2
	a 191 198 0.9825068825271878
	a 198 191 0.9825068825271878
1.018458359022064 2
	a 192 202 0.9666211761217441
	a 202 192 0.9666211761217441
3.473803703517877 2
	a 192 196 0.8906591639091126
	a 196 192 0.8906591639091126
6.619838055933022 2
	a 192 198 0.8019882929582329
	a 198 192 0.8019882929582329
0.9141633717897993 2
	a 193 202 0.9699874823197338
	a 202 193 0.9699874823197338
1.342527456914504 2
	a 193 207 0.9562356359045654
	a 207 193 0.9562356359045654
3.781457472895092 2
	a 194 214 0.8815720168323794
	a 214 194 0.8815720168323794
2.724609219058225 2
	a 194 221 0.9131817882564232
	a 221 194 0.9131817882564232
1.491773279900752 2
	a 195 206 0.9514903102104922
	a 206 195 0.9514903102104922
0.5753689120435835 2
	a 195 201 0.981003782431322
	a 201 195 0.981003782431322
5.599009106430293 2
	a 195 212 0.8297476696512631
	a 212 195 0.8297476696512631
0.1917896373478611 2
	a 195 199 0.9936274037579175
	a 199 195 0.9936274037579175
4.608807690849853 2
	a 195 210 0.8575919091286899
	a 210 195 0.8575919091286899
0.6780787635912512 2
	a 196 202 0.9776509001783111
	a 202 196 0.9776509001783111
4.755805533557469 2
	a 196 228 0.8534000487373811
	a 228 196 0.8534000487373811
8.12946131175333 2
	a 196 198 0.7626301902794549
	a 198 196 0.7626301902794549
3.166491138853976 2
	a 197 218 0.8998297460320187
	a 218 197 0.8998297460320187
0.4518359985116184 2
	a 197 200 0.9850516526460312
	a 200 197 0.9850516526460312
0.8266086393752234 2
	a 197 203 0.9728225171346718
	a 203 197 0.9728225171346718
3.852339441931584 2
	a 198 226 0.8794915569051447
	a 226 198 0.8794915569051447
0.3835792746957232 2
	a 199 201 0.9872954174986995
	a 201 199 0.9872954174986995
1.783013673629581 2
	a 200 218 0.9422979218995169
	a 218 200 0.9422979218995169
0.5753689120435835 2
	a 200 203 0.981003782431322
	a 203 200 0.981003782431322
0.4068472581547501 2
	a 201 206 0.9865299685964932
	a 206 201 0.9865299685964932
0.4068472581547501 2
	a 202 207 0.9865299685964932
	a 207 202 0.9865299685964932
0.8126185454479601 2
	a 202 211 0.9732762855438019
	a 211 202 0.9732762855438019
5.398766376476601 2
	a 202 228 0.8353045590835085
	a 228 202 0.8353045590835085
0.2701555345749592 2
	a 203 208 0.9910352407514
	a 208 203 0.9910352407514
2.990698911997238 2
	a 204 225 0.9051179939431769
	a 225 204 0.9051179939431769
2.868845472987987 2
	a 205 224 0.9088018617535168
	a 224 205 0.9088018617535168
1.027952275406858 2
	a 205 216 0.966315323832502
	a 216 205 0.966315323832502
5.141778448891295 2
	a 205 215 0.8424907340612007
	a 215 205 0.8424907340612007
10.31550559584734 2
	a 206 244 0.7090351431094745
	a 244 206 0.7090351431094745
8.157727680489769 2
	a 206 243 0.7619119691520434
	a 243 206 0.7619119691520434
7.945018996848364 2
	a 206 215 0.7673333423930897
	a 215 206 0.7673333423930897
5.694501984876053 2
	a 207 209 0.8271107022925329
	a 209 207 0.8271107022925329
2.093433633679189 2
	a 207 222 0.9325979235546809
	a 222 207 0.9325979235546809
0.4068472581547501 2
	a 207 211 0.9865299685964932
	a 211 207 0.9865299685964932
0.8683645126519677 2
	a 208 218 0.9714694238880763
	a 218 208 0.9714694238880763
0.9493102690277512 2
	a 209 213 0.9688517460642906
	a 213 209 0.9688517460642906
4.555765861070322 2
	a 209 223 0.8591095251543378
	a 223 209 0.8591095251543378
3.734457162160254 2
	a 209 231 0.88295423792088
	a 231 209 0.88295423792088
0.2701555345749592 2
	a 210 212 0.9910352407514
	a 212 210 0.9910352407514
1.435634045095961 2
	a 211 222 0.953272508475846
	a 222 211 0.953272508475846
6.33306296908082 2
	a 211 228 0.8096913940041123
	a 228 211 0.8096913940041123
7.611409145410664 2
	a 212 243 0.7759139623699924
	a 243 212 0.7759139623699924
3.271409407044684 2
	a 213 231 0.896688289882239
	a 231 213 0.896688289882239
6.82859708899489 2
	a 213 214 0.7964269218217351
	a 214 213 0.7964269218217351
3.056622240212915 2
	a 214 231 0.9031312312897976
	a 231 214 0.9031312312897976
1.572591308840098 2
	a 214 221 0.9489305073480866
	a 221 214 0.9489305073480866
9.27684210349771 2
	a 215 235 0.734013344425559
	a 235 215 0.734013344425559
8.381387024246948 2
	a 215 244 0.756252799765337
	a 244 215 0.756252799765337
4.667306969750276 2
	a 215 219 0.8559212549166814
	a 219 215 0.8559212549166814
4.977193991535377 2
	a 215 216 0.8471254651914917
	a 216 215 0.8471254651914917
0.572507812946912 2
	a 216 219 0.9810973451939815
	a 219 216 0.9810973451939815
0.6981164340668319 2
	a 217 220 0.9769981233187751
	a 220 217 0.9769981233187751
5.153398603293508 2
	a 217 234 0.8421644681725391
	a 234 217 0.8421644681725391
1.77982890493642 2
	a 218 220 0.9423979605734668
	a 220 218 0.9423979605734668
1.703770921109608 2
	a 218 224 0.9447902214291792
	a 224 218 0.9447902214291792
2.711563110221431 2
	a 219 229 0.913578990249083
	a 229 219 0.913578990249083
1.581537861964821 2
	a 219 227 0.9486475609669087
	a 227 219 0.9486475609669087
6.436794138341683 2
	a 220 234 0.8068965541540495
	a 234 220 0.8068965541540495
1.695752562881215 2
	a 220 229 0.945042777393949
	a 229 220 0.945042777393949
3.381424901793908 2
	a 221 231 0.8934059917599535
	a 231 221 0.8934059917599535
4.443211802169113 2
	a 221 236 0.8623387879468783
	a 236 221 0.8623387879468783
0.1356157527182506 2
	a 222 223 0.9954896771040572
	a 223 222 0.9954896771040572
7.846782227480476 2
	a 222 237 0.7698501391300197
	a 237 222 0.7698501391300197
4.797496528258114 2
	a 223 238 0.8522149025298733
	a 238 223 0.8522149025298733
6.423630902699792 2
	a 223 239 0.8072506774878816
	a 239 223 0.8072506774878816
1.165489355260694 2
	a 224 229 0.96189532387708
	a 229 224 0.96189532387708
0.3981115513613038 2
	a 224 227 0.986817278310307
	a 227 224 0.986817278310307
0.7623395882754054 2
	a 225 230 0.9749088304285057
	a 230 225 0.9749088304285057
3.423052912018465 2
	a 226 228 0.8921671610010636
	a 228 226 0.8921671610010636
1.088420984350353 2
	a 226 232 0.9643695574554602
	a 232 226 0.9643695574554602
0.2701555345749592 2
	a 227 229 0.9910352407514
	a 229 227 0.9910352407514
3.412666042750948 2
	a 228 237 0.8924761086034863
	a 237 228 0.8924761086034863
4.111011667439872 2
	a 228 232 0.8719408218316913
	a 232 228 0.8719408218316913
2.075429932783403 2
	a 229 234 0.9331577653273327
	a 234 229 0.9331577653273327
3.045695421346476 2
	a 229 235 0.903460236248351
	a 235 229 0.903460236248351
4.349242467253591 2
	a 230 242 0.8650441361436338
	a 242 230 0.8650441361436338
3.644003100568314 2
	a 231 238 0.8856204820117479
	a 238 231 0.8856204820117479
2.292841933467983 2
	a 231 236 0.9264195543930618
	a 236 231 0.9264195543930618
2.521562118077222 2
	a 232 237 0.9193833820020216
	a 237 232 0.9193833820020216
0.4068472581547501 2
	a 233 234 0.9865299685964932
	a 234 233 0.9865299685964932
0.2701555345749592 2
	a 233 235 0.9910352407514
	a 235 233 0.9910352407514
0.1356157527182506 2
	a 234 235 0.9954896771040572
	a 235 234 0.9954896771040572
4.657258136307985 2
	a 235 245 0.8562080032764545
	a 245 235 0.8562080032764545
5.860844695945439 2
	a 235 244 0.8225372654221355
	a 244 235 0.8225372654221355
1.515225646537176 2
	a 236 238 0.9507467775548303
	a 238 236 0.9507467775548303
1.220541774464252 2
	a 236 240 0.9601317870014974
	a 240 236 0.9601317870014974
1.106545252170832 2
	a 237 241 0.9637871170070454
	a 241 237 0.9637871170070454
15.40246878132238 2
	a 237 242 0.5984480093304089
	a 242 237 0.5984480093304089
0.5143760708184569 2
	a 238 240 0.9830002848809992
	a 240 238 0.9830002848809992
1.005484153657362 2
	a 238 239 0.967039304584932
	a 239 238 0.967039304584932
1.098491529874655 2
	a 239 240 0.9640458875330241
	a 240 239 0.9640458875330241
2.11597334246402 2
	a 239 241 0.931897503854888
	a 241 239 0.931897503854888
3.081419417858545 2
	a 239 246 0.9023850362051632
	a 246 239 0.9023850362051632
3.016343249606422 2
	a 240 246 0.9043446194877689
	a 246 240 0.9043446194877689
2.662300697087576 2
	a 241 246 0.9150803928118717
	a 246 241 0.9150803928118717
8.485576900229802 2
	a 242 249 0.7536308924899812
	a 249 242 0.7536308924899812
7.704602939041643 2
	a 242 248 0.7735073567942289
	a 248 242 0.7735073567942289
11.01449605535834 2
	a 242 243 0.6927058224738895
	a 243 242 0.6927058224738895
7.505486592845303 2
	a 243 248 0.7786583640015822
	a 248 243 0.7786583640015822
7.023288944135646 2
	a 243 244 0.7912750624910037
	a 244 243 0.7912750624910037
1.027952275406858 2
	a 244 245 0.966315323832502
	a 245 244 0.966315323832502
7.061977541686863 2
	a 244 248 0.790255276119247
	a 248 244 0.790255276119247
11.01095154779899 2
	a 245 246 0.6927876706764592
	a 246 245 0.6927876706764592
5.415708215069655 2
	a 245 248 0.834832972421259
	a 248 245 0.834832972421259
4.457326802725157 2
	a 246 247 0.8619331529642824
	a 247 246 0.8619331529642824
1.610564433844173 2
	a 247 249 0.94773013864501
	a 249 247 0.94773013864501
2.869251027375966 2
	a 247 248 0.9087895762171301
	a 248 247 0.9087895762171301
0.8136945163095008 2
	a 248 249 0.973241378938998
	a 249 248 0.973241378938998
