1.278597582319074 1
	a 41 38 0.9936274037579175
16.67495125195512 1
	a 127 132 0.9200063044865348
12.16268937984407 1
	a 64 72 0.9409987696409867
21.99191514063393 1
	a 178 140 0.895870349493486
22.75110695167299 1
	a 234 222 0.8924761086034863
15.887742944204 1
	a 140 116 0.9236346234396819
10.54290700465821 1
	a 14 37 0.9486507804060135
33.25152207526866 1
	a 144 195 0.8468280543941261
16.76480651273884 1
	a 5 37 0.9195930602918365
0.9041050181216709 1
	a 25 27 0.9954896771040572
6.328735126851674 1
	a 178 181 0.9688517460642906
14.10648894976013 1
	a 231 233 0.931897503854888
21.99191514063393 1
	a 140 178 0.895870349493486
2.811857046997037 1
	a 171 162 0.9860390849711355
2.712315054365001 1
	a 179 180 0.9865299685964932
34.27852299260864 1
	a 195 204 0.8424907340612007
6.338387442435649 1
	a 18 4 0.9688049888785519
82.01639560948495 1
	a 94 43 0.663595847614577
31.70537022371646 1
	a 193 222 0.8534000487373811
10.94563937950714 1
	a 104 75 0.9467424405180086
73.42997370238891 1
	a 240 249 0.6927058224738895
42.46751202682996 1
	a 191 188 0.8086916694189684
3.012239990077456 1
	a 27 19 0.9850516526460312
54.38485120326513 1
	a 220 240 0.7619119691520434
22.80918222792253 1
	a 117 133 0.8922169922431762
6.173615237124822 1
	a 129 121 0.9696034784282659
16.60323423645548 1
	a 78 47 0.9203362641743024
0.9041050181216709 1
	a 50 52 0.9954896771040572
35.99177584317734 1
	a 222 184 0.8353045590835085
15.58526361044701 1
	a 21 18 0.9250325822349915
10.88779329387969 1
	a 135 148 0.9470163068427434
3.835792746957224 1
	a 91 104 0.981003782431322
22.80918222792253 1
	a 133 117 0.8922169922431762
17.64452076650261 1
	a 33 20 0.9155570475299231
10.73709622562782 1
	a 243 244 0.94773013864501
14.3440653568549 1
	a 106 82 0.9307911767742796
29.62141201446076 1
	a 223 197 0.8623387879468783
5.11439029913947 1
	a 124 117 0.9747522415608111
3.012239990077456 1
	a 19 27 0.9850516526460312
37.8482152109282 1
	a 191 126 0.8275869712421908
97.38006552107389 1
	a 37 22 0.6145282813975652
6.78972239348043 1
	a 173 184 0.9666211761217441
1.650118925921766 1
	a 162 159 0.9917833481128457
5.417456969653067 1
	a 180 184 0.9732762855438019
13.83619955188936 1
	a 216 229 0.9331577653273327
5.216304331833879 1
	a 86 71 0.9742556634331783
38.85528573588036 1
	a 241 248 0.8234302530679311
34.35599068862339 1
	a 206 229 0.8421644681725391
34.64078967615114 1
	a 204 144 0.8409660836824289
3.835792746957224 1
	a 111 115 0.981003782431322
15.83840472789175 1
	a 123 148 0.9238625039707974
3.835792746957224 1
	a 52 60 0.981003782431322
7.256139895669023 1
	a 147 158 0.9643695574554602
11.50737821073484 1
	a 13 38 0.9440870613775323
45.96497279389458 1
	a 130 125 0.7946727661505255
6.20574161442825 1
	a 183 196 0.9694477417008294
1.801036897166395 1
	a 214 216 0.9910352407514
3.529586029305191 1
	a 203 196 0.9825068825271878
3.835792746957224 1
	a 60 52 0.981003782431322
11.50737821073484 1
	a 38 13 0.9440870613775323
3.616420072486676 1
	a 74 87 0.9820803998915988
6.224971747342705 1
	a 108 115 0.9693545331373012
44.13225370622015 1
	a 173 203 0.8019882929582329
39.01645444982043 1
	a 66 135 0.8227669643827544
1.801036897166395 1
	a 87 92 0.9910352407514
82.40658828882724 1
	a 163 227 0.6623024584933356
100.2327121097948 1
	a 170 224 0.6058253349888365
3.835792746957224 1
	a 104 91 0.981003782431322
10.88686607390995 1
	a 42 59 0.9470206973150775
0.9041050181216709 1
	a 202 200 0.9954896771040572
1.801036897166395 1
	a 224 225 0.9910352407514
82.01639560948495 1
	a 43 94 0.663595847614577
12.50253697125224 1
	a 106 119 0.9394011465693822
1.801036897166395 1
	a 140 138 0.9910352407514
45.96497279389458 1
	a 125 130 0.7946727661505255
8.136945163095014 1
	a 232 223 0.9601317870014974
5.835890966488555 1
	a 56 53 0.971242154728572
25.45774977170163 1
	a 156 172 0.880479398466994
1.801036897166395 1
	a 160 157 0.9910352407514
123.8384714638556 1
	a 190 165 0.5383790799765762
82.54984080567571 1
	a 121 13 0.6618282458735172
2.654077009075358 1
	a 57 61 0.986817278310307
10.86050517430708 1
	a 210 201 0.9471455271290812
7.514058786218862 1
	a 40 24 0.9631267133784222
9.041050181216679 1
	a 106 81 0.9558012826194622
39.07229797296959 1
	a 238 230 0.8225372654221355
16.99968380471249 1
	a 45 53 0.9185137365488845
4.462287045318696 1
	a 97 105 0.9779356240177092
33.32899637125005 1
	a 235 242 0.8465000808853618
16.78440817254205 1
	a 115 81 0.9195029369566998
88.13758791438619 1
	a 115 35 0.6435935153069859
9.945155199338348 1
	a 215 220 0.9514903102104922
9.068967346924076 1
	a 60 45 0.9556678756165912
4.654109560445545 1
	a 209 206 0.9769981233187751
9.570893633973071 1
	a 200 180 0.953272508475846
46.00866234287461 1
	a 126 188 0.7944991906361064
5.256394638736764 1
	a 190 201 0.9740603919623205
2.712315054365001 1
	a 115 116 0.9865299685964932
5.51072426250149 1
	a 153 150 0.9728225171346718
38.14555636518303 1
	a 191 125 0.8263575070680118
23.34509029659315 1
	a 168 139 0.8898294609891203
1.801036897166395 1
	a 216 214 0.9910352407514
10.94563937950714 1
	a 75 104 0.9467424405180086
1.801036897166395 1
	a 127 124 0.9910352407514
4.462287045318696 1
	a 105 97 0.9779356240177092
4.827538902810058 1
	a 201 192 0.9761512898261859
36.1047214337977 1
	a 246 239 0.834832972421259
7.376968347805544 1
	a 233 234 0.9637871170070454
5.785892542555228 1
	a 167 154 0.9714849879654753
2.654077009075358 1
	a 9 2 0.986817278310307
21.72222172879109 1
	a 128 110 0.8970792160242727
90.60424124088988 1
	a 20 80 0.6357046526006417
6.846711116319194 1
	a 119 114 0.9663457828279073
2.811857046997037 1
	a 161 171 0.9860390849711355
4.654109560445545 1
	a 206 209 0.9769981233187751
12.65183798080879 1
	a 201 177 0.9387001405563929
87.5925356371518 1
	a 229 163 0.6453498680357358
29.71551201816771 1
	a 243 236 0.8619331529642824
1.801036897166395 1
	a 109 111 0.9910352407514
23.38625989392984 1
	a 124 133 0.8896463102373375
44.52463127588606 1
	a 107 113 0.8004164242909718
4.520525090608341 1
	a 182 175 0.9776509001783111
42.82420601799861 1
	a 231 202 0.8072506774878816
64.99937278832444 1
	a 41 151 0.7225296195335857
16.57515128802459 1
	a 146 157 0.9204655020267692
2.712315054365001 1
	a 0 9 0.9865299685964932
31.42402995020917 1
	a 168 196 0.8546013725067911
14.10648894976013 1
	a 233 231 0.931897503854888
16.57515128802459 1
	a 157 146 0.9204655020267692
20.37748160141943 1
	a 186 211 0.9031312312897976
5.417456969653067 1
	a 184 180 0.9732762855438019
0.9041050181216709 1
	a 27 25 0.9954896771040572
64.41664772073193 1
	a 147 43 0.724637869974991
11.78549161288511 1
	a 56 36 0.9427751574112917
20.85246950685365 1
	a 98 122 0.9009888941978634
11.88675782419721 1
	a 207 187 0.9422979218995169
28.67504002646825 1
	a 66 46 0.8664289236552151
4.827538902810058 1
	a 70 64 0.9761512898261859
8.950183046096694 1
	a 174 179 0.9562356359045654
2.811857046997037 1
	a 69 73 0.9860390849711355
6.037725480312412 1
	a 5 14 0.9702624981924419
2.654077009075358 1
	a 212 214 0.986817278310307
68.77003730564891 1
	a 238 220 0.7090351431094745
18.35916476166794 1
	a 99 123 0.9122913987140943
28.67504002646825 1
	a 46 66 0.8664289236552151
2.712315054365001 1
	a 220 218 0.9865299685964932
13.50283451400846 1
	a 63 89 0.9347144732158117
8.368814618220709 1
	a 32 18 0.9590193058306061
27.98788184850617 1
	a 146 167 0.8694109120686443
7.769929035071291 1
	a 216 212 0.96189532387708
18.54669558068426 1
	a 169 196 0.911436385863976
9.139179027568552 1
	a 144 130 0.9553324392604871
18.43981620323032 1
	a 135 112 0.9119235847987286
5.528757390508774 1
	a 77 96 0.9727348059241007
3.616420072486676 1
	a 36 34 0.9820803998915988
8.868902889904698 1
	a 122 135 0.9566243297911785
47.07985027791242 1
	a 238 246 0.790255276119247
1.801036897166395 1
	a 157 160 0.9910352407514
24.66394797673753 1
	a 41 13 0.8839809733961131
2.557195164638154 1
	a 218 217 0.9872954174986995
4.230526836216011 1
	a 128 135 0.9790695136906509
38.84274724584703 1
	a 76 115 0.8234818775462528
31.04838757538657 1
	a 230 239 0.8562080032764545
41.06141300419345 1
	a 134 179 0.8143972051182997
3.538860127623241 1
	a 104 92 0.982461324256342
13.50283451400846 1
	a 89 63 0.9347144732158117
3.835792746957224 1
	a 105 98 0.981003782431322
3.250862265857187 1
	a 93 86 0.9838770771494869
3.616420072486676 1
	a 22 31 0.9820803998915988
2.654077009075358 1
	a 61 57 0.986817278310307
5.51072426250149 1
	a 150 153 0.9728225171346718
5.499456130429141 1
	a 159 171 0.9728773281417317
6.328735126851674 1
	a 199 189 0.9688517460642906
21.95901478916132 1
	a 197 158 0.8960177338625087
2.001419840246826 1
	a 106 104 0.990042805211115
2.712315054365001 1
	a 146 152 0.9865299685964932
2.269197302872094 1
	a 135 133 0.9887181364487514
1.278597582319074 1
	a 38 41 0.9936274037579175
14.3440653568549 1
	a 82 106 0.9307911767742796
2.712315054365001 1
	a 116 115 0.9865299685964932
37.46351873667526 1
	a 7 28 0.8291803521208151
