1.200526638806247 2
	a 0 6 0.9607725730002534
	a 6 0 0.9607725730002534
1.516921824400098 2
	a 0 23 0.9506930245531777
	a 23 0 0.9506930245531777
4.421219357192802 2
	a 0 31 0.8629711843290964
	a 31 0 0.8629711843290964
1.277257733339577 2
	a 1 20 0.9583183418980348
	a 20 1 0.9583183418980348
0.3981115513613038 2
	a 2 9 0.986817278310307
	a 9 2 0.986817278310307
4.488112206945186 2
	a 3 4 0.8610491079524231
	a 4 3 0.8610491079524231
2.741943832514826 2
	a 3 13 0.9126542855615206
	a 13 3 0.9126542855615206
0.4518359985116184 2
	a 3 10 0.9850516526460312
	a 10 3 0.9850516526460312
3.655671624588996 2
	a 4 23 0.8852760861970183
	a 23 4 0.8852760861970183
4.69980533654289 2
	a 4 5 0.8549945555146596
	a 5 4 0.8549945555146596
3.67279638622984 2
	a 4 15 0.884770892334062
	a 15 4 0.884770892334062
0.6981164340668319 2
	a 4 13 0.9769981233187751
	a 13 4 0.9769981233187751
2.312028244412198 2
	a 5 7 0.9258272580251086
	a 7 5 0.9258272580251086
3.561354525678251 2
	a 5 23 0.8880636882828001
	a 23 5 0.8880636882828001
0.6034558520981271 2
	a 5 15 0.9800857657553526
	a 15 5 0.9800857657553526
2.405925508596202 2
	a 6 20 0.9229340332640011
	a 20 6 0.9229340332640011
1.563030194849834 2
	a 6 28 0.9492329833039643
	a 28 6 0.9492329833039643
6.329602136440902 2
	a 6 31 0.8097848062722335
	a 31 6 0.8097848062722335
0.937918387581039 2
	a 7 23 0.969219717398986
	a 23 7 0.969219717398986
1.975247637909123 2
	a 8 34 0.9362791704657714
	a 34 8 0.9362791704657714
3.621229585705272 2
	a 8 32 0.8862930269566599
	a 32 8 0.8862930269566599
0.4217785570495555 2
	a 9 12 0.9860390849711355
	a 12 9 0.9860390849711355
1.027006667447879 2
	a 10 21 0.9663457828279073
	a 21 10 0.9663457828279073
0.4007677214940443 2
	a 10 16 0.9867299103587291
	a 16 10 0.9867299103587291
1.68410134343058 2
	a 10 13 0.9454098787019549
	a 13 10 0.9454098787019549
6.96168091369199 2
	a 10 40 0.7929016954181636
	a 40 10 0.7929016954181636
9.542125660238368 2
	a 10 25 0.7275512356971211
	a 25 10 0.7275512356971211
1.756468616875567 2
	a 11 32 0.9431320692804533
	a 32 11 0.9431320692804533
0.5424630108730013 2
	a 11 19 0.9820803998915988
	a 19 11 0.9820803998915988
1.088420984350353 2
	a 12 28 0.9643695574554602
	a 28 12 0.9643695574554602
3.369927913618316 2
	a 12 44 0.8937484399785899
	a 44 12 0.8937484399785899
0.8249184195643712 2
	a 13 27 0.9728773281417317
	a 27 13 0.9728773281417317
1.228052871010652 2
	a 13 14 0.9598914290069736
	a 14 13 0.9598914290069736
0.7960384844779068 2
	a 13 16 0.9738143335497531
	a 16 13 0.9738143335497531
1.465260119971778 2
	a 14 23 0.9523315823943176
	a 23 14 0.9523315823943176
0.8136945163095008 2
	a 14 27 0.973241378938998
	a 27 14 0.973241378938998
2.37241948059669 2
	a 14 17 0.9239654042278721
	a 17 14 0.9239654042278721
0.4068472581547501 2
	a 15 23 0.9865299685964932
	a 23 15 0.9865299685964932
0.7671585448709205 2
	a 16 27 0.9747522415608111
	a 27 16 0.9747522415608111
1.756565993506545 2
	a 16 21 0.9431290079846392
	a 21 16 0.9431290079846392
1.199592341201047 2
	a 17 23 0.9608024950499893
	a 23 17 0.9608024950499893
0.7241308354215087 2
	a 17 27 0.9761512898261859
	a 27 17 0.9761512898261859
1.870644079634174 2
	a 18 31 0.939549472999509
	a 31 18 0.939549472999509
0.8266086393752234 2
	a 18 27 0.9728225171346718
	a 27 18 0.9728225171346718
2.129759777694904 2
	a 18 30 0.9314693507548821
	a 30 18 0.9314693507548821
1.248857222541599 2
	a 18 33 0.9592259958080578
	a 33 18 0.9592259958080578
2.27252501659598 2
	a 19 32 0.9270471665239727
	a 32 19 0.9270471665239727
2.142852660404808 2
	a 19 29 0.9310629188188508
	a 29 19 0.9310629188188508
0.4068472581547501 2
	a 19 24 0.9865299685964932
	a 24 19 0.9865299685964932
1.927602008656024 2
	a 20 22 0.9377673389061091
	a 22 20 0.9377673389061091
0.7960384844779068 2
	a 20 28 0.9738143335497531
	a 28 20 0.9738143335497531
0.7960384844779068 2
	a 21 27 0.9738143335497531
	a 27 21 0.9738143335497531
1.363828107854099 2
	a 21 35 0.9555569288315725
	a 35 21 0.9555569288315725
0.6780787635912512 2
	a 22 28 0.9776509001783111
	a 28 22 0.9776509001783111
0.3911042311720507 2
	a 23 27 0.9870478033865562
	a 27 23 0.9870478033865562
0.5424630108730013 2
	a 24 29 0.9820803998915988
	a 29 24 0.9820803998915988
4.541334491565813 2
	a 25 29 0.8595228954714411
	a 29 25 0.8595228954714411
5.850992469180388 2
	a 25 40 0.8228074372383287
	a 40 25 0.8228074372383287
0.99986533083179 2
	a 25 36 0.9672204422980087
	a 36 25 0.9672204422980087
4.94657604112628 2
	a 25 26 0.8479904813829049
	a 26 25 0.8479904813829049
0.4068472581547501 2
	a 26 29 0.9865299685964932
	a 29 26 0.9865299685964932
0.590484815621513 2
	a 27 33 0.9805096149854075
	a 33 27 0.9805096149854075
2.069519386912158 2
	a 27 35 0.9333416324985631
	a 35 27 0.9333416324985631
1.64751219978562 2
	a 28 43 0.946563640073117
	a 43 28 0.946563640073117
0.5424630108730013 2
	a 29 32 0.9820803998915988
	a 32 29 0.9820803998915988
3.752723537207481 2
	a 29 47 0.8824167891161948
	a 47 29 0.8824167891161948
1.220770282487056 2
	a 29 41 0.9601244737688071
	a 41 29 0.9601244737688071
0.6981164340668319 2
	a 29 37 0.9769981233187751
	a 37 29 0.9769981233187751
2.634213757033034 2
	a 29 39 0.9159375209222944
	a 39 29 0.9159375209222944
4.257084122497241 2
	a 29 36 0.8677055898276993
	a 36 29 0.8677055898276993
2.619022261234539 2
	a 30 44 0.9164014537429649
	a 44 30 0.9164014537429649
2.632634077622221 2
	a 30 33 0.9159857517802178
	a 33 30 0.9159857517802178
2.184866642102651 2
	a 30 46 0.9297599094276695
	a 46 30 0.9297599094276695
1.632813622043007 2
	a 31 44 0.9470275250130495
	a 44 31 0.9470275250130495
2.33892697800825 2
	a 32 34 0.9249975107075786
	a 34 32 0.9249975107075786
1.255322192733106 2
	a 32 38 0.9590193058306061
	a 38 32 0.9590193058306061
2.186738306749592 2
	a 32 47 0.9297019046120271
	a 47 32 0.9297019046120271
1.936327367967538 2
	a 33 46 0.9374946333328481
	a 46 33 0.9374946333328481
1.207341673940248 2
	a 33 35 0.9605543411607935
	a 35 33 0.9605543411607935
2.604665358339847 2
	a 34 42 0.9168401149209898
	a 42 34 0.9168401149209898
0.3002129760370238 2
	a 34 38 0.990042805211115
	a 38 34 0.990042805211115
1.69290710932188 2
	a 35 46 0.9451324174894826
	a 46 35 0.9451324174894826
1.944064083921212 2
	a 35 40 0.9372528935158532
	a 40 35 0.9372528935158532
1.77060656361697 2
	a 36 40 0.9426877089621993
	a 40 36 0.9426877089621993
0.4518359985116184 2
	a 36 39 0.9850516526460312
	a 39 36 0.9850516526460312
0.4217785570495555 2
	a 37 39 0.9860390849711355
	a 39 37 0.9860390849711355
2.765771239994866 2
	a 38 42 0.9119297004976549
	a 42 38 0.9119297004976549
5.169165882893317 2
	a 38 49 0.8417219630464693
	a 49 38 0.8417219630464693
1.856596163670476 2
	a 38 47 0.9399895330916023
	a 47 38 0.9399895330916023
3.579538568402 2
	a 38 48 0.8875255651185476
	a 48 38 0.8875255651185476
0.2591518306177774 2
	a 39 41 0.9913988093706936
	a 41 39 0.9913988093706936
3.052367295971379 2
	a 40 48 0.903259332808394
	a 48 40 0.903259332808394
2.576699301646753 2
	a 40 45 0.9176951934997476
	a 45 40 0.9176951934997476
2.475863967197359 2
	a 41 47 0.9207849198760755
	a 47 41 0.9207849198760755
0.5488408072586609 2
	a 41 45 0.9818716384555221
	a 45 41 0.9818716384555221
4.97160234610665 2
	a 42 44 0.8472833740817098
	a 44 42 0.8472833740817098
4.000822222885161 2
	a 42 49 0.8751493331205985
	a 49 42 0.8751493331205985
0.1917896373478611 2
	a 43 44 0.9936274037579175
	a 44 43 0.9936274037579175
3.562346930112967 2
	a 44 49 0.8880343114906117
	a 49 44 0.8880343114906117
1.919992373703698 2
	a 45 47 0.9380052379808951
	a 47 45 0.9380052379808951
2.471011450223571 2
	a 45 48 0.9209338694038495
	a 48 45 0.9209338694038495
3.100692418912422 2
	a 46 49 0.9018055001232945
	a 49 46 0.9018055001232945
3.619173917605042 2
	a 46 48 0.886353759847513
	a 48 46 0.886353759847513
1.884715995065577 2
	a 47 48 0.9391088676526849
	a 48 47 0.9391088676526849
1.057281840000934 2
	a 48 49 0.9653710652289879
	a 49 48 0.9653710652289879
