0.7241308354215087 2
	a 0 8 0.9761512898261859
	a 8 0 0.9761512898261859
1.356157527182502 2
	a 1 14 0.9558012826194622
	a 14 1 0.9558012826194622
0.5424630108730013 2
	a 1 8 0.9820803998915988
	a 8 1 0.9820803998915988
0.5294379043957786 2
	a 2 8 0.9825068825271878
	a 8 2 0.9825068825271878
3.974506243740116 2
	a 3 27 0.8759173503100632
	a 27 3 0.8759173503100632
1.636120639296191 2
	a 3 14 0.9469231362212657
	a 14 3 0.9469231362212657
0.4068472581547501 2
	a 3 8 0.9865299685964932
	a 8 3 0.9865299685964932
0.3981115513613038 2
	a 4 8 0.986817278310307
	a 8 4 0.986817278310307
5.358061959253829 2
	a 5 70 0.8364386811485165
	a 70 5 0.8364386811485165
2.067695472571751 2
	a 6 19 0.9333983787298171
	a 19 6 0.9333983787298171
0.69040501949209 2
	a 6 17 0.9772492901838444
	a 17 6 0.9772492901838444
11.76124271616615 2
	a 7 38 0.675676124259486
	a 38 7 0.675676124259486
15.836328066473 2
	a 7 149 0.5898555502070166
	a 149 7 0.5898555502070166
0.8678838813832842 2
	a 7 13 0.9714849879654753
	a 13 7 0.9714849879654753
1.812791290068011 2
	a 7 30 0.941363073066135
	a 30 7 0.941363073066135
1.828816583157894 2
	a 7 19 0.9408603533769324
	a 19 7 0.9408603533769324
0.4217785570495555 2
	a 8 14 0.9860390849711355
	a 14 8 0.9860390849711355
2.301626222344578 2
	a 9 36 0.9261483295374004
	a 36 9 0.9261483295374004
1.385168937220699 2
	a 9 23 0.9548774246343368
	a 23 9 0.9548774246343368
0.3981115513613038 2
	a 9 15 0.986817278310307
	a 15 9 0.986817278310307
3.621229585705272 2
	a 10 55 0.8862930269566599
	a 55 10 0.8862930269566599
9.898825974114786 2
	a 10 66 0.718951868484862
	a 66 10 0.718951868484862
1.815014601841224 2
	a 11 20 0.9412933108644451
	a 20 11 0.9412933108644451
0.7884591958105146 2
	a 11 24 0.9740603919623205
	a 24 11 0.9740603919623205
1.677634913109469 2
	a 11 12 0.9456136815693004
	a 12 11 0.9456136815693004
0.6623180749170225 2
	a 12 24 0.9781646501663815
	a 24 12 0.9781646501663815
3.708526480930254 2
	a 12 45 0.8837177546779782
	a 45 12 0.8837177546779782
1.633168994081954 2
	a 13 31 0.9470163068427434
	a 31 13 0.9470163068427434
1.220770282487056 2
	a 13 30 0.9601244737688071
	a 30 13 0.9601244737688071
2.312404334017637 2
	a 14 32 0.9258156516309203
	a 32 14 0.9258156516309203
0.8753836449732832 2
	a 14 27 0.971242154728572
	a 27 14 0.971242154728572
0.4068472581547501 2
	a 15 23 0.9865299685964932
	a 23 15 0.9865299685964932
9.197557088588665 2
	a 16 41 0.7359557853678246
	a 41 16 0.7359557853678246
5.782569037440199 2
	a 16 47 0.8246862225901423
	a 47 16 0.8246862225901423
2.841715600423528 2
	a 16 40 0.9096240894362094
	a 40 16 0.9096240894362094
1.539937485710144 2
	a 16 32 0.9499639433049578
	a 32 16 0.9499639433049578
1.2777003560333 2
	a 16 27 0.9583042028874746
	a 27 16 0.9583042028874746
0.2701555345749592 2
	a 17 19 0.9910352407514
	a 19 17 0.9910352407514
0.2591518306177774 2
	a 18 23 0.9913988093706936
	a 23 18 0.9913988093706936
4.266136803989514 2
	a 18 41 0.8674437939178098
	a 41 18 0.8674437939178098
0.9056588220468618 2
	a 19 30 0.9702624981924419
	a 30 19 0.9702624981924419
2.699981208502536 2
	a 19 20 0.9139317577425925
	a 20 19 0.9139317577425925
4.350899637505505 2
	a 19 24 0.8649963532830846
	a 24 19 0.8649963532830846
0.3002129760370238 2
	a 20 24 0.990042805211115
	a 24 20 0.990042805211115
9.622440193093125 2
	a 21 61 0.7256060760146466
	a 61 21 0.7256060760146466
1.506073016235147 2
	a 21 35 0.9510368829318947
	a 35 21 0.9510368829318947
12.89077316582844 2
	a 21 55 0.650709196811689
	a 55 21 0.650709196811689
8.846847374562321 2
	a 22 106 0.7446098325511881
	a 106 22 0.7446098325511881
6.71335654079916 2
	a 22 102 0.7994921612192791
	a 102 22 0.7994921612192791
11.01907611124386 2
	a 22 93 0.6926000761668561
	a 93 22 0.6926000761668561
1.494593721394759 2
	a 23 36 0.9514008603236256
	a 36 23 0.9514008603236256
2.255077037411157 2
	a 23 37 0.9275864933336478
	a 37 23 0.9275864933336478
3.642009318456576 2
	a 24 51 0.8856793417767795
	a 51 24 0.8856793417767795
2.154189784731097 2
	a 24 45 0.9307111327582009
	a 45 24 0.9307111327582009
1.392998929689093 2
	a 25 41 0.9546282343869431
	a 41 25 0.9546282343869431
7.850300796266852 2
	a 26 76 0.7697598520691527
	a 76 26 0.7697598520691527
8.218997964421806 2
	a 26 82 0.7603574716780367
	a 82 26 0.7603574716780367
5.910857977337891 2
	a 26 65 0.8211671482167052
	a 65 26 0.8211671482167052
2.725001446938236 2
	a 26 58 0.9131698491559083
	a 58 26 0.9131698491559083
0.6780787635912512 2
	a 27 32 0.9776509001783111
	a 32 27 0.9776509001783111
10.33009690605008 2
	a 28 120 0.7086903685708834
	a 120 28 0.7086903685708834
2.862230543417649 2
	a 28 54 0.9090022725247202
	a 54 28 0.9090022725247202
1.694756523944324 2
	a 28 43 0.9450741545616046
	a 43 28 0.9450741545616046
13.0490658930759 2
	a 28 71 0.6472848212053763
	a 71 28 0.6472848212053763
1.798137926617353 2
	a 29 48 0.941822989887419
	a 48 29 0.941822989887419
1.220770282487056 2
	a 30 31 0.9601244737688071
	a 31 30 0.9601244737688071
7.216130394658967 2
	a 30 109 0.7862050208247818
	a 109 30 0.7862050208247818
13.56797080675114 2
	a 31 149 0.6361851169804555
	a 149 31 0.6361851169804555
11.49961344793666 2
	a 31 150 0.6815944485286152
	a 150 31 0.6815944485286152
6.350253323540731 2
	a 31 105 0.8092275641712552
	a 105 31 0.8092275641712552
0.6027356872459425 2
	a 32 40 0.9801092934817696
	a 40 32 0.9801092934817696
1.441427748955187 2
	a 33 34 0.9530884269646057
	a 34 33 0.9530884269646057
2.665344407315811 2
	a 33 63 0.9149875562030384
	a 63 33 0.9149875562030384
0.5753689120435835 2
	a 34 42 0.981003782431322
	a 42 34 0.981003782431322
8.660846260551935 2
	a 35 93 0.7492407823588502
	a 93 35 0.7492407823588502
3.849317660770565 2
	a 35 86 0.8795801490674363
	a 86 35 0.8795801490674363
11.06818721788241 2
	a 36 134 0.6914671918332953
	a 134 36 0.6914671918332953
5.761003795646526 2
	a 36 83 0.8252792543056137
	a 83 36 0.8252792543056137
1.607067595221909 2
	a 36 54 0.9478406137285205
	a 54 36 0.9478406137285205
0.7960384844779068 2
	a 36 43 0.9738143335497531
	a 43 36 0.9738143335497531
1.356792294795199 2
	a 36 37 0.9557810591101373
	a 37 36 0.9557810591101373
0.754358709720538 2
	a 37 43 0.9751682192287419
	a 43 37 0.9751682192287419
2.958936938741883 2
	a 38 74 0.9060767791860235
	a 74 38 0.9060767791860235
2.639008727722419 2
	a 39 51 0.9157911361689116
	a 51 39 0.9157911361689116
2.560673027602926 2
	a 39 45 0.9181855656240442
	a 45 39 0.9181855656240442
2.877868151755235 2
	a 39 57 0.9085285752764558
	a 57 39 0.9085285752764558
0.6981164340668319 2
	a 39 44 0.9769981233187751
	a 44 39 0.9769981233187751
5.318021358537992 2
	a 39 101 0.8375558100664006
	a 101 39 0.8375558100664006
0.69040501949209 2
	a 40 47 0.9772492901838444
	a 47 40 0.9772492901838444
1.392998929689093 2
	a 41 59 0.9546282343869431
	a 59 41 0.9546282343869431
2.460325435208182 2
	a 41 68 0.9212619649394984
	a 68 41 0.9212619649394984
9.393175072745786 2
	a 42 64 0.7311725242752535
	a 64 42 0.7311725242752535
7.296823494366908 2
	a 42 113 0.7840931516479962
	a 113 42 0.7840931516479962
2.44117999433131 2
	a 42 71 0.9218500847991665
	a 71 42 0.9218500847991665
0.6623180749170225 2
	a 43 54 0.9781646501663815
	a 54 43 0.9781646501663815
10.10760420132619 2
	a 44 151 0.713965854907693
	a 151 44 0.713965854907693
0.3002129760370238 2
	a 45 51 0.990042805211115
	a 51 45 0.990042805211115
8.553461042367731 2
	a 45 101 0.7519275008839229
	a 101 45 0.7519275008839229
1.730228849263024 2
	a 46 69 0.9439573490245133
	a 69 46 0.9439573490245133
0.7884591958105146 2
	a 47 58 0.9740603919623205
	a 58 47 0.9740603919623205
0.4217785570495555 2
	a 47 53 0.9860390849711355
	a 53 47 0.9860390849711355
0.572507812946912 2
	a 48 56 0.9810973451939815
	a 56 48 0.9810973451939815
0.1356157527182506 2
	a 49 51 0.9954896771040572
	a 51 49 0.9954896771040572
2.512256192248846 2
	a 49 80 0.9196686166913073
	a 80 49 0.9196686166913073
1.533956076087579 2
	a 50 70 0.9501533663036585
	a 70 50 0.9501533663036585
2.034778658853599 2
	a 50 74 0.9344230908165426
	a 74 50 0.9344230908165426
0.4217785570495555 2
	a 51 57 0.9860390849711355
	a 57 51 0.9860390849711355
2.016283377977358 2
	a 52 72 0.9349993490166414
	a 72 52 0.9349993490166414
0.1356157527182506 2
	a 52 53 0.9954896771040572
	a 53 52 0.9954896771040572
1.545598435309036 2
	a 53 65 0.9497847036164766
	a 65 53 0.9497847036164766
1.491773279900752 2
	a 53 72 0.9514903102104922
	a 72 53 0.9514903102104922
3.646133366373586 2
	a 53 58 0.8855575973434827
	a 58 53 0.8855575973434827
2.455712655241525 2
	a 54 81 0.9214036284547936
	a 81 54 0.9214036284547936
2.210738904586905 2
	a 54 83 0.9289584220014278
	a 83 54 0.9289584220014278
2.586697645344306 2
	a 55 91 0.9173893967284583
	a 91 55 0.9173893967284583
8.540586550745477 2
	a 56 144 0.7522502596119007
	a 144 56 0.7522502596119007
16.59538020684834 2
	a 56 126 0.575118403514095
	a 126 56 0.575118403514095
1.912227277893508 2
	a 57 80 0.9382480594231816
	a 80 57 0.9382480594231816
4.437893151250607 2
	a 58 65 0.862491684132721
	a 65 58 0.862491684132721
0.6267238355571551 2
	a 58 62 0.9793259064871245
	a 62 58 0.9793259064871245
8.157791673042952 2
	a 58 69 0.7619103439307032
	a 69 58 0.7619103439307032
1.824403406976611 2
	a 59 79 0.9409987696409867
	a 79 59 0.9409987696409867
1.027006667447879 2
	a 59 68 0.9663457828279073
	a 68 59 0.9663457828279073
2.101306589218044 2
	a 60 84 0.932353212266511
	a 84 60 0.932353212266511
2.157772368673279 2
	a 60 92 0.9305999943690755
	a 92 60 0.9305999943690755
5.502894655784572 2
	a 60 111 0.8324102906944901
	a 111 60 0.8324102906944901
4.434201157039658 2
	a 60 95 0.8625978344745215
	a 95 60 0.8625978344745215
7.864271696044581 2
	a 61 141 0.7694014609348675
	a 141 61 0.7694014609348675
11.81909053315472 2
	a 61 86 0.6743744999721953
	a 86 61 0.6743744999721953
2.872866810054415 2
	a 61 99 0.9086800499640467
	a 99 61 0.9086800499640467
0.8753836449732832 2
	a 62 75 0.971242154728572
	a 75 62 0.971242154728572
4.47250822679375 2
	a 62 69 0.8614970842188664
	a 69 62 0.8614970842188664
0.487629339878578 2
	a 63 71 0.9838770771494869
	a 71 63 0.9838770771494869
4.573669558910054 2
	a 64 104 0.8585969702017137
	a 104 64 0.8585969702017137
2.940536652179897 2
	a 64 67 0.906632685395295
	a 67 64 0.906632685395295
6.771472474651373 2
	a 64 129 0.7979448859403919
	a 129 64 0.7979448859403919
6.308656342200393 2
	a 64 113 0.8103503898902683
	a 113 64 0.8103503898902683
1.491773279900752 2
	a 65 88 0.9514903102104922
	a 88 65 0.9514903102104922
0.4068472581547501 2
	a 65 72 0.9865299685964932
	a 72 65 0.9865299685964932
1.622807055510311 2
	a 66 91 0.9473434608319116
	a 91 66 0.9473434608319116
5.527115507165875 2
	a 66 69 0.8317385057197424
	a 69 66 0.8317385057197424
12.3805338817667 2
	a 67 97 0.6618710948834348
	a 97 67 0.6618710948834348
0.8753836449732832 2
	a 67 78 0.971242154728572
	a 78 67 0.971242154728572
0.9427373486970791 2
	a 68 79 0.9690640421648343
	a 79 68 0.9690640421648343
2.353783403445979 2
	a 68 72 0.9245395522257746
	a 72 68 0.9245395522257746
1.446577522097359 2
	a 69 91 0.9529248346999484
	a 91 69 0.9529248346999484
0.6981164340668319 2
	a 69 75 0.9769981233187751
	a 75 69 0.9769981233187751
0.3835792746957232 2
	a 70 74 0.9872954174986995
	a 74 70 0.9872954174986995
5.887321867974165 2
	a 70 119 0.8218116369898301
	a 119 70 0.8218116369898301
4.185919164069553 2
	a 71 113 0.8697663741961515
	a 113 71 0.8697663741961515
1.088420984350353 2
	a 72 88 0.9643695574554602
	a 88 72 0.9643695574554602
2.285230558113497 2
	a 73 77 0.9266546284445556
	a 77 73 0.9266546284445556
0.6981164340668319 2
	a 73 82 0.9769981233187751
	a 82 73 0.9769981233187751
2.840326596761035 2
	a 73 99 0.9096662061175962
	a 99 73 0.9096662061175962
4.892989451909125 2
	a 74 119 0.8495065322325807
	a 119 74 0.8495065322325807
0.9308612421642376 2
	a 75 91 0.9694477417008294
	a 91 75 0.9694477417008294
0.487629339878578 2
	a 76 84 0.9838770771494869
	a 84 76 0.9838770771494869
1.856596163670476 2
	a 76 85 0.9399895330916023
	a 85 76 0.9399895330916023
5.828395896710441 2
	a 76 95 0.8234274249651223
	a 95 76 0.8234274249651223
3.304337400021385 2
	a 77 110 0.8957046249591364
	a 110 77 0.8957046249591364
1.540389556301305 2
	a 77 100 0.9499496283874329
	a 100 77 0.9499496283874329
1.57306112249224 2
	a 77 82 0.9489156467808723
	a 82 77 0.9489156467808723
11.26943557480671 2
	a 78 174 0.6868441609188426
	a 174 78 0.6868441609188426
10.01681619498423 2
	a 78 121 0.7161297787805545
	a 121 78 0.7161297787805545
11.54739105844031 2
	a 78 97 0.6805098139758765
	a 97 78 0.6805098139758765
3.193398791446032 2
	a 79 111 0.8990230309929593
	a 111 79 0.8990230309929593
3.782912688688584 2
	a 79 95 0.8815292552854427
	a 95 79 0.8815292552854427
2.998200976534508 2
	a 79 88 0.9048916804545161
	a 88 79 0.9048916804545161
4.448401649766214 2
	a 80 94 0.8621896206202947
	a 94 80 0.8621896206202947
7.467630214922221 2
	a 80 151 0.7796415570499313
	a 151 80 0.7796415570499313
10.20471279228826 2
	a 81 171 0.7116585173551631
	a 171 81 0.7116585173551631
0.5413870400114591 2
	a 81 83 0.9821156235197208
	a 83 81 0.9821156235197208
1.237197924912628 2
	a 82 100 0.9595988649725263
	a 100 82 0.9595988649725263
0.1917896373478611 2
	a 82 85 0.9936274037579175
	a 85 82 0.9936274037579175
6.630914969794046 2
	a 82 91 0.801692229111537
	a 91 82 0.801692229111537
4.792798445982997 2
	a 83 124 0.8523483721713955
	a 124 83 0.8523483721713955
4.94452516930317 2
	a 83 117 0.848048454023941
	a 117 83 0.848048454023941
0.4498654971040983 2
	a 84 92 0.9851163562932524
	a 92 84 0.9851163562932524
5.880092002334703 2
	a 84 95 0.8220097137805605
	a 95 84 0.8220097137805605
1.126737926931244 2
	a 85 100 0.9631386206197394
	a 100 85 0.9631386206197394
7.401572816973405 2
	a 86 127 0.7813601515399438
	a 127 86 0.7813601515399438
6.088447687024834 2
	a 86 141 0.8163204798285713
	a 141 86 0.8163204798285713
7.934368255490252 2
	a 86 93 0.7676058130559799
	a 93 86 0.7676058130559799
1.28340913278765 2
	a 87 101 0.9581218620785064
	a 101 87 0.9581218620785064
10.96751505178616 2
	a 87 132 0.6937914728250675
	a 132 87 0.6937914728250675
0.3981115513613038 2
	a 88 95 0.986817278310307
	a 95 88 0.986817278310307
0.1356157527182506 2
	a 89 91 0.9954896771040572
	a 91 89 0.9954896771040572
6.919941070197217 2
	a 90 150 0.7940056496438044
	a 150 90 0.7940056496438044
3.769985144183868 2
	a 90 109 0.8819092040989802
	a 109 90 0.8819092040989802
7.306200193536104 2
	a 90 133 0.7838481164235631
	a 133 90 0.7838481164235631
2.159927619420729 2
	a 90 94 0.9305331408927563
	a 94 90 0.9305331408927563
7.33123948598506 2
	a 90 151 0.7831941559658899
	a 151 90 0.7831941559658899
0.6780787635912512 2
	a 91 99 0.9776509001783111
	a 99 91 0.9776509001783111
1.40114626753937 2
	a 92 103 0.9543690136296223
	a 103 92 0.9543690136296223
1.488143266609318 2
	a 92 100 0.9516054479253001
	a 100 92 0.9516054479253001
14.21755254633372 2
	a 93 190 0.6225580398945718
	a 190 93 0.6225580398945718
15.74719009247384 2
	a 93 160 0.5916107741573968
	a 160 93 0.5916107741573968
7.768928673005575 2
	a 93 127 0.7718505860305003
	a 127 93 0.7718505860305003
7.3679099719585 2
	a 93 102 0.7822374038174263
	a 102 93 0.7822374038174263
2.211714673489286 2
	a 94 109 0.9289282075348095
	a 109 94 0.9289282075348095
2.340910778800588 2
	a 95 111 0.9249363457034322
	a 111 95 0.9249363457034322
0.1356157527182506 2
	a 96 98 0.9954896771040572
	a 98 96 0.9954896771040572
4.339704086984006 2
	a 96 103 0.8653192172024627
	a 103 96 0.8653192172024627
5.014211540822649 2
	a 97 136 0.8460808262016156
	a 136 97 0.8460808262016156
5.822623764796948 2
	a 97 118 0.8235858712647854
	a 118 97 0.8235858712647854
6.154604107075759 2
	a 97 121 0.8145223018888728
	a 121 97 0.8145223018888728
6.814524084116939 2
	a 98 155 0.7968006134628115
	a 155 98 0.7968006134628115
1.469582609899217 2
	a 98 103 0.9521943774899192
	a 103 98 0.9521943774899192
1.850212160603866 2
	a 99 110 0.9401895842450283
	a 110 99 0.9401895842450283
0.6634204275629935 2
	a 100 103 0.9781287080803897
	a 103 100 0.9781287080803897
3.282289094916528 2
	a 100 108 0.8963631592173964
	a 108 100 0.8963631592173964
11.72077695102449 2
	a 101 181 0.6765881309171996
	a 181 101 0.6765881309171996
11.08830876218052 2
	a 101 179 0.6910035677401825
	a 179 101 0.6910035677401825
6.636302685294886 2
	a 102 160 0.8015482657174979
	a 160 102 0.8015482657174979
6.902659116337397 2
	a 102 106 0.7944631803816228
	a 106 102 0.7944631803816228
6.696444921916338 2
	a 103 155 0.7999429784991859
	a 155 103 0.7999429784991859
3.976478670891326 2
	a 103 107 0.8758597627644057
	a 107 103 0.8758597627644057
0.8272569866452942 2
	a 103 108 0.9728014931344119
	a 108 103 0.9728014931344119
9.982745915042909 2
	a 104 174 0.7169435321744368
	a 174 104 0.7169435321744368
4.435990511965748 2
	a 104 146 0.8625463862193782
	a 146 104 0.8625463862193782
0.5488408072586609 2
	a 105 109 0.9818716384555221
	a 109 105 0.9818716384555221
0.6780787635912512 2
	a 106 112 0.9776509001783111
	a 112 106 0.9776509001783111
11.05640421608433 2
	a 107 185 0.6917388304806038
	a 185 107 0.6917388304806038
8.030976162134344 2
	a 107 166 0.7651378958363915
	a 166 107 0.7651378958363915
9.222094516862587 2
	a 107 138 0.7353540827287498
	a 138 107 0.7353540827287498
10.33738095470328 2
	a 107 134 0.7085183182879484
	a 134 107 0.7085183182879484
0.2701555345749592 2
	a 108 110 0.9910352407514
	a 110 108 0.9910352407514
4.404659814886136 2
	a 109 150 0.8634476627492853
	a 150 109 0.8634476627492853
0.4217785570495555 2
	a 110 114 0.9860390849711355
	a 114 110 0.9860390849711355
2.753101957609101 2
	a 111 134 0.9123148983246498
	a 134 111 0.9123148983246498
5.592261689310599 2
	a 112 160 0.8299343124274617
	a 160 112 0.8299343124274617
0.2756047834633315 2
	a 112 115 0.9908552438432273
	a 115 112 0.9908552438432273
0.9302638502529895 2
	a 113 120 0.9694670465676806
	a 120 113 0.9694670465676806
1.47883949707141 2
	a 114 125 0.9519006109510311
	a 125 114 0.9519006109510311
1.154824871506312 2
	a 115 116 0.9622373218958472
	a 116 115 0.9622373218958472
4.73510161453246 2
	a 115 160 0.8539892095297862
	a 160 115 0.8539892095297862
6.017192557683163 2
	a 116 156 0.8182616849755174
	a 156 116 0.8182616849755174
7.370797479962751 2
	a 116 175 0.7821621168818533
	a 175 116 0.7821621168818533
10.90407872661328 2
	a 117 189 0.6952600777085458
	a 189 117 0.6952600777085458
3.118687187250631 2
	a 117 124 0.9012647362861461
	a 124 117 0.9012647362861461
2.876470314986717 2
	a 117 134 0.9085709087509619
	a 134 117 0.9085709087509619
2.884971501458989 2
	a 118 142 0.9083134808694392
	a 142 118 0.9083134808694392
1.944064083921212 2
	a 118 136 0.9372528935158532
	a 136 118 0.9372528935158532
1.255322192733106 2
	a 119 126 0.9590193058306061
	a 126 119 0.9590193058306061
0.1917896373478611 2
	a 119 122 0.9936274037579175
	a 122 119 0.9936274037579175
0.99986533083179 2
	a 119 123 0.9672204422980087
	a 123 119 0.9672204422980087
1.200526638806247 2
	a 120 129 0.9607725730002534
	a 129 120 0.9607725730002534
8.451645558627142 2
	a 121 136 0.7544837649593588
	a 136 121 0.7544837649593588
6.500432978518095 2
	a 121 174 0.8051867029826949
	a 174 121 0.8051867029826949
0.4217785570495555 2
	a 122 126 0.9860390849711355
	a 126 122 0.9860390849711355
0.7241308354215087 2
	a 123 126 0.9761512898261859
	a 126 123 0.9761512898261859
1.094826392103268 2
	a 123 131 0.9641636734277614
	a 131 123 0.9641636734277614
1.69290710932188 2
	a 123 135 0.9451324174894826
	a 135 123 0.9451324174894826
10.76568016125188 2
	a 124 171 0.6984749207449146
	a 171 124 0.6984749207449146
4.60314040799531 2
	a 124 168 0.8577539316294237
	a 168 124 0.8577539316294237
3.463679390868148 2
	a 125 154 0.8909597916950798
	a 154 125 0.8909597916950798
1.4107841807304 2
	a 125 141 0.9540624586845724
	a 141 125 0.9540624586845724
0.5491773151464054 2
	a 126 128 0.9818606249322548
	a 128 126 0.9818606249322548
1.165489355260694 2
	a 126 131 0.96189532387708
	a 131 126 0.96189532387708
10.96228517945991 2
	a 127 190 0.6939124313955231
	a 190 127 0.6939124313955231
0.6623180749170225 2
	a 127 130 0.9781646501663815
	a 130 127 0.9781646501663815
2.118200225452055 2
	a 127 141 0.931828332198942
	a 141 127 0.931828332198942
4.185271621452946 2
	a 128 144 0.8697851480918919
	a 144 128 0.8697851480918919
2.671253212784895 2
	a 128 159 0.9148073578336982
	a 159 128 0.9148073578336982
2.010524034629345 2
	a 128 139 0.9351788656570947
	a 139 128 0.9351788656570947
2.634386264791015 2
	a 128 131 0.9159322540598311
	a 131 128 0.9159322540598311
3.697805716638496 2
	a 128 153 0.884033615437374
	a 153 128 0.884033615437374
0.754358709720538 2
	a 129 140 0.9751682192287419
	a 140 129 0.9751682192287419
1.766150822171435 2
	a 130 152 0.9428277317835341
	a 152 130 0.9428277317835341
0.9493102690277512 2
	a 130 141 0.9688517460642906
	a 141 130 0.9688517460642906
0.3002129760370238 2
	a 131 135 0.990042805211115
	a 135 131 0.990042805211115
3.806749191465107 2
	a 131 149 0.8808291143194379
	a 149 131 0.8808291143194379
7.463859043714304 2
	a 132 177 0.7797395686031895
	a 177 132 0.7797395686031895
0.6623180749170225 2
	a 132 142 0.9781646501663815
	a 142 132 0.9781646501663815
4.498956856227057 2
	a 133 161 0.8607379050175828
	a 161 133 0.8607379050175828
3.769073340711518 2
	a 133 169 0.8819360087688078
	a 169 133 0.8819360087688078
0.9212233289732074 2
	a 134 145 0.9697592401739961
	a 145 134 0.9697592401739961
0.3911042311720507 2
	a 134 138 0.9870478033865562
	a 138 134 0.9870478033865562
0.1356157527182506 2
	a 135 137 0.9954896771040572
	a 137 135 0.9954896771040572
2.032393751869971 2
	a 135 147 0.9344973775077826
	a 147 135 0.9344973775077826
2.883031292090099 2
	a 135 149 0.908372226713255
	a 149 135 0.908372226713255
11.41091846731428 2
	a 136 207 0.6836125638837963
	a 207 136 0.6836125638837963
3.074445979004846 2
	a 136 142 0.9025948181483268
	a 142 136 0.9025948181483268
7.738562750911326 2
	a 136 158 0.7726322467200166
	a 158 136 0.7726322467200166
0.7269919299976549 2
	a 137 147 0.9760581988932618
	a 147 137 0.9760581988932618
3.700570939918522 2
	a 138 166 0.8839521341815384
	a 166 138 0.8839521341815384
0.4498654971040983 2
	a 138 145 0.9851163562932524
	a 145 138 0.9851163562932524
12.49696323765076 2
	a 139 217 0.6593073654822027
	a 217 139 0.6593073654822027
3.410152223953312 2
	a 139 153 0.892550895844077
	a 153 139 0.892550895844077
2.850782431159336 2
	a 140 165 0.9093492173868697
	a 165 140 0.9093492173868697
0.4068472581547501 2
	a 140 146 0.9865299685964932
	a 146 140 0.9865299685964932
2.413936864531231 2
	a 141 154 0.9226876010682319
	a 154 141 0.9226876010682319
1.075086642313258 2
	a 141 152 0.9647982938480059
	a 152 141 0.9647982938480059
11.06634426309032 2
	a 142 207 0.6915096712305675
	a 207 142 0.6915096712305675
7.887979689333831 2
	a 142 177 0.7687936689695436
	a 177 142 0.7687936689695436
1.392998929689093 2
	a 143 155 0.9546282343869431
	a 155 143 0.9546282343869431
10.14516269020737 2
	a 143 154 0.7130725649139718
	a 154 143 0.7130725649139718
1.935871965749386 2
	a 144 162 0.9375088646787151
	a 162 144 0.9375088646787151
4.332000289494044 2
	a 144 159 0.8655414538694627
	a 159 144 0.8655414538694627
8.207313966643744 2
	a 145 189 0.7606536631862955
	a 189 145 0.7606536631862955
3.312357851252894 2
	a 145 166 0.895465191791186
	a 166 145 0.895465191791186
9.235584866741085 2
	a 146 174 0.7350234842704487
	a 174 146 0.7350234842704487
2.364635760223127 2
	a 146 165 0.9242051649417449
	a 165 146 0.9242051649417449
0.1917896373478611 2
	a 147 149 0.9936274037579175
	a 149 147 0.9936274037579175
1.453744046139253 2
	a 148 162 0.9526972232628116
	a 162 148 0.9526972232628116
4.087840513628286 2
	a 148 172 0.8726145444769577
	a 172 148 0.8726145444769577
1.73006200572298 2
	a 149 164 0.9439625988119702
	a 164 149 0.9439625988119702
0.9589481822187813 2
	a 150 161 0.9685405390892792
	a 161 150 0.9685405390892792
7.07840895423036 2
	a 151 187 0.7898225609502024
	a 187 151 0.7898225609502024
10.08118722008904 2
	a 151 209 0.7145948258787257
	a 209 151 0.7145948258787257
6.770469971363605 2
	a 151 181 0.7979715511316422
	a 181 151 0.7979715511316422
0.2701555345749592 2
	a 152 154 0.9910352407514
	a 154 152 0.9910352407514
11.21677439132191 2
	a 153 217 0.68805088728241
	a 217 153 0.68805088728241
23.12561336826612 2
	a 153 184 0.4626179262095443
	a 184 153 0.4626179262095443
20.53412895246494 2
	a 154 198 0.5043569814623202
	a 198 154 0.5043569814623202
9.919603812766074 2
	a 154 211 0.7184540986837228
	a 211 154 0.7184540986837228
8.235787063513101 2
	a 155 197 0.7599320668273158
	a 197 155 0.7599320668273158
8.03800797000801 2
	a 155 198 0.7649585734305447
	a 198 155 0.7649585734305447
19.59098153789584 2
	a 156 244 0.5204649574747372
	a 244 156 0.5204649574747372
3.24075697859072 2
	a 156 175 0.8976049472204209
	a 175 156 0.8976049472204209
2.292841933467983 2
	a 157 172 0.9264195543930618
	a 172 157 0.9264195543930618
1.960778042844447 2
	a 157 170 0.9367308654031997
	a 170 157 0.9367308654031997
11.12413874692386 2
	a 157 217 0.6901787721354666
	a 217 157 0.6901787721354666
9.874221533576922 2
	a 158 207 0.719541757299792
	a 207 158 0.719541757299792
2.22352195954815 2
	a 158 173 0.9285626754360786
	a 173 158 0.9285626754360786
9.117513258337912 2
	a 158 178 0.7379220312974899
	a 178 158 0.7379220312974899
9.926653540001205 2
	a 158 174 0.7182852883380584
	a 174 158 0.7182852883380584
1.712188283485123 2
	a 159 170 0.944525170559318
	a 170 159 0.944525170559318
11.63873386430611 2
	a 159 217 0.6784409759377468
	a 217 159 0.6784409759377468
8.460519200202679 2
	a 160 204 0.7542606306777192
	a 204 160 0.7542606306777192
6.258739691552277 2
	a 160 175 0.81169984482727
	a 175 160 0.81169984482727
14.18069970237812 2
	a 160 190 0.6233232776280384
	a 190 160 0.6233232776280384
1.277257733339577 2
	a 161 164 0.9583183418980348
	a 164 161 0.9583183418980348
0.3282999206120918 2
	a 161 163 0.9891163297299831
	a 163 161 0.9891163297299831
1.027952275406858 2
	a 162 167 0.966315323832502
	a 167 162 0.966315323832502
3.395700091677062 2
	a 162 172 0.8929809748820795
	a 172 162 0.8929809748820795
1.161205967875288 2
	a 163 164 0.9620326726920289
	a 164 163 0.9620326726920289
4.089123524538977 2
	a 163 180 0.8725772261422476
	a 180 163 0.8725772261422476
3.965587442118924 2
	a 164 180 0.8761777934582904
	a 180 164 0.8761777934582904
10.85589375803215 2
	a 165 174 0.6963776778270634
	a 174 165 0.6963776778270634
1.126737926931244 2
	a 165 171 0.9631386206197394
	a 171 165 0.9631386206197394
4.442321638450371 2
	a 166 185 0.8623643757499084
	a 185 166 0.8623643757499084
6.917975631777798 2
	a 166 189 0.794057670321478
	a 189 166 0.794057670321478
4.058802247150524 2
	a 167 183 0.873459593846289
	a 183 167 0.873459593846289
7.076174549088572 2
	a 168 203 0.7898813892606561
	a 203 168 0.7898813892606561
7.294268638242501 2
	a 168 189 0.7841599293310986
	a 189 168 0.7841599293310986
6.641142847673602 2
	a 168 171 0.8014189553571491
	a 171 168 0.8014189553571491
6.039353577560628 2
	a 169 194 0.8176574577256716
	a 194 169 0.8176574577256716
5.730832780512087 2
	a 169 187 0.8261096555654984
	a 187 169 0.8261096555654984
0.487629339878578 2
	a 170 172 0.9838770771494869
	a 172 170 0.9838770771494869
1.881164616308095 2
	a 171 176 0.9392200452759041
	a 176 171 0.9392200452759041
2.68551096248225 2
	a 172 182 0.9143726913203425
	a 182 172 0.9143726913203425
13.52993173632704 2
	a 173 232 0.636992291624116
	a 232 173 0.636992291624116
9.919773902043135 2
	a 173 229 0.7184500253173285
	a 229 173 0.7184500253173285
9.597191699784021 2
	a 173 207 0.7262170150719399
	a 207 173 0.7262170150719399
1.504934540073178 2
	a 174 178 0.9510729747107298
	a 178 174 0.9510729747107298
7.746530311999279 2
	a 175 218 0.7724270741458308
	a 218 175 0.7724270741458308
6.555113729189753 2
	a 175 204 0.803720432556428
	a 204 175 0.803720432556428
7.187742387633389 2
	a 176 178 0.7869493327165867
	a 178 176 0.7869493327165867
3.538646752811601 2
	a 176 193 0.8887361410332543
	a 193 176 0.8887361410332543
6.636302685294886 2
	a 176 216 0.8015482657174979
	a 216 176 0.8015482657174979
3.845225437350192 2
	a 176 192 0.879700138533849
	a 192 176 0.879700138533849
2.916585594777055 2
	a 177 179 0.9073568014622975
	a 179 177 0.9073568014622975
5.242478384573175 2
	a 177 207 0.8396675162517917
	a 207 177 0.8396675162517917
22.46879436746501 2
	a 178 266 0.4728581582799405
	a 266 178 0.4728581582799405
2.590874140393419 2
	a 178 192 0.9172616898756637
	a 192 178 0.9172616898756637
3.621229585705272 2
	a 179 191 0.8862930269566599
	a 191 179 0.8862930269566599
1.396249630240699 2
	a 179 186 0.9545247996400308
	a 186 179 0.9545247996400308
12.31361889500295 2
	a 180 184 0.6633490457401666
	a 184 180 0.6633490457401666
9.552221014404369 2
	a 180 242 0.7273064473065802
	a 242 180 0.7273064473065802
13.10150922793606 2
	a 180 194 0.6461542838248375
	a 194 180 0.6461542838248375
1.248857222541599 2
	a 181 186 0.9592259958080578
	a 186 181 0.9592259958080578
0.6027356872459425 2
	a 182 183 0.9801092934817696
	a 183 182 0.9801092934817696
1.754926729054513 2
	a 182 188 0.943180543987861
	a 188 182 0.943180543987861
1.330050418899266 2
	a 183 188 0.9566334182306084
	a 188 183 0.9566334182306084
18.95733029599199 2
	a 184 217 0.5315749847028517
	a 217 184 0.5315749847028517
6.559780868470625 2
	a 184 202 0.8035954064418642
	a 202 184 0.8035954064418642
7.187803568419963 2
	a 184 233 0.7869477278455841
	a 233 184 0.7869477278455841
9.566217604326184 2
	a 184 242 0.7269671994482718
	a 242 184 0.7269671994482718
1.844573659932574 2
	a 185 196 0.9403663095056632
	a 196 185 0.9403663095056632
0.8678838813832842 2
	a 186 191 0.9714849879654753
	a 191 186 0.9714849879654753
1.097840144811725 2
	a 187 194 0.9640668199299781
	a 194 187 0.9640668199299781
5.927326774623891 2
	a 187 209 0.820716484082897
	a 209 187 0.820716484082897
8.181963051797664 2
	a 187 243 0.7612967103867035
	a 243 187 0.7612967103867035
3.98727349042512 2
	a 188 201 0.8755446611896843
	a 201 188 0.8755446611896843
2.603710727412789 2
	a 188 208 0.9168692901828099
	a 208 188 0.9168692901828099
10.88108583970864 2
	a 188 219 0.6957931498414411
	a 219 188 0.6957931498414411
6.036834523994938 2
	a 189 200 0.8177261180394279
	a 200 189 0.8177261180394279
1.654092624187943 2
	a 189 203 0.9463560364934274
	a 203 189 0.9463560364934274
5.95075392577136 2
	a 190 211 0.820075832622036
	a 211 190 0.820075832622036
4.668536186412387 2
	a 190 221 0.8558861852128907
	a 221 190 0.8558861852128907
7.139179051102172 2
	a 190 204 0.7882242605265765
	a 204 190 0.7882242605265765
2.497112962096743 2
	a 191 209 0.9201329589930276
	a 209 191 0.9201329589930276
1.277257733339577 2
	a 192 195 0.9583183418980348
	a 195 192 0.9583183418980348
0.1917896373478611 2
	a 192 193 0.9936274037579175
	a 193 192 0.9936274037579175
0.2701555345749592 2
	a 193 195 0.9910352407514
	a 195 193 0.9910352407514
5.4779905767616 2
	a 193 216 0.8331015913135111
	a 216 193 0.8331015913135111
12.78784165937401 2
	a 194 242 0.6529456472342832
	a 242 194 0.6529456472342832
10.20867186364209 2
	a 194 254 0.7115646066569596
	a 254 194 0.7115646066569596
8.218256205021268 2
	a 194 243 0.7603762719872038
	a 243 194 0.7603762719872038
5.619252194086516 2
	a 195 234 0.8291879700130037
	a 234 195 0.8291879700130037
21.47635825742918 2
	a 196 272 0.4887624921705451
	a 272 196 0.4887624921705451
0.487629339878578 2
	a 196 200 0.9838770771494869
	a 200 196 0.9838770771494869
16.5629315974754 2
	a 196 197 0.5757407997989424
	a 197 196 0.5757407997989424
12.30787715005911 2
	a 197 272 0.6634760172580595
	a 272 197 0.6634760172580595
8.42758590917057 2
	a 197 205 0.7550890948241729
	a 205 197 0.7550890948241729
4.423476776327825 2
	a 198 227 0.8629062505166916
	a 227 198 0.8629062505166916
1.084926021746002 2
	a 198 205 0.9644819118512427
	a 205 198 0.9644819118512427
7.759577578090493 2
	a 198 199 0.7720912118001333
	a 199 198 0.7720912118001333
6.665909349035965 2
	a 199 225 0.8007576169237071
	a 225 199 0.8007576169237071
7.789134163454619 2
	a 199 227 0.7713309070681461
	a 227 199 0.7713309070681461
1.574909167395583 2
	a 199 211 0.9488571939571236
	a 211 199 0.9488571939571236
0.9444385488633793 2
	a 200 206 0.9690090913258991
	a 206 200 0.9690090913258991
1.654092624187943 2
	a 201 212 0.9463560364934274
	a 212 201 0.9463560364934274
1.813689595252441 2
	a 201 208 0.9413348857771847
	a 208 201 0.9413348857771847
6.269462268574598 2
	a 202 236 0.811409779530977
	a 236 202 0.811409779530977
8.390141672040521 2
	a 202 246 0.7560321410665611
	a 246 202 0.7560321410665611
7.275214670190836 2
	a 202 233 0.7846581328015968
	a 233 202 0.7846581328015968
10.37440966968752 2
	a 202 259 0.7076443403412767
	a 259 202 0.7076443403412767
4.889158288812737 2
	a 203 237 0.8496150257625877
	a 237 203 0.8496150257625877
2.309439321610708 2
	a 204 215 0.9259071579825908
	a 215 204 0.9259071579825908
3.129053131007503 2
	a 204 221 0.9009533747629648
	a 221 204 0.9009533747629648
1.511850541135075 2
	a 204 213 0.9508537459247081
	a 213 204 0.9508537459247081
16.94370584114714 2
	a 205 263 0.5684794042358391
	a 263 205 0.5684794042358391
14.56588259266502 2
	a 205 272 0.6153713207751166
	a 272 205 0.6153713207751166
2.986208086756475 2
	a 205 227 0.9052534949758839
	a 227 205 0.9052534949758839
2.590874140393419 2
	a 206 222 0.9172616898756637
	a 222 206 0.9172616898756637
3.32237792511456 2
	a 207 232 0.895166154154876
	a 232 207 0.895166154154876
0.3897640175368631 2
	a 208 212 0.9870918995356759
	a 212 208 0.9870918995356759
10.20077089892977 2
	a 208 261 0.7117520328982693
	a 261 208 0.7117520328982693
2.233139494212072 2
	a 209 223 0.9282650403566016
	a 223 209 0.9282650403566016
6.620597106342037 2
	a 209 232 0.8019680015635441
	a 232 209 0.8019680015635441
6.80286492210372 2
	a 210 244 0.7971103412265025
	a 244 210 0.7971103412265025
3.05933881812244 2
	a 210 230 0.9030494541140104
	a 230 210 0.9030494541140104
1.946413278756623 2
	a 210 218 0.9371795034007879
	a 218 210 0.9371795034007879
3.613922378402033 2
	a 211 235 0.8865089308124759
	a 235 211 0.8865089308124759
9.098803767859726 2
	a 212 262 0.7383823796712347
	a 262 212 0.7383823796712347
0.4217785570495555 2
	a 213 215 0.9860390849711355
	a 215 213 0.9860390849711355
12.45395023798999 2
	a 214 293 0.6602533363871822
	a 293 214 0.6602533363871822
13.358074594918 2
	a 214 321 0.6406518193605699
	a 321 214 0.6406518193605699
14.07536253068885 2
	a 214 263 0.6255157615802368
	a 263 214 0.6255157615802368
2.997057921080623 2
	a 214 227 0.9049261591570471
	a 227 214 0.9049261591570471
2.897691477013118 2
	a 215 224 0.9079284383283313
	a 224 215 0.9079284383283313
2.637735182791266 2
	a 215 218 0.915830013699426
	a 218 215 0.915830013699426
0.9493102690277512 2
	a 215 221 0.9688517460642906
	a 221 215 0.9688517460642906
7.663108243622532 2
	a 216 234 0.7745779787815849
	a 234 216 0.7745779787815849
5.688293857358622 2
	a 216 252 0.8272818802938652
	a 252 216 0.8272818802938652
4.502619109903435 2
	a 216 237 0.8606328367455894
	a 237 216 0.8606328367455894
4.699843304433126 2
	a 217 219 0.8549934734373632
	a 219 217 0.8549934734373632
0.5488408072586609 2
	a 217 220 0.9818716384555221
	a 220 217 0.9818716384555221
1.208722079564016 2
	a 218 228 0.9605101436904928
	a 228 218 0.9605101436904928
2.373470620213911 2
	a 218 224 0.9239330309069793
	a 224 218 0.9239330309069793
7.839966419336686 2
	a 219 261 0.7700250640284356
	a 261 219 0.7700250640284356
0.1917896373478611 2
	a 219 220 0.9936274037579175
	a 220 219 0.9936274037579175
7.575454841706805 2
	a 220 261 0.776844434708407
	a 261 220 0.776844434708407
0.572507812946912 2
	a 220 226 0.9810973451939815
	a 226 220 0.9810973451939815
1.622723222372507 2
	a 221 235 0.947346108128107
	a 235 221 0.947346108128107
3.257202196817841 2
	a 221 224 0.8971130384172398
	a 224 221 0.8971130384172398
1.077585909540628 2
	a 222 231 0.9647179209040488
	a 231 222 0.9647179209040488
2.726704039426264 2
	a 223 243 0.9131180254223183
	a 243 223 0.9131180254223183
4.602951282787096 2
	a 223 232 0.8577593390761656
	a 232 223 0.8577593390761656
2.500368558377023 2
	a 224 241 0.9200331116962117
	a 241 224 0.9200331116962117
2.277380856155709 2
	a 224 238 0.9268971255903805
	a 238 224 0.9268971255903805
1.085368784576001 2
	a 224 228 0.9644676773982586
	a 228 224 0.9644676773982586
3.035586487523105 2
	a 224 235 0.9037647215371734
	a 235 224 0.9037647215371734
15.08311997504483 2
	a 225 321 0.6048524918307503
	a 321 225 0.6048524918307503
2.1739616031261 2
	a 225 240 0.9300979397962246
	a 240 225 0.9300979397962246
14.96788200354839 2
	a 225 227 0.6071803590871619
	a 227 225 0.6071803590871619
1.465260119971778 2
	a 226 236 0.9523315823943176
	a 236 226 0.9523315823943176
11.77599478076164 2
	a 227 321 0.6753439520089307
	a 321 227 0.6753439520089307
0.4643613518990246 2
	a 228 230 0.9846404678207836
	a 230 228 0.9846404678207836
6.913649407896633 2
	a 229 266 0.794172187620283
	a 266 229 0.794172187620283
4.324686857427754 2
	a 229 243 0.8657524822115561
	a 243 229 0.8657524822115561
6.696778694886402 2
	a 229 232 0.7999340785705681
	a 232 229 0.7999340785705681
2.11597334246402 2
	a 230 245 0.931897503854888
	a 245 230 0.931897503854888
9.005526891498107 2
	a 230 244 0.7406817525219981
	a 244 230 0.7406817525219981
3.718996080327456 2
	a 231 252 0.8834094027907309
	a 252 231 0.8834094027907309
3.141585093402591 2
	a 231 237 0.9005770962331677
	a 237 231 0.9005770962331677
1.663134424776323 2
	a 232 243 0.9460708540527127
	a 243 232 0.9460708540527127
5.152182423825755 2
	a 233 255 0.8421986096357256
	a 255 233 0.8421986096357256
8.305774619537262 2
	a 233 242 0.7581612735852451
	a 242 233 0.7581612735852451
7.325134792602226 2
	a 233 258 0.7833535441883237
	a 258 233 0.7833535441883237
7.921809301039852 2
	a 233 260 0.7679272245425572
	a 260 233 0.7679272245425572
22.74728681263045 2
	a 234 266 0.4684888889746102
	a 266 234 0.4684888889746102
8.013107923293422 2
	a 234 278 0.7655937538015334
	a 278 234 0.7655937538015334
5.198606878430876 2
	a 234 252 0.8408963304848772
	a 252 234 0.8408963304848772
0.7952454894459889 2
	a 235 240 0.9738400748875814
	a 240 235 0.9738400748875814
0.2822352093936812 2
	a 235 238 0.9906362749650008
	a 238 235 0.9906362749650008
0.1917896373478611 2
	a 236 239 0.9936274037579175
	a 239 236 0.9936274037579175
2.996265952207897 2
	a 237 252 0.9049500485840459
	a 252 237 0.9049500485840459
1.607365362209627 2
	a 238 240 0.9478312059203965
	a 240 238 0.9478312059203965
0.754358709720538 2
	a 238 241 0.9751682192287419
	a 241 238 0.9751682192287419
2.40050642517176 2
	a 239 248 0.9231007635396862
	a 248 239 0.9231007635396862
1.813689595252441 2
	a 240 247 0.9413348857771847
	a 247 240 0.9413348857771847
2.848160219211078 2
	a 240 253 0.9094287044067817
	a 253 240 0.9094287044067817
2.514720976910826 2
	a 240 245 0.9195930602918365
	a 245 240 0.9195930602918365
0.9493102690277512 2
	a 240 241 0.9688517460642906
	a 241 240 0.9688517460642906
0.487629339878578 2
	a 241 245 0.9838770771494869
	a 245 241 0.9838770771494869
6.766042871965043 2
	a 242 260 0.7980893164665454
	a 260 242 0.7980893164665454
6.634261216163968 2
	a 242 276 0.8016028121081031
	a 276 242 0.8016028121081031
7.642448946700696 2
	a 242 254 0.7751115703693741
	a 254 242 0.7751115703693741
1.736200693454497 2
	a 243 250 0.9437694621852569
	a 250 243 0.9437694621852569
18.23978024209428 2
	a 244 251 0.5444426464104686
	a 251 244 0.5444426464104686
8.28301988293545 2
	a 244 312 0.758736550398275
	a 312 244 0.758736550398275
8.916381847397705 2
	a 244 279 0.742885962723458
	a 279 244 0.742885962723458
6.332159501456738 2
	a 244 245 0.8097157787032896
	a 245 244 0.8097157787032896
1.881164616308095 2
	a 245 253 0.9392200452759041
	a 253 245 0.9392200452759041
0.8678838813832842 2
	a 246 249 0.9714849879654753
	a 249 246 0.9714849879654753
15.93578573473683 2
	a 246 259 0.5879032662341259
	a 259 246 0.5879032662341259
6.22557773879951 2
	a 247 287 0.812597592650491
	a 287 247 0.812597592650491
0.8546955794297674 2
	a 247 253 0.9719121564311943
