3.250862265857187 1
	a 85 67 0.9838770771494869
25.23930115283327 1
	a 252 227 0.8814416214046986
89.30318231459525 1
	a 133 388 0.6398535790273366
35.79804684179879 1
	a 357 380 0.8361140646723781
4.827538902810058 1
	a 473 459 0.9761512898261859
19.22020861393399 1
	a 282 202 0.908372226713255
1.278597582319074 1
	a 26 19 0.9936274037579175
24.93753609217742 1
	a 287 255 0.8827725666558762
2.712315054365001 1
	a 6 26 0.9865299685964932
14.39939836203714 1
	a 44 5 0.9305336950289786
39.16307795236582 1
	a 360 478 0.8221640005609467
13.93606783602243 1
	a 470 426 0.9326919173213715
15.60607185867059 1
	a 285 334 0.9249363457034322
4.654109560445545 1
	a 344 358 0.9769981233187751
6.379413648716464 1
	a 366 391 0.9686062772936068
14.38850965270406 1
	a 393 378 0.9305843579627501
57.04900202168391 1
	a 33 56 0.7518300257952457
1.010820149830644 1
	a 185 178 0.9949586497282615
2.908496078963211 1
	a 391 401 0.9855627507483367
11.59960412528657 1
	a 204 250 0.9436518152744097
13.78463648381167 1
	a 488 484 0.9333983787298171
89.30318231459525 1
	a 388 133 0.6398535790273366
4.827538902810058 1
	a 47 15 0.9761512898261859
7.514058786218862 1
	a 447 420 0.9631267133784222
12.37730775780317 1
	a 240 180 0.9399895330916023
17.49444668688189 1
	a 258 254 0.9162443122554701
9.918524575071732 1
	a 162 104 0.9516170125504337
9.068967346924076 1
	a 102 122 0.9556678756165912
46.01261023798357 1
	a 452 346 0.7944835077935486
12.88787138200595 1
	a 40 120 0.9375929710729461
7.04559387794306 1
	a 269 292 0.9653853128694873
48.88050184552009 1
	a 181 351 0.7831723367197031
23.64834893873893 1
	a 264 339 0.8884812410254175
22.34761618339802 1
	a 58 108 0.8942784554215656
9.234459581471329 1
	a 48 99 0.9548774246343368
43.10929923143613 1
	a 212 55 0.8061007887977728
13.47070813670503 1
	a 457 417 0.9348646302246781
13.41576892953184 1
	a 251 279 0.9351214691073686
34.8391681279959 1
	a 34 219 0.8401323494893564
1.80821003624333 1
	a 393 384 0.9909996972207403
0.9041050181216709 1
	a 81 76 0.9954896771040572
10.3039895687269 1
	a 356 326 0.9497847036164766
34.8450948980317 1
	a 328 218 0.8401074535020651
27.26082349692651 1
	a 372 457 0.8725772261422476
26.2537826567558 1
	a 445 355 0.8769819105936183
41.12114927204546 1
	a 176 24 0.8141539961931772
34.92176918161937 1
	a 271 85 0.8397854420453337
39.75593713310646 1
	a 426 428 0.8197304718135218
10.26624990473429 1
	a 424 440 0.9499639433049578
20.26403031472561 1
	a 226 106 0.9036436836232137
22.8521275477885 1
	a 251 328 0.8920254300900484
7.048545600006224 1
	a 108 152 0.9653710652289879
9.286659531260621 1
	a 301 297 0.9546282343869431
1.801036897166395 1
	a 26 27 0.9910352407514
80.39607673838132 1
	a 264 434 0.6689938687514754
3.43344802220322 1
	a 383 398 0.9829792773240782
16.57515128802459 1
	a 444 478 0.9204655020267692
18.94477066949018 1
	a 423 424 0.9096240894362094
32.95959316488382 1
	a 125 33 0.8480650248991481
13.40349356419563 1
	a 82 61 0.9351788656570947
2.712315054365001 1
	a 160 149 0.9865299685964932
3.012239990077456 1
	a 225 208 0.9850516526460312
15.97642109039095 1
	a 362 313 0.9232251831865929
7.769929035071291 1
	a 141 182 0.96189532387708
4.333278823578047 1
	a 179 205 0.9785666361893822
35.5479136516125 1
	a 336 373 0.8371604182471638
8.68165662287441 1
	a 348 353 0.9575203708501052
0.9041050181216709 1
	a 211 215 0.9954896771040572
14.41173092708418 1
	a 92 179 0.9304763174614163
2.712315054365001 1
	a 422 431 0.9865299685964932
16.66912372251349 1
	a 468 454 0.9200331116962117
9.473905798290895 1
	a 92 34 0.9537348997696734
2.001419840246826 1
	a 222 210 0.990042805211115
33.70380938040271 1
	a 295 221 0.8449151702492169
26.41471799105388 1
	a 258 176 0.8762765075575907
3.529586029305191 1
	a 471 473 0.9825068825271878
61.48063011241724 1
	a 117 197 0.7353540827287498
16.81041412051481 1
	a 323 283 0.9193833820020216
39.20061334889802 1
	a 334 201 0.8220097137805605
19.54712250086858 1
	a 399 384 0.9068886420775357
27.19990499121598 1
	a 252 152 0.8728430471274036
30.68347141208844 1
	a 119 196 0.8577716500403091
4.520525090608341 1
	a 488 486 0.9776509001783111
14.71046539758244 1
	a 87 60 0.9290875281676677
53.95690361069229 1
	a 222 362 0.7635440065603111
1.278597582319074 1
	a 437 442 0.9936274037579175
20.43963933374148 1
	a 99 224 0.9028505919551871
34.36773230049371 1
	a 199 251 0.8421150277822466
68.99012657375683 1
	a 83 303 0.7082553171379403
84.46310802584578 1
	a 243 344 0.6555271616307462
38.73369036159379 1
	a 241 365 0.8239310318325622
24.02634286057686 1
	a 455 386 0.8868036243032232
5.456756486033439 1
	a 124 89 0.9730850578956706
59.28246186139968 1
	a 445 483 0.7434808207540368
8.518002373555337 1
	a 424 451 0.9583042028874746
4.422802850419957 1
	a 262 244 0.9781287080803897
0.9041050181216709 1
	a 402 403 0.9954896771040572
7.769929035071291 1
	a 245 271 0.96189532387708
4.515512129651196 1
	a 322 331 0.9776754051143772
9.024851030238651 1
	a 405 433 0.9558787016011351
18.24273227908735 1
	a 353 298 0.9128226550997858
80.20967906432107 1
	a 461 455 0.6696176538920511
2.001419840246826 1
	a 164 155 0.990042805211115
4.654109560445545 1
	a 266 247 0.9769981233187751
27.38069567718537 1
	a 221 225 0.8720543941677114
3.835792746957224 1
	a 430 419 0.981003782431322
6.201759001686598 1
	a 364 383 0.9694670465676806
4.654109560445545 1
	a 358 344 0.9769981233187751
65.58822147975201 1
	a 354 455 0.7204054450066247
17.58440420194315 1
	a 16 122 0.9158322896161508
7.364212149283868 1
	a 269 291 0.9638485902664232
24.14560389598029 1
	a 41 161 0.8862749763444756
17.49444668688189 1
	a 254 258 0.9162443122554701
10.3039895687269 1
	a 342 312 0.9497847036164766
36.61110920787961 1
	a 444 431 0.832721900048975
4.515512129651196 1
	a 433 444 0.9776754051143772
20.43963933374148 1
	a 499 496 0.9028505919551871
2.712315054365001 1
	a 474 470 0.9865299685964932
7.268194689517649 1
	a 234 267 0.9643114328261337
63.81746501853672 1
	a 264 438 0.7268120776030021
24.85119427390465 1
	a 230 129 0.8831537498727181
31.732137699346 1
	a 395 447 0.8532858395552462
2.767965249724438 1
	a 122 140 0.9862555038559035
35.55365345273054 1
	a 92 101 0.8371363929203939
43.44790202091851 1
	a 311 380 0.8047372035294607
1.010820149830644 1
	a 0 6 0.9949586497282615
5.51072426250149 1
	a 360 350 0.9728225171346718
19.22020861393399 1
	a 221 220 0.908372226713255
12.84686045509993 1
	a 339 386 0.9377852485699898
10.95597534916899 1
	a 405 365 0.946693514276556
19.69142763705283 1
	a 401 350 0.906234534638576
27.67506663549785 1
	a 51 98 0.8707718008562544
7.769929035071291 1
	a 316 287 0.96189532387708
25.94819383460997 1
	a 122 97 0.8783229141674886
4.333278823578047 1
	a 205 179 0.9785666361893822
4.003965020009698 1
	a 453 446 0.9801792409626143
6.837268101046925 1
	a 152 113 0.9663914099949715
15.03384691607438 1
	a 160 73 0.9275864933336478
17.42653257818314 1
	a 384 362 0.9165554946657557
9.520594685531725 1
	a 158 102 0.9535122816492002
2.811857046997037 1
	a 9 28 0.9860390849711355
5.835890966488555 1
	a 467 451 0.971242154728572
42.03215469089693 1
	a 396 478 0.810453936016283
28.69451336363256 1
	a 208 33 0.8663445664492762
10.71378396814606 1
	a 103 45 0.9478406137285205
11.53374670481987 1
	a 94 162 0.9439625988119702
53.17214657273996 1
	a 145 333 0.7665458747164716
17.04337654819692 1
	a 61 36 0.9183130965405737
42.49990173978833 1
	a 475 428 0.8085607135680892
11.97381780322271 1
	a 386 342 0.941887828976114
5.256394638736764 1
	a 367 348 0.9740603919623205
6.037725480312412 1
	a 316 330 0.9702624981924419
19.98800651023005 1
	a 300 343 0.9048916804545161
32.38878076583108 1
	a 174 20 0.850488912373437
12.50139987837095 1
	a 72 139 0.9394064875163473
18.93551064507357 1
	a 265 327 0.9096662061175962
20.3885511016193 1
	a 295 220 0.9030812466163474
84.46310802584578 1
	a 344 243 0.6555271616307462
13.67787096331635 1
	a 95 10 0.9338967855683178
28.5488238919814 1
	a 410 446 0.8669758827724828
14.33472155203995 1
	a 280 230 0.9308346634454954
47.21551566599616 1
	a 173 84 0.7897194064436134
31.40128149261672 1
	a 266 366 0.854698582350526
60.33000398447768 1
	a 294 222 0.7395968637674472
23.5938308034095 1
	a 223 266 0.8887234657406965
10.59323099680855 1
	a 195 249 0.9484121109621378
13.54537612084699 1
	a 229 205 0.934515673081625
34.47956388304757 1
	a 202 199 0.8416442841232863
40.76671237905453 1
	a 48 47 0.8155981064942798
6.037725480312412 1
	a 141 148 0.9702624981924419
52.33533864177902 1
	a 332 180 0.7697598520691527
84.06857196572281 1
	a 354 312 0.6568215834694774
8.68165662287441 1
	a 445 466 0.9575203708501052
40.96207530915868 1
	a 444 496 0.8148018072965973
9.286659531260621 1
	a 235 181 0.9546282343869431
6.392987881458542 1
	a 324 339 0.9685405390892792
18.25157593300628 1
	a 472 448 0.9127822925539181
4.520525090608341 1
	a 88 61 0.9776509001783111
2.811857046997037 1
	a 182 164 0.9860390849711355
16.49253531666832 1
	a 261 181 0.9208458063271339
31.91053669603727 1
	a 12 206 0.8525250522265926
5.424630108730006 1
	a 472 457 0.973241378938998
6.328735126851674 1
	a 433 413 0.9688517460642906
18.09237925293171 1
	a 452 487 0.9135091413483557
64.22696308246776 1
	a 399 133 0.7253254593474973
16.37141770161017 1
	a 231 185 0.9214036284547936
21.20082427442982 1
	a 17 47 0.8994209412198679
3.835792746957224 1
	a 342 339 0.981003782431322
7.884859769079934 1
	a 224 200 0.9613427259904254
2.654077009075358 1
	a 361 351 0.986817278310307
0.9041050181216709 1
	a 337 335 0.9954896771040572
17.42653257818314 1
	a 362 384 0.9165554946657557
26.08099191390242 1
	a 3 7 0.8777399097635711
2.607361541147005 1
	a 493 492 0.9870478033865562
18.94477066949018 1
	a 424 423 0.9096240894362094
6.20574161442825 1
	a 358 337 0.9694477417008294
13.83619955188936 1
	a 5 28 0.9331577653273327
15.59089528060488 1
	a 257 256 0.9250065352097717
42.33526572283009 1
	a 268 401 0.8092265786706883
3.250862265857187 1
	a 119 142 0.9838770771494869
18.59428794006968 1
	a 306 355 0.9112195246271791
3.835792746957224 1
	a 341 353 0.981003782431322
2.712315054365001 1
	a 153 163 0.9865299685964932
10.48707414994827 1
	a 191 246 0.9489156467808723
10.3039895687269 1
	a 166 111 0.9497847036164766
70.50469086445955 1
	a 60 115 0.7029120832908303
9.945155199338348 1
	a 368 343 0.9514903102104922
30.68098590684627 1
	a 34 179 0.8577823100862118
22.60262545304169 1
	a 478 481 0.8931389355673849
17.28122246899758 1
	a 161 57 0.9172216605330611
7.511586179541625 1
	a 240 244 0.9631386206197394
6.472161925010818 1
	a 256 274 0.9681571986167036
9.286659531260621 1
	a 87 80 0.9546282343869431
6.379413648716464 1
	a 391 366 0.9686062772936068
1.801036897166395 1
	a 283 293 0.9910352407514
2.712315054365001 1
	a 175 193 0.9865299685964932
5.515046577635295 1
	a 465 478 0.9728014931344119
44.64296614610892 1
	a 1 262 0.7999429784991859
30.4568694536193 1
	a 22 122 0.8587440644929248
7.511586179541625 1
	a 244 240 0.9631386206197394
5.51072426250149 1
	a 350 360 0.9728225171346718
44.64296614610892 1
	a 262 1 0.7999429784991859
3.658938715057739 1
	a 72 52 0.9818716384555221
2.654077009075358 1
	a 105 122 0.986817278310307
6.846711116319194 1
	a 297 321 0.9663457828279073
2.654077009075358 1
	a 74 87 0.986817278310307
38.78269894121645 1
	a 438 432 0.8237291581195465
41.11702962711988 1
	a 390 252 0.8141707664927911
3.012239990077456 1
	a 140 120 0.9850516526460312
49.6289460780194 1
	a 212 351 0.7802470096516886
38.55046024960133 1
	a 412 424 0.8246862225901423
13.63465661193385 1
	a 460 484 0.9340985960895423
37.56223660744644 1
	a 225 249 0.8287711785167564
23.00444329552797 1
	a 317 357 0.8913463411108014
4.84135585761266 1
	a 114 143 0.9760838549643137
15.23487038742331 1
	a 265 191 0.9266546284445556
12.20104531195387 1
	a 99 37 0.9408183225199648
1.278597582319074 1
	a 217 228 0.9936274037579175
72.90764399520661 1
	a 326 168 0.6945172910509746
53.95065892719527 1
	a 388 171 0.7635678473857902
3.816718752979413 1
	a 444 443 0.9810973451939815
40.76671237905453 1
	a 47 48 0.8155981064942798
46.62842289719796 1
	a 359 422 0.7920410050253842
23.09119593912098 1
	a 135 239 0.8909597916950798
26.8220462632151 1
	a 359 271 0.874493662702838
19.69142763705283 1
	a 350 401 0.906234534638576
1.278597582319074 1
	a 481 483 0.9936274037579175
14.71717934172068 1
	a 489 492 0.9290563394823501
3.012239990077456 1
	a 120 140 0.9850516526460312
6.037725480312412 1
	a 311 292 0.9702624981924419
7.167244282088387 1
	a 187 146 0.9647982938480059
57.17090331497177 1
	a 125 307 0.7513719201562171
13.45205027213022 1
	a 94 92 0.9349518471811529
3.538860127623241 1
	a 90 114 0.982461324256342
15.97642109039095 1
	a 313 362 0.9232251831865929
2.712315054365001 1
	a 431 422 0.9865299685964932
88.80514078598813 1
	a 296 109 0.6414489328569872
19.14801561727914 1
	a 14 69 0.9087001764645048
10.81871370340207 1
	a 337 304 0.9473434608319116
2.811857046997037 1
	a 496 493 0.9860390849711355
2.811857046997037 1
	a 493 496 0.9860390849711355
38.8994518084786 1
	a 38 53 0.8232484347424903
49.05365218107601 1
	a 441 311 0.7824945973745169
3.816718752979413 1
	a 171 154 0.9810973451939815
33.6582919721707 1
	a 345 362 0.8451074838760597
16.08728702851179 1
	a 96 182 0.9227135538751992
9.822161686914926 1
	a 425 432 0.9520756258435579
8.867002792661776 1
	a 137 84 0.9566334182306084
5.424630108730006 1
	a 72 104 0.973241378938998
10.95160288634351 1
	a 89 111 0.9467142114137903
28.99388646377879 1
	a 59 22 0.865048735240482
2.654077009075358 1
	a 184 165 0.986817278310307
6.392987881458542 1
	a 170 207 0.9685405390892792
26.56560883914796 1
	a 272 360 0.8756156463567538
2.712315054365001 1
	a 349 347 0.9865299685964932
49.28209176313129 1
	a 325 397 0.781601343913824
7.514058786218862 1
	a 420 447 0.9631267133784222
3.874612334257145 1
	a 466 470 0.9808133900994309
29.90303048108212 1
	a 222 70 0.8611253897998297
12.44694454820345 1
	a 126 125 0.939662300792954
10.01469458749134 1
	a 207 258 0.9511595374481356
3.529586029305191 1
	a 474 466 0.9825068825271878
33.89912981757099 1
	a 114 155 0.8440904270356635
41.11702962711988 1
	a 252 390 0.8141707664927911
30.72241974394293 1
	a 455 497 0.8576046224300482
3.529586029305191 1
	a 492 496 0.9825068825271878
0.9041050181216709 1
	a 188 196 0.9954896771040572
9.041050181216679 1
	a 463 467 0.9558012826194622
33.6582919721707 1
	a 362 345 0.8451074838760597
3.012239990077456 1
	a 3 26 0.9850516526460312
66.82432030981043 1
	a 310 438 0.7159667142719914
6.392987881458542 1
	a 101 62 0.9685405390892792
10.84926021746001 1
	a 77 79 0.9471987816790822
7.511586179541625 1
	a 421 446 0.9631386206197394
18.35401305072734 1
	a 285 209 0.9123148983246498
20.41404351794177 1
	a 491 474 0.9029661453364687
9.920955110728787 1
	a 244 216 0.9516054479253001
1.801036897166395 1
	a 377 384 0.9910352407514
76.90378335341096 1
	a 168 243 0.6807780683512553
43.26836638339843 1
	a 294 70 0.8054599228999947
3.250862265857187 1
	a 26 2 0.9838770771494869
5.256394638736764 1
	a 348 367 0.9740603919623205
18.15163975058635 1
	a 248 145 0.9132385064135962
70.50469086445955 1
	a 115 60 0.7029120832908303
22.66266580154813 1
	a 51 182 0.8928708539439028
3.658938715057739 1
	a 323 306 0.9818716384555221
41.320066028018 1
	a 138 137 0.8133446543800894
16.37141770161017 1
	a 185 231 0.9214036284547936
4.520525090608341 1
	a 121 100 0.9776509001783111
21.49066346661262 1
	a 225 206 0.8981184480365754
7.671585463777614 1
	a 450 426 0.9623684212895742
1.278597582319074 1
	a 23 29 0.9936274037579175
1.801036897166395 1
	a 22 30 0.9910352407514
3.816718752979413 1
	a 273 286 0.9810973451939815
29.74890784932709 1
	a 166 119 0.861789240109605
13.38938069582059 1
	a 478 448 0.9352448582666206
9.041050181216679 1
	a 196 142 0.9558012826194622
16.62594291342715 1
	a 425 458 0.9202317720119693
30.21314911046341 1
	a 473 387 0.8597911693556441
1.010820149830644 1
	a 82 88 0.9949586497282615
16.29832557251479 1
	a 295 345 0.9217404267591077
11.50737821073484 1
	a 408 372 0.9440870613775323
50.01691920967899 1
	a 364 260 0.7787349023893321
2.712315054365001 1
	a 494 496 0.9865299685964932
5.401421220588651 1
	a 413 416 0.9733543247437293
0.9041050181216709 1
	a 478 477 0.9954896771040572
18.82214124015755 1
	a 173 157 0.9101819938724612
1.801036897166395 1
	a 54 44 0.9910352407514
33.45700332681995 1
	a 16 38 0.8459584647392168
4.178158903714367 1
	a 381 400 0.9793259064871245
57.17090331497177 1
	a 307 125 0.7513719201562171
2.811857046997037 1
	a 473 467 0.9860390849711355
7.514058786218862 1
	a 102 116 0.9631267133784222
2.654077009075358 1
	a 469 473 0.986817278310307
6.665768872211933 1
	a 79 122 0.9672204422980087
3.616420072486676 1
	a 114 106 0.9820803998915988
42.9131865571773 1
	a 268 391 0.8068916093663158
32.38878076583108 1
	a 20 174 0.850488912373437
58.68889811161844 1
	a 340 431 0.7456906145851254
16.85551642399616 1
	a 43 4 0.9191760738365359
56.5740610091633 1
	a 401 184 0.7536175219117498
44.89252435564049 1
	a 496 441 0.7989454393016473
7.264126126525595 1
	a 367 377 0.9643310498347077
28.59031101100046 1
	a 273 184 0.8667960597657977
18.7788464837021 1
	a 242 138 0.9103790457387474
8.325714816943993 1
	a 458 435 0.9592259958080578
9.79721739932811 1
	a 262 215 0.9521943774899192
35.94673842429944 1
	a 248 366 0.8354926800705131
61.31704725725776 1
	a 301 424 0.7359557853678246
10.55714864772466 1
	a 252 198 0.9485832310820291
10.36990238069438 1
	a 432 435 0.9494717402871466
78.21139746300263 1
	a 260 434 0.676341612048538
2.557195164638154 1
	a 207 194 0.9872954174986995
29.56134104693106 1
	a 232 334 0.8625978344745215
12.93542811965366 1
	a 493 483 0.9373700532623779
30.09944699490071 1
	a 433 380 0.8602801087005593
3.250862265857187 1
	a 23 36 0.9838770771494869
14.38850965270406 1
	a 494 480 0.9305843579627501
38.78269894121645 1
	a 432 438 0.8237291581195465
10.36990238069438 1
	a 276 312 0.9494717402871466
21.06313170207444 1
	a 459 450 0.9000403723381959
9.707840982698835 1
	a 226 268 0.9526199911893775
19.0510421870036 1
	a 311 309 0.909140882163748
20.43405470718137 1
	a 226 165 0.9028758027241455
0.9041050181216709 1
	a 316 315 0.9954896771040572
13.05044432172336 1
	a 140 102 0.9368311445180222
27.88738527165917 1
	a 140 59 0.8698478859480793
5.424630108730006 1
	a 457 472 0.973241378938998
32.90420244766457 1
	a 119 188 0.8482999320767278
27.58450346048495 1
	a 268 184 0.8711661894372069
35.21370083445612 1
	a 396 483 0.8385605364739632
5.835890966488555 1
	a 358 381 0.971242154728572
11.94323726467927 1
	a 116 158 0.942031857172271
10.36990238069438 1
	a 388 347 0.9494717402871466
8.702297822627477 1
	a 293 302 0.9574215541032217
67.99689617883259 1
	a 399 109 0.7117813688872932
3.616420072486676 1
	a 371 384 0.9820803998915988
13.26980696062821 1
	a 404 371 0.9358041790552617
2.841323276105651 1
	a 65 81 0.9858938214043831
29.55719699116998 1
	a 311 409 0.8626157079273196
32.78463383573398 1
	a 57 17 0.8488072339319609
2.811857046997037 1
	a 436 443 0.9860390849711355
79.26355612712418 1
	a 168 86 0.6727928614198083
9.041050181216679 1
	a 467 463 0.9558012826194622
2.811857046997037 1
	a 495 492 0.9860390849711355
7.256139895669023 1
	a 257 222 0.9643695574554602
9.045281965301328 1
	a 103 73 0.9557810591101373
25.8168471753768 1
	a 411 457 0.8788999275212099
16.0929124302082 1
	a 454 485 0.9226876010682319
18.63542625537276 1
	a 441 380 0.9110321137216901
8.867002792661776 1
	a 84 137 0.9566334182306084
3.250862265857187 1
	a 80 60 0.9838770771494869
12.37730775780317 1
	a 180 240 0.9399895330916023
2.607361541147005 1
	a 197 209 0.9870478033865562
30.54412930012749 1
	a 290 394 0.8583694768387325
14.71717934172068 1
	a 492 489 0.9290563394823501
10.69817784978625 1
	a 384 352 0.9479145771782092
32.06606096180191 1
	a 385 430 0.851862368254614
1.010820149830644 1
	a 88 82 0.9949586497282615
25.05810322782687 1
	a 22 140 0.8822405602292571
48.24549425321331 1
	a 236 333 0.7856628903280928
31.12500224831671 1
	a 138 229 0.855880075609986
50.01691920967899 1
	a 260 364 0.7787349023893321
10.36990238069438 1
	a 348 320 0.9494717402871466
20.71799678397298 1
	a 396 355 0.9015948900492545
23.01566571002324 1
	a 460 485 0.8912963272235119
39.93019632333027 1
	a 374 415 0.8190165550339861
13.63465661193385 1
	a 97 16 0.9340985960895423
30.40039537749369 1
	a 312 386 0.8589865826196342
4.520525090608341 1
	a 39 8 0.9776509001783111
35.5479136516125 1
	a 373 336 0.8371604182471638
32.56041271728275 1
	a 461 498 0.8497593700915294
15.23487038742331 1
	a 191 265 0.9266546284445556
3.874612334257145 1
	a 470 466 0.9808133900994309
58.18488005706267 1
	a 347 86 0.7475721921262712
6.037725480312412 1
	a 330 316 0.9702624981924419
43.44790202091851 1
	a 380 311 0.8047372035294607
33.70380938040271 1
	a 221 295 0.8449151702492169
12.88034775155031 1
	a 178 163 0.9376282422515211
4.827538902810058 1
	a 299 293 0.9761512898261859
2.811857046997037 1
	a 478 472 0.9860390849711355
2.999103314027322 1
	a 216 201 0.9851163562932524
7.514058786218862 1
	a 116 102 0.9631267133784222
11.50737821073484 1
	a 404 389 0.9440870613775323
21.06313170207444 1
	a 450 459 0.9000403723381959
2.999103314027322 1
	a 172 197 0.9851163562932524
10.29669579190371 1
	a 338 316 0.9498193418363727
5.515046577635295 1
	a 39 30 0.9728014931344119
6.727136898937474 1
	a 219 255 0.9669237057759118
4.827538902810058 1
	a 224 248 0.9761512898261859
