0.3787603181002073 2
	a 0 32 0.9874540213622399
	a 32 0 0.9874540213622399
1.331452545646097 2
	a 0 30 0.9565887085653398
	a 30 0 0.9565887085653398
0.3981115513613038 2
	a 1 34 0.986817278310307
	a 34 1 0.986817278310307
0.4068472581547501 2
	a 2 37 0.9865299685964932
	a 37 2 0.9865299685964932
5.84382055215206 2
	a 3 60 0.8230041643082343
	a 60 3 0.8230041643082343
8.943180220816224 2
	a 3 304 0.7422226545127025
	a 304 3 0.7422226545127025
3.091817552274588 2
	a 3 202 0.9020723197060475
	a 202 3 0.9020723197060475
3.549370708594074 2
	a 3 171 0.8884185055724897
	a 171 3 0.8884185055724897
2.576699301646753 2
	a 4 120 0.9176951934997476
	a 120 4 0.9176951934997476
1.632881814163999 2
	a 4 124 0.9470253723549772
	a 124 4 0.9470253723549772
3.752490458933809 2
	a 4 54 0.8824236448822225
	a 54 4 0.8824236448822225
1.279870325610445 2
	a 5 97 0.9582348890287904
	a 97 5 0.9582348890287904
6.259513849556145 2
	a 5 24 0.8116788989664742
	a 24 5 0.8116788989664742
1.555485357104156 2
	a 5 78 0.9494717402871466
	a 78 5 0.9494717402871466
0.6623180749170225 2
	a 6 63 0.9781646501663815
	a 63 6 0.9781646501663815
4.699843304433126 2
	a 7 249 0.8549934734373632
	a 249 7 0.8549934734373632
5.888554823110531 2
	a 7 235 0.8217778624545778
	a 235 7 0.8217778624545778
9.675281230189182 2
	a 7 96 0.7243291416677046
	a 96 7 0.7243291416677046
0.99986533083179 2
	a 7 19 0.9672204422980087
	a 19 7 0.9672204422980087
1.356157527182502 2
	a 7 105 0.9558012826194622
	a 105 7 0.9558012826194622
1.63307698331426 2
	a 7 46 0.9470192113704445
	a 46 7 0.9470192113704445
0.99986533083179 2
	a 8 68 0.9672204422980087
	a 68 8 0.9672204422980087
0.9302638502529895 2
	a 8 83 0.9694670465676806
	a 83 8 0.9694670465676806
0.5424630108730013 2
	a 9 59 0.9820803998915988
	a 59 9 0.9820803998915988
1.453744046139253 2
	a 9 28 0.9526972232628116
	a 28 9 0.9526972232628116
2.391083679933991 2
	a 10 121 0.9233907471887904
	a 121 10 0.9233907471887904
1.912227277893508 2
	a 10 134 0.9382480594231816
	a 134 10 0.9382480594231816
1.241928224970066 2
	a 10 16 0.959447570548437
	a 16 10 0.959447570548437
2.486272693203688 2
	a 10 170 0.9204655020267692
	a 170 10 0.9204655020267692
6.484398025066096 2
	a 11 154 0.8056171890629337
	a 154 11 0.8056171890629337
2.472556149811231 2
	a 11 169 0.9208864517523493
	a 169 11 0.9208864517523493
2.167670266303321 2
	a 11 18 0.9302930122305305
	a 18 11 0.9302930122305305
8.882819593107117 2
	a 11 228 0.7437175253750078
	a 228 11 0.7437175253750078
8.114955132079096 2
	a 11 296 0.7629990411347207
	a 296 11 0.7629990411347207
1.330335433485705 2
	a 12 108 0.9566243297911785
	a 108 12 0.9566243297911785
2.441083548928503 2
	a 12 71 0.9218530484106888
	a 71 12 0.9218530484106888
0.3981115513613038 2
	a 13 44 0.986817278310307
	a 44 13 0.986817278310307
0.9507581163653473 2
	a 13 80 0.9688049888785519
	a 80 13 0.9688049888785519
1.504463727384991 2
	a 14 120 0.9510879007353151
	a 120 14 0.9510879007353151
1.302248493431162 2
	a 14 89 0.9575203708501052
	a 89 14 0.9575203708501052
4.30059146417929 2
	a 14 127 0.8664481164176466
	a 127 14 0.8664481164176466
0.4151947874586657 2
	a 15 49 0.9862555038559035
	a 49 15 0.9862555038559035
0.9763801406626829 2
	a 16 85 0.9679779172841535
	a 85 16 0.9679779172841535
2.823070984000919 2
	a 16 170 0.9101895848833127
	a 170 16 0.9101895848833127
1.381814599110866 2
	a 17 112 0.9549841966612392
	a 112 17 0.9549841966612392
1.756468616875567 2
	a 17 83 0.9431320692804533
	a 83 17 0.9431320692804533
1.856596163670476 2
	a 17 87 0.9399895330916023
	a 87 17 0.9399895330916023
5.29450156826984 2
	a 18 293 0.8382127054331294
	a 293 18 0.8382127054331294
2.585107487356334 2
	a 18 169 0.9174380244864535
	a 169 18 0.9174380244864535
4.436174117612828 2
	a 18 292 0.8625411072892863
	a 292 18 0.8625411072892863
5.231169251338248 2
	a 19 114 0.8399841063145069
	a 114 19 0.8399841063145069
1.250070526955394 2
	a 19 105 0.9591872021547203
	a 105 19 0.9591872021547203
0.9427373486970791 2
	a 20 86 0.9690640421648343
	a 86 20 0.9690640421648343
1.330335433485705 2
	a 21 111 0.9566243297911785
	a 111 21 0.9566243297911785
2.33752626166525 2
	a 22 112 0.9250407003535276
	a 112 22 0.9250407003535276
0.5463906058106239 2
	a 22 68 0.98195183450743
	a 68 22 0.98195183450743
2.878073501128002 2
	a 22 83 0.9085223564386373
	a 83 22 0.9085223564386373
0.9302638502529895 2
	a 23 87 0.9694670465676806
	a 87 23 0.9694670465676806
0.9569120473074697 2
	a 23 64 0.9686062772936068
	a 64 23 0.9686062772936068
1.027006667447879 2
	a 23 70 0.9663457828279073
	a 70 23 0.9663457828279073
2.434286812880071 2
	a 24 97 0.9220619251326442
	a 97 24 0.9220619251326442
2.765771239994866 2
	a 24 47 0.9119297004976549
	a 47 24 0.9119297004976549
2.051680644497453 2
	a 24 157 0.9338967855683178
	a 157 24 0.9338967855683178
4.23842599874566 2
	a 24 52 0.868245416288612
	a 52 24 0.868245416288612
0.3911042311720507 2
	a 25 58 0.9870478033865562
	a 58 25 0.9870478033865562
1.969416047529112 2
	a 26 151 0.9364611880428472
	a 151 26 0.9364611880428472
0.8136945163095008 2
	a 27 83 0.973241378938998
	a 83 27 0.973241378938998
3.617766727870112 2
	a 27 87 0.8863953364196865
	a 87 27 0.8863953364196865
2.062323230828294 2
	a 27 64 0.9335655417544896
	a 64 27 0.9335655417544896
0.2701555345749592 2
	a 27 51 0.9910352407514
	a 51 27 0.9910352407514
3.969476761770607 2
	a 28 59 0.8760642096374971
	a 59 28 0.8760642096374971
0.7068004757790167 2
	a 28 53 0.9767153544984992
	a 53 28 0.9767153544984992
1.637163004574208 2
	a 28 138 0.9468902354662407
	a 138 28 0.9468902354662407
2.493265276481146 2
	a 29 170 0.9202509793063087
	a 170 29 0.9202509793063087
1.2777003560333 2
	a 29 116 0.9583042028874746
	a 116 29 0.9583042028874746
2.146287170027124 2
	a 29 43 0.9309563334349872
	a 43 29 0.9309563334349872
2.338634292090733 2
	a 29 81 0.9250065352097717
	a 81 29 0.9250065352097717
3.846005413269849 2
	a 29 247 0.8796772673336808
	a 247 29 0.8796772673336808
4.859248329481755 2
	a 29 213 0.8504625131932151
	a 213 29 0.8504625131932151
4.466750745902073 2
	a 29 90 0.8616624351851302
	a 90 29 0.8616624351851302
1.843510156679232 2
	a 30 32 0.940399646184204
	a 32 30 0.940399646184204
0.4068472581547501 2
	a 30 62 0.9865299685964932
	a 62 30 0.9865299685964932
3.324914495714977 2
	a 31 182 0.8950904689496316
	a 182 31 0.8950904689496316
4.223633999831525 2
	a 31 286 0.8686736246894048
	a 286 31 0.8686736246894048
2.755464501555104 2
	a 31 117 0.9122430550189069
	a 117 31 0.9122430550189069
3.553621385459924 2
	a 31 142 0.8882926351569803
	a 142 31 0.8882926351569803
0.1917896373478611 2
	a 31 45 0.9936274037579175
	a 45 31 0.9936274037579175
4.809765915953313 2
	a 31 173 0.8518664352914325
	a 173 31 0.8518664352914325
2.183788600840618 2
	a 32 166 0.9297933206795159
	a 166 32 0.9297933206795159
3.730077451426218 2
	a 32 69 0.8830831501357373
	a 69 32 0.8830831501357373
0.9583507903075323 2
	a 33 97 0.9685598258907672
	a 97 33 0.9685598258907672
1.301572290685483 2
	a 33 78 0.9575419536901376
	a 78 33 0.9575419536901376
1.158001702157413 2
	a 34 112 0.9621354317901416
	a 112 34 0.9621354317901416
2.593700838294152 2
	a 34 86 0.917175266557498
	a 86 34 0.917175266557498
2.704059508705631 2
	a 35 201 0.9138075232514358
	a 201 35 0.9138075232514358
1.151286064329106 2
	a 36 112 0.9623508343353896
	a 112 36 0.9623508343353896
1.220541774464252 2
	a 36 61 0.9601317870014974
	a 61 36 0.9601317870014974
1.68410134343058 2
	a 36 68 0.9454098787019549
	a 68 36 0.9454098787019549
2.226025928121614 2
	a 36 57 0.9284851756118162
	a 57 36 0.9284851756118162
1.622482124687325 2
	a 37 143 0.9473537215904914
	a 143 37 0.9473537215904914
1.468948059271724 2
	a 37 96 0.9522145182209147
	a 96 37 0.9522145182209147
5.336772125930778 2
	a 38 42 0.8370324798250635
	a 42 38 0.8370324798250635
2.843074967523524 2
	a 38 113 0.9095828732679967
	a 113 38 0.9095828732679967
1.855947305581069 2
	a 38 158 0.9400098639718826
	a 158 38 0.9400098639718826
4.698479674477969 2
	a 38 246 0.8550323374776874
	a 246 38 0.8550323374776874
0.7218667123477758 2
	a 39 89 0.9762249634948802
	a 89 39 0.9762249634948802
3.348647347371696 2
	a 39 88 0.894382647319678
	a 88 39 0.894382647319678
6.205312170572013 2
	a 39 110 0.8131467031620641
	a 110 39 0.8131467031620641
9.848085001195868 2
	a 39 77 0.7201689080005064
	a 77 39 0.7201689080005064
2.309439321610708 2
	a 40 115 0.9259071579825908
	a 115 40 0.9259071579825908
2.285230558113497 2
	a 40 179 0.9266546284445556
	a 179 40 0.9266546284445556
4.525638975301814 2
	a 40 176 0.859972701646355
	a 176 40 0.859972701646355
1.064816194648925 2
	a 41 112 0.9651286474055482
	a 112 41 0.9651286474055482
0.487629339878578 2
	a 42 43 0.9838770771494869
	a 43 42 0.9838770771494869
0.487629339878578 2
	a 42 81 0.9838770771494869
	a 81 42 0.9838770771494869
1.992121912734172 2
	a 42 113 0.9357526841463859
	a 113 42 0.9357526841463859
1.465260119971778 2
	a 43 56 0.9523315823943176
	a 56 43 0.9523315823943176
1.330050418899266 2
	a 43 116 0.9566334182306084
	a 116 43 0.9566334182306084
0.487629339878578 2
	a 43 81 0.9838770771494869
	a 81 43 0.9838770771494869
1.707894403960983 2
	a 44 150 0.9446603694775482
	a 150 44 0.9446603694775482
2.78738342292108 2
	a 44 191 0.9112729773629659
	a 191 44 0.9112729773629659
3.617005132405473 2
	a 44 145 0.8864178391942553
	a 145 44 0.8864178391942553
3.571446267944701 2
	a 45 173 0.8877650015281677
	a 173 45 0.8877650015281677
2.845825390604403 2
	a 45 218 0.9094994858329469
	a 218 45 0.9094994858329469
0.9056588220468618 2
	a 46 105 0.9702624981924419
	a 105 46 0.9702624981924419
2.877924708044644 2
	a 47 174 0.9085268625112356
	a 174 47 0.9085268625112356
0.1917896373478611 2
	a 47 65 0.9936274037579175
	a 65 47 0.9936274037579175
3.402711679242001 2
	a 47 157 0.892772292126346
	a 157 47 0.892772292126346
0.1917896373478611 2
	a 48 68 0.9936274037579175
	a 68 48 0.9936274037579175
0.2701555345749592 2
	a 48 57 0.9910352407514
	a 57 48 0.9910352407514
0.5575248444503217 2
	a 48 55 0.9815874592603586
	a 55 48 0.9815874592603586
0.1917896373478611 2
	a 49 68 0.9936274037579175
	a 68 49 0.9936274037579175
2.255077037411157 2
	a 49 55 0.9275864933336478
	a 55 49 0.9275864933336478
8.491340379858274 2
	a 49 83 0.7534861218535949
	a 83 49 0.7534861218535949
6.577717014639457 2
	a 49 94 0.8031151032136349
	a 94 49 0.8031151032136349
1.654092624187943 2
	a 50 97 0.9463560364934274
	a 97 50 0.9463560364934274
0.2701555345749592 2
	a 50 74 0.9910352407514
	a 74 50 0.9910352407514
0.4498654971040983 2
	a 51 83 0.9851163562932524
	a 83 51 0.9851163562932524
2.712315054365003 2
	a 51 64 0.913556091857009
	a 64 51 0.913556091857009
3.648982807036052 2
	a 52 174 0.8854734898769724
	a 174 52 0.8854734898769724
2.590581228449648 2
	a 52 98 0.9172706458162029
	a 98 52 0.9172706458162029
1.44523730846217 2
	a 52 143 0.9529674064127537
	a 143 52 0.9529674064127537
1.35870986085391 2
	a 53 138 0.9557199686186254
	a 138 53 0.9557199686186254
3.331367662815472 2
	a 54 151 0.894897950710707
	a 151 54 0.894897950710707
4.24925255236559 2
	a 54 217 0.8679321359692914
	a 217 54 0.8679321359692914
0.7884591958105146 2
	a 54 101 0.9740603919623205
	a 101 54 0.9740603919623205
4.309936045017716 2
	a 54 163 0.8661782719640114
	a 163 54 0.8661782719640114
0.1516230224745966 2
	a 55 68 0.9949586497282615
	a 68 55 0.9949586497282615
0.9870351267938494 2
	a 56 116 0.9676341852859633
	a 116 56 0.9676341852859633
0.1356157527182506 2
	a 57 68 0.9954896771040572
	a 68 57 0.9954896771040572
1.018458359022064 2
	a 58 120 0.9666211761217441
	a 120 58 0.9666211761217441
0.9056588220468618 2
	a 59 112 0.9702624981924419
	a 112 59 0.9702624981924419
1.126737926931244 2
	a 59 95 0.9631386206197394
	a 95 59 0.9631386206197394
2.184273549210764 2
	a 59 82 0.9297782907424808
	a 82 59 0.9297782907424808
8.594387299838795 2
	a 60 93 0.750902414308829
	a 93 60 0.750902414308829
4.253396513195626 2
	a 60 287 0.8678122550233615
	a 287 60 0.8678122550233615
3.508146860435769 2
	a 60 269 0.8896401457112131
	a 269 60 0.8896401457112131
4.735627925707184 2
	a 60 304 0.8539742275257376
	a 304 60 0.8539742275257376
1.756468616875567 2
	a 61 112 0.9431320692804533
	a 112 61 0.9431320692804533
0.6981164340668319 2
	a 61 103 0.9769981233187751
	a 103 61 0.9769981233187751
0.9734804588843621 2
	a 62 69 0.9680714827368668
	a 69 62 0.9680714827368668
2.332015407060942 2
	a 62 197 0.9252106414551519
	a 197 62 0.9252106414551519
0.6780787635912512 2
	a 63 103 0.9776509001783111
	a 103 63 0.9776509001783111
0.4068472581547501 2
	a 64 87 0.9865299685964932
	a 87 64 0.9865299685964932
1.963890817655014 2
	a 65 174 0.9366336760373601
	a 174 65 0.9366336760373601
0.6623180749170225 2
	a 65 97 0.9781646501663815
	a 97 65 0.9781646501663815
2.768344467533243 2
	a 66 94 0.9118514837649142
	a 94 66 0.9118514837649142
0.572507812946912 2
	a 66 97 0.9810973451939815
	a 97 66 0.9810973451939815
2.413472150031391 2
	a 67 87 0.9227018940558355
	a 87 67 0.9227018940558355
1.511850541135075 2
	a 67 128 0.9508537459247081
	a 128 67 0.9508537459247081
2.691990687667651 2
	a 67 141 0.9141752165222575
	a 141 67 0.9141752165222575
2.765828343267811 2
	a 67 70 0.9119279646936204
	a 70 67 0.9119279646936204
2.313317498168041 2
	a 67 198 0.9257874713377113
	a 198 67 0.9257874713377113
0.9569120473074697 2
	a 68 112 0.9686062772936068
	a 112 68 0.9686062772936068
0.2712315054364995 2
	a 68 83 0.9909996972207403
	a 83 68 0.9909996972207403
3.643153684862739 2
	a 69 166 0.8856455576982943
	a 166 69 0.8856455576982943
1.515225646537176 2
	a 69 156 0.9507467775548303
	a 156 69 0.9507467775548303
3.526836374713576 2
	a 70 87 0.8890860869071188
	a 87 70 0.8890860869071188
1.934862283867773 2
	a 70 174 0.9375404180668441
	a 174 70 0.9375404180668441
0.6780787635912512 2
	a 71 108 0.9776509001783111
	a 108 71 0.9776509001783111
3.644185060744261 2
	a 71 243 0.8856151104394139
	a 243 71 0.8856151104394139
4.13725734337871 2
	a 72 261 0.8711783328727044
	a 261 72 0.8711783328727044
0.4068472581547501 2
	a 72 92 0.9865299685964932
	a 92 72 0.9865299685964932
2.124012364012603 2
	a 72 93 0.9316478191729057
	a 93 72 0.9316478191729057
0.487629339878578 2
	a 73 97 0.9838770771494869
	a 97 73 0.9838770771494869
0.1356157527182506 2
	a 73 74 0.9954896771040572
	a 74 73 0.9954896771040572
0.479922938566163 2
	a 74 97 0.9841298480006107
	a 97 74 0.9841298480006107
3.769154136056462 2
	a 75 100 0.8819336335612047
	a 100 75 0.8819336335612047
4.251358931716286 2
	a 75 155 0.8678711982976469
	a 155 75 0.8678711982976469
4.38611500261648 2
	a 75 313 0.8639815769149284
	a 313 75 0.8639815769149284
14.56886455252051 2
	a 76 398 0.6153101567291533
	a 398 76 0.6153101567291533
0.7671585448709205 2
	a 76 122 0.9747522415608111
	a 122 76 0.9747522415608111
3.99634375223947 2
	a 76 152 0.8752799872258313
	a 152 76 0.8752799872258313
8.520687791485406 2
	a 76 420 0.7527493866877381
	a 420 76 0.7527493866877381
6.986728004046728 2
	a 77 110 0.7922399756789181
	a 110 77 0.7922399756789181
2.820674875156118 2
	a 77 209 0.9102622848970527
	a 209 77 0.9102622848970527
9.076218460538307 2
	a 77 115 0.7389384754037065
	a 115 77 0.7389384754037065
3.290799760929914 2
	a 77 268 0.8961089070341984
	a 268 77 0.8961089070341984
0.3835792746957232 2
	a 78 97 0.9872954174986995
	a 97 78 0.9872954174986995
0.5753689120435835 2
	a 79 112 0.981003782431322
	a 112 79 0.981003782431322
2.309453050445407 2
	a 80 159 0.9259067342618105
	a 159 80 0.9259067342618105
2.080288362604009 2
	a 80 196 0.9330066548465109
	a 196 80 0.9330066548465109
0.572507812946912 2
	a 81 113 0.9810973451939815
	a 113 81 0.9810973451939815
1.487545852095444 2
	a 81 109 0.9516243982108549
	a 109 81 0.9516243982108549
4.942533068826768 2
	a 81 90 0.8481047691513193
	a 90 81 0.8481047691513193
0.5488408072586609 2
	a 82 112 0.9818716384555221
	a 112 82 0.9818716384555221
3.423529126734134 2
	a 82 138 0.8921529990091028
	a 138 82 0.8921529990091028
0.2712315054364995 2
	a 83 87 0.9909996972207403
	a 87 83 0.9909996972207403
0.4068472581547501 2
	a 83 106 0.9865299685964932
	a 106 83 0.9865299685964932
1.632650752044516 2
	a 83 168 0.9470326664393917
	a 168 83 0.9470326664393917
1.705283674146453 2
	a 83 149 0.9447425814877588
	a 149 83 0.9447425814877588
1.069165333071772 2
	a 83 94 0.9649887416108403
	a 94 83 0.9649887416108403
3.637093572898347 2
	a 84 243 0.8858244794771334
	a 243 84 0.8858244794771334
4.753672324890363 2
	a 84 274 0.8534607335742617
	a 274 84 0.8534607335742617
6.837025115289094 2
	a 84 435 0.7962032096794526
	a 435 84 0.7962032096794526
1.118316148002715 2
	a 85 153 0.9634090365923688
	a 153 85 0.9634090365923688
2.867771907045793 2
	a 85 231 0.9088343842929977
	a 231 85 0.9088343842929977
1.453744046139253 2
	a 85 119 0.9526972232628116
	a 119 85 0.9526972232628116
1.654092624187943 2
	a 85 125 0.9463560364934274
	a 125 85 0.9463560364934274
0.4217785570495555 2
	a 86 112 0.9860390849711355
	a 112 86 0.9860390849711355
0.4068472581547501 2
	a 87 112 0.9865299685964932
	a 112 87 0.9865299685964932
0.9589481822187813 2
	a 87 128 0.9685405390892792
	a 128 87 0.9685405390892792
6.150732675141859 2
	a 88 127 0.814627420926427
	a 127 88 0.814627420926427
0.3002129760370238 2
	a 88 107 0.990042805211115
	a 107 88 0.990042805211115
0.6267238355571551 2
	a 88 110 0.9793259064871245
	a 110 88 0.9793259064871245
0.5753689120435835 2
	a 89 127 0.981003782431322
	a 127 89 0.981003782431322
1.058859358600752 2
	a 90 109 0.9653203035365874
	a 109 90 0.9653203035365874
2.095671207709064 2
	a 90 213 0.9325283675855216
	a 213 90 0.9325283675855216
0.7884591958105146 2
	a 90 136 0.9740603919623205
	a 136 90 0.9740603919623205
1.900314419491679 2
	a 91 205 0.9386207072825612
	a 205 91 0.9386207072825612
2.711414633574831 2
	a 92 261 0.9135835117651011
	a 261 92 0.9135835117651011
2.693431351890878 2
	a 93 261 0.9141313169254022
	a 261 93 0.9141313169254022
1.815014601841224 2
	a 93 130 0.9412933108644451
	a 130 93 0.9412933108644451
3.896333097182356 2
	a 93 269 0.8782027671672809
	a 269 93 0.8782027671672809
1.392998929689093 2
	a 94 106 0.9546282343869431
	a 106 94 0.9546282343869431
1.402932530426299 2
	a 94 133 0.9543121901896832
	a 133 94 0.9543121901896832
0.7321141143751978 2
	a 94 140 0.9758915614508636
	a 140 94 0.9758915614508636
0.2701555345749592 2
	a 95 112 0.9910352407514
	a 112 95 0.9910352407514
0.7088461309161707 2
	a 96 143 0.9766487560097351
	a 143 96 0.9766487560097351
13.52154403763716 2
	a 96 192 0.6371704131704505
	a 192 96 0.6371704131704505
13.48347382531572 2
	a 96 235 0.6379795001942635
	a 235 96 0.6379795001942635
1.381814599110866 2
	a 97 174 0.9549841966612392
	a 174 97 0.9549841966612392
2.503074246341606 2
	a 98 174 0.9199501380207048
	a 174 98 0.9199501380207048
0.9589481822187813 2
	a 98 157 0.9685405390892792
	a 157 98 0.9685405390892792
0.1917896373478611 2
	a 99 112 0.9936274037579175
	a 112 99 0.9936274037579175
2.576699301646753 2
	a 100 153 0.9176951934997476
	a 153 100 0.9176951934997476
2.7843386051642 2
	a 100 178 0.9113654707280718
	a 178 100 0.9113654707280718
5.044123163706865 2
	a 100 313 0.8452376582600609
	a 313 100 0.8452376582600609
4.856104272637558 2
	a 100 360 0.8505516479467237
	a 360 100 0.8505516479467237
1.618531669454317 2
	a 101 151 0.9474784790866917
	a 151 101 0.9474784790866917
1.969416047529112 2
	a 101 217 0.9364611880428472
	a 217 101 0.9364611880428472
0.1516230224745966 2
	a 102 112 0.9949586497282615
	a 112 102 0.9949586497282615
0.1356157527182506 2
	a 103 112 0.9954896771040572
	a 112 103 0.9954896771040572
1.085368784576001 2
	a 104 158 0.9644676773982586
	a 158 104 0.9644676773982586
0.69040501949209 2
	a 104 146 0.9772492901838444
	a 146 104 0.9772492901838444
3.030205399112047 2
	a 104 263 0.9039268440056405
	a 263 104 0.9039268440056405
1.368741294795127 2
	a 105 180 0.9554004473181662
	a 180 105 0.9554004473181662
0.3981115513613038 2
	a 106 133 0.986817278310307
	a 133 106 0.986817278310307
2.038610979204412 2
	a 107 225 0.9343037314861845
	a 225 107 0.9343037314861845
0.8546955794297674 2
	a 107 110 0.9719121564311943
	a 110 107 0.9719121564311943
5.107903943850598 2
	a 108 357 0.8434425698967898
	a 357 108 0.8434425698967898
5.16014409466951 2
	a 108 372 0.8419751290211892
	a 372 108 0.8419751290211892
5.348157579190809 2
	a 108 243 0.8367148736245122
	a 243 108 0.8367148736245122
5.532586599231487 2
	a 108 297 0.8315868356188706
	a 297 108 0.8315868356188706
2.221707642282509 2
	a 109 113 0.9286188340440295
	a 113 109 0.9286188340440295
0.487629339878578 2
	a 109 136 0.9838770771494869
	a 136 109 0.9838770771494869
3.08057457692436 2
	a 109 148 0.9024104489568897
	a 148 109 0.9024104489568897
0.5424630108730013 2
	a 110 139 0.9820803998915988
	a 139 110 0.9820803998915988
3.618796987181939 2
	a 110 182 0.886364896374065
	a 182 110 0.886364896374065
4.180339100226107 2
	a 110 286 0.8699281676392107
	a 286 110 0.8699281676392107
4.488870326126034 2
	a 111 315 0.8610273489658763
	a 315 111 0.8610273489658763
4.002156139428898 2
	a 111 330 0.875110421446564
	a 330 111 0.875110421446564
0.3981115513613038 2
	a 112 138 0.986817278310307
	a 138 112 0.986817278310307
0.7241308354215087 2
	a 113 158 0.9761512898261859
	a 158 113 0.9761512898261859
4.428884657891093 2
	a 114 249 0.862750714709
	a 249 114 0.862750714709
2.369655030326457 2
	a 114 260 0.9240505500312143
	a 260 114 0.9240505500312143
5.005882156906447 2
	a 114 207 0.8463157698832274
	a 207 114 0.8463157698832274
1.353727654535798 2
	a 114 180 0.9558787016011351
	a 180 114 0.9558787016011351
1.178824764141711 2
	a 115 179 0.9614678433130994
	a 179 115 0.9614678433130994
6.896659579409218 2
	a 115 268 0.7946220766424522
	a 268 115 0.7946220766424522
0.99986533083179 2
	a 116 170 0.9672204422980087
	a 170 116 0.9672204422980087
1.889172731026632 2
	a 117 139 0.9389693660062477
	a 139 117 0.9389693660062477
1.621305201459458 2
	a 117 209 0.9473908877395132
	a 209 117 0.9473908877395132
2.460325435208182 2
	a 117 182 0.9212619649394984
	a 182 117 0.9212619649394984
0.9397593081368385 2
	a 118 168 0.969160244007073
	a 168 118 0.969160244007073
0.5424630108730013 2
	a 118 133 0.9820803998915988
	a 133 118 0.9820803998915988
0.9653175387840964 2
	a 119 170 0.9683349282488167
	a 170 119 0.9683349282488167
0.6773268194476793 2
	a 119 125 0.9776754051143772
	a 125 119 0.9776754051143772
0.487629339878578 2
	a 120 124 0.9838770771494869
	a 124 120 0.9838770771494869
0.5294379043957786 2
	a 120 144 0.9825068825271878
	a 144 120 0.9825068825271878
0.8136945163095008 2
	a 120 163 0.973241378938998
	a 163 120 0.973241378938998
2.719898072465596 2
	a 120 127 0.9133252039593416
	a 127 120 0.9133252039593416
0.2701555345749592 2
	a 121 134 0.9910352407514
	a 134 121 0.9910352407514
0.6623180749170225 2
	a 122 123 0.9781646501663815
	a 123 122 0.9781646501663815
0.5753689120435835 2
	a 122 152 0.981003782431322
	a 152 122 0.981003782431322
0.5753689120435835 2
	a 123 152 0.981003782431322
	a 152 123 0.981003782431322
0.3981115513613038 2
	a 124 144 0.986817278310307
	a 144 124 0.986817278310307
4.162897047449677 2
	a 125 345 0.8704340924648066
	a 345 125 0.8704340924648066
0.2701555345749592 2
	a 126 138 0.9910352407514
	a 138 126 0.9910352407514
0.7218667123477758 2
	a 127 163 0.9762249634948802
	a 163 127 0.9762249634948802
0.2701555345749592 2
	a 128 141 0.9910352407514
	a 141 128 0.9910352407514
11.94833095317348 2
	a 129 189 0.671475534061004
	a 189 129 0.671475534061004
5.53269285417374 2
	a 129 337 0.8315838902837133
	a 337 129 0.8315838902837133
3.666037450812214 2
	a 129 278 0.8849702517682004
	a 278 129 0.8849702517682004
1.090487985406985 2
	a 129 183 0.9643031146479676
	a 183 129 0.9643031146479676
4.758517220258847 2
	a 130 369 0.8533229137714274
	a 369 130 0.8533229137714274
3.532908836752516 2
	a 130 261 0.8889061404026354
	a 261 130 0.8889061404026354
4.775931358792842 2
	a 130 318 0.8528277280580536
	a 318 130 0.8528277280580536
3.817443456438786 2
	a 130 287 0.8805151762802031
	a 287 130 0.8805151762802031
1.907785025694843 2
	a 131 245 0.9383870008599716
	a 245 131 0.9383870008599716
4.748935257606863 2
	a 131 185 0.8535955075784993
	a 185 131 0.8535955075784993
3.26042382587259 2
	a 131 240 0.8970167047421899
	a 240 131 0.8970167047421899
8.249158858100571 2
	a 131 281 0.7595934204548164
	a 281 131 0.7595934204548164
2.446724427395992 2
	a 132 151 0.9216797293386976
	a 151 132 0.9216797293386976
3.17076350519921 2
	a 132 150 0.8997016084123033
	a 150 132 0.8997016084123033
1.134632192225375 2
	a 132 191 0.962885211569633
	a 191 132 0.962885211569633
2.195973933892282 2
	a 133 168 0.9294157359919035
	a 168 133 0.9294157359919035
0.8746873575346277 2
	a 133 174 0.9712646971139117
	a 174 133 0.9712646971139117
1.428089202829759 2
	a 133 140 0.9535122816492002
	a 140 133 0.9535122816492002
1.469582609899217 2
	a 133 162 0.9521943774899192
	a 162 133 0.9521943774899192
0.6773268194476793 2
	a 134 170 0.9776754051143772
	a 170 134 0.9776754051143772
9.591444236375946 2
	a 135 347 0.7263561585909007
	a 347 135 0.7263561585909007
9.793162153802987 2
	a 135 314 0.7214885731957901
	a 314 135 0.7214885731957901
3.572061642504762 2
	a 135 222 0.8877467914483603
	a 222 135 0.8877467914483603
4.236394759563022 2
	a 135 166 0.8683042054158262
	a 166 135 0.8683042054158262
1.088420984350353 2
	a 135 194 0.9643695574554602
	a 194 135 0.9643695574554602
0.5753689120435835 2
	a 136 165 0.981003782431322
	a 165 136 0.981003782431322
3.144121252635224 2
	a 136 263 0.9005009658872808
	a 263 136 0.9005009658872808
0.4068472581547501 2
	a 137 159 0.9865299685964932
	a 159 137 0.9865299685964932
0.4068472581547501 2
	a 138 159 0.9865299685964932
	a 159 138 0.9865299685964932
1.248857222541599 2
	a 139 209 0.9592259958080578
	a 209 139 0.9592259958080578
1.588984649521283 2
	a 139 182 0.9484121109621378
	a 182 139 0.9484121109621378
0.6981164340668319 2
	a 140 174 0.9769981233187751
	a 174 140 0.9769981233187751
1.64751219978562 2
	a 140 162 0.946563640073117
	a 162 140 0.946563640073117
0.3981115513613038 2
	a 141 159 0.986817278310307
	a 159 141 0.986817278310307
3.027950330650073 2
	a 141 198 0.9039947937900603
	a 198 141 0.9039947937900603
1.491773279900752 2
	a 141 210 0.9514903102104922
	a 210 141 0.9514903102104922
1.328070587127958 2
	a 141 215 0.9566965527550114
	a 215 141 0.9566965527550114
1.499284376447152 2
	a 142 209 0.9512521155106944
	a 209 142 0.9512521155106944
2.1720446337767 2
	a 142 268 0.9301573740031812
	a 268 142 0.9301573740031812
2.770798249237151 2
	a 142 283 0.9117769039987454
	a 283 142 0.9117769039987454
0.6773268194476793 2
	a 143 174 0.9776754051143772
	a 174 143 0.9776754051143772
0.4068472581547501 2
	a 144 163 0.9865299685964932
	a 163 144 0.9865299685964932
2.99035953357606 2
	a 145 191 0.9051282332516191
	a 191 145 0.9051282332516191
2.76330199809515 2
	a 145 217 0.9120047627542625
	a 217 145 0.9120047627542625
0.5575248444503217 2
	a 145 172 0.9815874592603586
	a 172 145 0.9815874592603586
1.241928224970066 2
	a 145 196 0.959447570548437
	a 196 145 0.959447570548437
1.61591233708054 2
	a 146 158 0.947561208066675
	a 158 146 0.947561208066675
1.691560503664214 2
	a 146 148 0.9451748424636586
	a 148 146 0.9451748424636586
0.4116662147502663 2
	a 146 165 0.9863715131533709
	a 165 146 0.9863715131533709
2.998825857758833 2
	a 147 166 0.9048728323234421
	a 166 147 0.9048728323234421
2.03569844557326 2
	a 147 156 0.934394442257405
	a 156 147 0.934394442257405
1.334528378725622 2
	a 147 224 0.9564906366865277
	a 224 147 0.9564906366865277
0.1356157527182506 2
	a 148 158 0.9954896771040572
	a 158 148 0.9954896771040572
1.691560503664214 2
	a 148 165 0.9451748424636586
	a 165 148 0.9451748424636586
0.4068472581547501 2
	a 149 168 0.9865299685964932
	a 168 149 0.9865299685964932
1.604933260944054 2
	a 149 174 0.9479080497510697
	a 174 149 0.9479080497510697
0.7218667123477758 2
	a 150 191 0.9762249634948802
	a 191 150 0.9762249634948802
1.127108817932829 2
	a 151 217 0.9631267133784222
	a 217 151 0.9631267133784222
9.768026551566971 2
	a 152 420 0.7220933281682086
	a 420 152 0.7220933281682086
0.9056588220468618 2
	a 152 205 0.9702624981924419
	a 205 152 0.9702624981924419
0.6981164340668319 2
	a 153 178 0.9769981233187751
	a 178 153 0.9769981233187751
1.356157527182502 2
	a 153 231 0.9558012826194622
	a 231 153 0.9558012826194622
2.15815821809239 2
	a 153 282 0.9305880253971377
	a 282 153 0.9305880253971377
2.03569844557326 2
	a 154 273 0.934394442257405
	a 273 154 0.934394442257405
2.658144991933356 2
	a 154 184 0.9152071617354046
	a 184 154 0.9152071617354046
3.737874181870994 2
	a 154 169 0.8828536745802822
	a 169 154 0.8828536745802822
7.0969230088473 2
	a 155 372 0.7893352840558141
	a 372 155 0.7893352840558141
6.524578323568808 2
	a 155 477 0.8045389133436105
	a 477 155 0.8045389133436105
1.555485357104156 2
	a 156 224 0.9494717402871466
	a 224 156 0.9494717402871466
0.7884591958105146 2
	a 156 197 0.9740603919623205
	a 197 156 0.9740603919623205
0.4217785570495555 2
	a 157 174 0.9860390849711355
	a 174 157 0.9860390849711355
2.03569844557326 2
	a 158 277 0.934394442257405
	a 277 158 0.934394442257405
4.074624252227082 2
	a 158 263 0.8729990525641389
	a 263 158 0.8729990525641389
0.9849989873620122 2
	a 159 215 0.9676998621187332
	a 215 159 0.9676998621187332
1.003980265370219 2
	a 160 219 0.9670877831028056
	a 219 160 0.9670877831028056
4.418376774166902 2
	a 160 184 0.8630529571111477
	a 184 160 0.8630529571111477
2.604665358339847 2
	a 161 217 0.9168401149209898
	a 217 161 0.9168401149209898
0.9763801406626829 2
	a 161 163 0.9679779172841535
	a 163 161 0.9679779172841535
1.494995591554789 2
	a 161 257 0.9513881157551204
	a 257 161 0.9513881157551204
1.247369671432133 2
	a 161 200 0.9592735602437666
	a 200 161 0.9592735602437666
0.2701555345749592 2
	a 162 174 0.9910352407514
	a 174 162 0.9910352407514
4.075814651140242 2
	a 163 217 0.8729644126806194
	a 217 163 0.8729644126806194
3.82512655444436 2
	a 163 200 0.8802897023405833
	a 200 163 0.8802897023405833
1.025590215157039 2
	a 163 225 0.9663914099949715
	a 225 163 0.9663914099949715
1.250070526955394 2
	a 164 249 0.9591872021547203
	a 249 164 0.9591872021547203
0.99986533083179 2
	a 164 221 0.9672204422980087
	a 221 164 0.9672204422980087
1.519807460906963 2
	a 165 263 0.9506015838010454
	a 263 165 0.9506015838010454
0.487629339878578 2
	a 166 194 0.9838770771494869
	a 194 166 0.9838770771494869
1.356157527182502 2
	a 167 174 0.9558012826194622
	a 174 167 0.9558012826194622
2.552089680587133 2
	a 167 249 0.91844830672004
	a 249 167 0.91844830672004
1.84378686706108 2
	a 167 212 0.9403909722793672
	a 212 167 0.9403909722793672
0.8746873575346277 2
	a 167 221 0.9712646971139117
	a 221 167 0.9712646971139117
0.1356157527182506 2
	a 168 174 0.9954896771040572
	a 174 168 0.9954896771040572
2.955941855802051 2
	a 169 214 0.9061672428718363
	a 214 169 0.9061672428718363
2.037550662921261 2
	a 169 293 0.9343367539850829
	a 293 169 0.9343367539850829
1.134632192225375 2
	a 170 247 0.962885211569633
	a 247 170 0.962885211569633
2.653284437465957 2
	a 170 298 0.9153554542234278
	a 298 170 0.9153554542234278
5.565177410762203 2
	a 171 318 0.8306839231574654
	a 318 171 0.8306839231574654
7.649985801199058 2
	a 171 202 0.7749168647240045
	a 202 171 0.7749168647240045
3.664091061885526 2
	a 171 245 0.8850276701741058
	a 245 171 0.8850276701741058
0.4068472581547501 2
	a 171 193 0.9865299685964932
	a 193 171 0.9865299685964932
2.41666189130215 2
	a 171 185 0.9226037932607947
	a 185 171 0.9226037932607947
0.4217785570495555 2
	a 172 196 0.9860390849711355
	a 196 172 0.9860390849711355
5.081047468123093 2
	a 173 325 0.8441979711334564
	a 325 173 0.8441979711334564
6.289749634774083 2
	a 173 286 0.8108612527767601
	a 286 173 0.8108612527767601
7.594963687595713 2
	a 173 348 0.7763394209849062
	a 348 173 0.7763394209849062
5.302411307321358 2
	a 173 376 0.8379917331059789
	a 376 173 0.8379917331059789
4.127709931099995 2
	a 173 218 0.8714556269514528
	a 218 173 0.8714556269514528
4.298057940412786 2
	a 173 387 0.8665212917373063
	a 387 173 0.8665212917373063
2.552089680587133 2
	a 174 249 0.91844830672004
	a 249 174 0.91844830672004
1.545598435309036 2
	a 174 188 0.9497847036164766
	a 188 174 0.9497847036164766
0.7109846647618342 2
	a 174 221 0.9765791386104156
	a 221 174 0.9765791386104156
6.87984887672852 2
	a 175 318 0.7950674732704344
	a 318 175 0.7950674732704344
5.777902594320192 2
	a 175 432 0.824814510945708
	a 432 175 0.824814510945708
7.844795547113656 2
	a 175 270 0.7699011223566841
	a 270 175 0.7699011223566841
4.578997237317166 2
	a 175 402 0.8584445061221556
	a 402 175 0.8584445061221556
7.93097209800281 2
	a 175 259 0.7676927149824113
	a 259 175 0.7676927149824113
4.993046849195679 2
	a 175 248 0.8466779381309488
	a 248 175 0.8466779381309488
5.463579436606873 2
	a 175 262 0.8335018855772773
	a 262 175 0.8335018855772773
4.180110949324783 2
	a 176 179 0.8699347834942187
	a 179 176 0.8699347834942187
1.385168937220699 2
	a 176 246 0.9548774246343368
	a 246 176 0.9548774246343368
2.72467014217487 2
	a 176 323 0.9131799337956192
	a 323 176 0.9131799337956192
3.239374638182212 2
	a 177 257 0.8976463080263062
	a 257 177 0.8976463080263062
2.697419526385242 2
	a 177 200 0.9140098011625936
	a 200 177 0.9140098011625936
2.95939598450326 2
	a 177 338 0.9060629149352636
	a 338 177 0.9060629149352636
1.220541774464252 2
	a 177 223 0.9601317870014974
	a 223 177 0.9601317870014974
3.456998610808815 2
	a 178 360 0.8911582240026372
	a 360 178 0.8911582240026372
2.911284216784919 2
	a 178 282 0.9075171570095792
	a 282 178 0.9075171570095792
2.691668324502915 2
	a 179 323 0.9141850397888992
	a 323 179 0.9141850397888992
1.825684370089437 2
	a 180 293 0.9409585910083444
	a 293 180 0.9409585910083444
5.061617035262408 2
	a 180 207 0.844744919304973
	a 207 180 0.844744919304973
0.8678838813832842 2
	a 181 244 0.9714849879654753
	a 244 181 0.9714849879654753
0.9493102690277512 2
	a 181 194 0.9688517460642906
	a 194 181 0.9688517460642906
1.64751219978562 2
	a 182 286 0.946563640073117
	a 286 182 0.946563640073117
2.239509420363549 2
	a 183 278 0.9280679619550541
	a 278 183 0.9280679619550541
0.5424630108730013 2
	a 183 220 0.9820803998915988
	a 220 183 0.9820803998915988
1.413255877275242 2
	a 184 273 0.9539838568265261
	a 273 184 0.9539838568265261
3.817138492775123 2
	a 185 245 0.8805241271635003
	a 245 185 0.8805241271635003
1.220541774464252 2
	a 185 193 0.9601317870014974
	a 193 185 0.9601317870014974
0.3981115513613038 2
	a 185 211 0.986817278310307
	a 211 185 0.986817278310307
0.8546955794297674 2
	a 186 249 0.9719121564311943
	a 249 186 0.9719121564311943
0.5753689120435835 2
	a 187 224 0.981003782431322
	a 224 187 0.981003782431322
2.010524034629345 2
	a 187 197 0.9351788656570947
	a 197 187 0.9351788656570947
0.8266086393752234 2
	a 188 249 0.9728225171346718
	a 249 188 0.9728225171346718
3.452349856503486 2
	a 189 195 0.8912963272235119
	a 195 189 0.8912963272235119
8.499580609978642 2
	a 189 376 0.7532791869735272
	a 376 189 0.7532791869735272
0.8678838813832842 2
	a 189 251 0.9714849879654753
	a 251 189 0.9714849879654753
8.529826634185909 2
	a 189 353 0.7525201130031854
	a 353 189 0.7525201130031854
2.974739776792058 2
	a 190 249 0.9055996187184667
	a 249 190 0.9055996187184667
0.99986533083179 2
	a 190 260 0.9672204422980087
	a 260 190 0.9672204422980087
0.4068472581547501 2
	a 191 217 0.9865299685964932
	a 217 191 0.9865299685964932
0.7671585448709205 2
	a 192 249 0.9747522415608111
	a 249 192 0.9747522415608111
0.8266086393752234 2
	a 192 235 0.9728225171346718
	a 235 192 0.9728225171346718
0.69040501949209 2
	a 193 245 0.9772492901838444
	a 245 193 0.9772492901838444
1.28340913278765 2
	a 194 244 0.9581218620785064
	a 244 194 0.9581218620785064
0.5294379043957786 2
	a 194 230 0.9825068825271878
	a 230 194 0.9825068825271878
2.349454702317066 2
	a 194 291 0.9246729636972977
	a 291 194 0.9246729636972977
0.8678838813832842 2
	a 195 256 0.9714849879654753
	a 256 195 0.9714849879654753
0.3981115513613038 2
	a 196 215 0.986817278310307
	a 215 196 0.986817278310307
0.6915073676175353 2
	a 196 249 0.9772133818794684
	a 249 196 0.9772133818794684
0.4217785570495555 2
	a 197 224 0.9860390849711355
	a 224 197 0.9860390849711355
1.669793565082048 2
	a 198 210 0.9458608767395049
	a 210 198 0.9458608767395049
0.6780787635912512 2
	a 198 249 0.9776509001783111
	a 249 198 0.9776509001783111
9.191312412625875 2
	a 199 366 0.7361089948264138
	a 366 199 0.7361089948264138
1.388046355412949 2
	a 199 284 0.954785842970619
	a 284 199 0.954785842970619
1.49240804751345 2
	a 199 204 0.9514701779157245
	a 204 199 0.9514701779157245
0.8266086393752234 2
	a 200 257 0.9728225171346718
	a 257 200 0.9728225171346718
0.3981115513613038 2
	a 200 225 0.986817278310307
	a 225 200 0.986817278310307
0.5143760708184569 2
	a 201 238 0.9830002848809992
	a 238 201 0.9830002848809992
1.356157527182502 2
	a 201 267 0.9558012826194622
	a 267 201 0.9558012826194622
2.210738904586905 2
	a 202 318 0.9289584220014278
	a 318 202 0.9289584220014278
4.386145064108334 2
	a 202 304 0.8639807111628576
	a 304 202 0.8639807111628576
0.6308226318210105 2
	a 203 249 0.9791921137149343
	a 249 203 0.9791921137149343
1.153879263547335 2
	a 203 206 0.9622676523495237
	a 206 203 0.9622676523495237
3.116950871645429 2
	a 203 260 0.9013169004632239
	a 260 203 0.9013169004632239
1.342527456914504 2
	a 204 284 0.9562356359045654
	a 284 204 0.9562356359045654
4.855664072945285 2
	a 204 267 0.8505641284574116
	a 267 204 0.8505641284574116
2.118024594011236 2
	a 204 272 0.93183378749333
	a 272 204 0.93183378749333
4.439690968599669 2
	a 204 315 0.8624399989309739
	a 315 204 0.8624399989309739
7.315045532104046 2
	a 204 437 0.7836170370922989
	a 437 204 0.7836170370922989
0.3981115513613038 2
	a 205 229 0.986817278310307
	a 229 205 0.986817278310307
1.808693321060247 2
	a 206 249 0.9414916710723951
	a 249 206 0.9414916710723951
0.7884591958105146 2
	a 206 260 0.9740603919623205
	a 260 206 0.9740603919623205
3.199966006874039 2
	a 207 260 0.8988262499348295
	a 260 207 0.8988262499348295
0.4068472581547501 2
	a 207 234 0.9865299685964932
	a 234 207 0.9865299685964932
1.126737926931244 2
	a 207 253 0.9631386206197394
	a 253 207 0.9631386206197394
0.726203378641899 2
	a 208 249 0.9760838549643137
	a 249 208 0.9760838549643137
0.4151947874586657 2
	a 208 237 0.9862555038559035
	a 237 208 0.9862555038559035
0.9493102690277512 2
	a 209 268 0.9688517460642906
	a 268 209 0.9688517460642906
1.227679281255588 2
	a 210 215 0.9599033826015307
	a 215 210 0.9599033826015307
0.4889695489932395 2
	a 210 249 0.9838331247637007
	a 249 210 0.9838331247637007
0.3835792746957232 2
	a 211 240 0.9872954174986995
	a 240 211 0.9872954174986995
0.9493102690277512 2
	a 212 249 0.9688517460642906
	a 249 212 0.9688517460642906
0.4068472581547501 2
	a 212 237 0.9865299685964932
	a 237 212 0.9865299685964932
0.1356157527182506 2
	a 212 221 0.9954896771040572
	a 221 212 0.9954896771040572
0.7241308354215087 2
	a 213 263 0.9761512898261859
	a 263 213 0.9761512898261859
0.9589481822187813 2
	a 214 273 0.9685405390892792
	a 273 214 0.9685405390892792
3.120560953941737 2
	a 214 293 0.9012084460493199
	a 293 214 0.9012084460493199
0.4068472581547501 2
	a 215 249 0.9865299685964932
	a 249 215 0.9865299685964932
0.3981115513613038 2
	a 216 249 0.986817278310307
	a 249 216 0.986817278310307
0.9583507903075323 2
	a 216 221 0.9685598258907672
	a 221 216 0.9685598258907672
1.604933260944054 2
	a 216 236 0.9479080497510697
	a 236 216 0.9479080497510697
2.313317498168041 2
	a 217 249 0.9257874713377113
	a 249 217 0.9257874713377113
0.6981164340668319 2
	a 217 257 0.9769981233187751
	a 257 217 0.9769981233187751
4.170593779358923 2
	a 217 258 0.8702108045140107
	a 258 217 0.8702108045140107
0.5488408072586609 2
	a 217 256 0.9818716384555221
	a 256 217 0.9818716384555221
8.570510745209972 2
	a 218 283 0.7515002842790586
	a 283 218 0.7515002842790586
3.571446267944701 2
	a 218 387 0.8877650015281677
	a 387 218 0.8877650015281677
7.128589915460002 2
	a 218 352 0.7885025300879617
	a 352 218 0.7885025300879617
