0.3981115513613038 2
	a 0 20 0.986817278310307
	a 20 0 0.986817278310307
0.7241308354215087 2
	a 1 45 0.9761512898261859
	a 45 1 0.9761512898261859
0.8249184195643712 2
	a 2 4 0.9728773281417317
	a 4 2 0.9728773281417317
0.7960384844779068 2
	a 2 49 0.9738143335497531
	a 49 2 0.9738143335497531
1.68410134343058 2
	a 2 61 0.9454098787019549
	a 61 2 0.9454098787019549
2.741943832514826 2
	a 2 71 0.9126542855615206
	a 71 2 0.9126542855615206
1.057281840000934 2
	a 3 56 0.9653710652289879
	a 56 3 0.9653710652289879
0.590484815621513 2
	a 4 39 0.9805096149854075
	a 39 4 0.9805096149854075
2.069519386912158 2
	a 4 75 0.9333416324985631
	a 75 4 0.9333416324985631
0.7960384844779068 2
	a 4 30 0.9738143335497531
	a 30 4 0.9738143335497531
0.7671585448709205 2
	a 4 49 0.9747522415608111
	a 49 4 0.9747522415608111
5.333048017909581 2
	a 5 136 0.8371363929203939
	a 136 5 0.8371363929203939
7.747013560651988 2
	a 5 161 0.7724146317679472
	a 161 5 0.7724146317679472
1.481830990714321 2
	a 5 43 0.951805695529213
	a 43 5 0.951805695529213
0.69040501949209 2
	a 6 48 0.9772492901838444
	a 48 6 0.9772492901838444
1.385168937220699 2
	a 7 67 0.9548774246343368
	a 67 7 0.9548774246343368
3.193126881861831 2
	a 7 15 0.8990311794625049
	a 15 7 0.8990311794625049
2.706277563108164 2
	a 8 66 0.9137399632556618
	a 66 8 0.9137399632556618
1.213897940656483 2
	a 8 31 0.9603444424156286
	a 31 8 0.9603444424156286
0.5424630108730013 2
	a 8 38 0.9820803998915988
	a 38 8 0.9820803998915988
3.372931151585412 2
	a 9 19 0.8936589731485683
	a 19 9 0.8936589731485683
0.1356157527182506 2
	a 9 14 0.9954896771040572
	a 14 9 0.9954896771040572
5.224629913988475 2
	a 9 48 0.840167224252936
	a 48 9 0.840167224252936
0.6780787635912512 2
	a 10 48 0.9776509001783111
	a 48 10 0.9776509001783111
0.4217785570495555 2
	a 11 36 0.9860390849711355
	a 36 11 0.9860390849711355
3.100692418912422 2
	a 12 50 0.9018055001232945
	a 50 12 0.9018055001232945
1.936327367967538 2
	a 12 39 0.9374946333328481
	a 39 12 0.9374946333328481
3.619173917605042 2
	a 12 76 0.886353759847513
	a 76 12 0.886353759847513
1.69290710932188 2
	a 12 75 0.9451324174894826
	a 75 12 0.9451324174894826
2.328550370332689 2
	a 13 19 0.9253175105885914
	a 19 13 0.9253175105885914
0.5753689120435835 2
	a 13 48 0.981003782431322
	a 48 13 0.981003782431322
0.5424630108730013 2
	a 14 48 0.9820803998915988
	a 48 14 0.9820803998915988
1.220770282487056 2
	a 15 67 0.9601244737688071
	a 67 15 0.9601244737688071
1.356157527182502 2
	a 15 65 0.9558012826194622
	a 65 15 0.9558012826194622
1.220541774464252 2
	a 16 67 0.9601317870014974
	a 67 16 0.9601317870014974
1.211806067670806 2
	a 17 67 0.9604114087035521
	a 67 17 0.9604114087035521
0.8455244466185425 2
	a 17 57 0.9722093196998592
	a 57 17 0.9722093196998592
4.602951282787096 2
	a 18 45 0.8577593390761656
	a 45 18 0.8577593390761656
1.356157527182502 2
	a 18 70 0.9558012826194622
	a 70 18 0.9558012826194622
1.116507928925421 2
	a 19 58 0.9634671068290531
	a 58 19 0.9634671068290531
0.487629339878578 2
	a 19 48 0.9838770771494869
	a 48 19 0.9838770771494869
0.4518359985116184 2
	a 20 48 0.9850516526460312
	a 48 20 0.9850516526460312
0.3002129760370238 2
	a 20 23 0.990042805211115
	a 23 20 0.990042805211115
1.255322192733106 2
	a 20 22 0.9590193058306061
	a 22 20 0.9590193058306061
1.373851540465907 2
	a 21 24 0.9552377168117819
	a 24 21 0.9552377168117819
1.392998929689093 2
	a 21 72 0.9546282343869431
	a 72 21 0.9546282343869431
3.407835133887094 2
	a 21 79 0.8926198358668586
	a 79 21 0.8926198358668586
5.44010867143333 2
	a 21 98 0.8341542382985646
	a 98 21 0.8341542382985646
0.4068472581547501 2
	a 22 48 0.9865299685964932
	a 48 22 0.9865299685964932
0.9771047220678813 2
	a 22 23 0.967954538273171
	a 23 22 0.967954538273171
0.4068472581547501 2
	a 23 48 0.9865299685964932
	a 48 23 0.9865299685964932
0.3002129760370238 2
	a 23 27 0.990042805211115
	a 27 23 0.990042805211115
2.810091277157183 2
	a 24 34 0.9105834698851663
	a 34 24 0.9105834698851663
4.073705125504084 2
	a 24 59 0.8730257995324798
	a 59 24 0.8730257995324798
1.371767953602719 2
	a 24 72 0.9553040631409933
	a 72 24 0.9553040631409933
5.737697681558361 2
	a 24 98 0.8259206384914208
	a 98 24 0.8259206384914208
0.649991823536707 2
	a 25 55 0.9785666361893822
	a 55 25 0.9785666361893822
0.2701555345749592 2
	a 26 41 0.9910352407514
	a 41 26 0.9910352407514
0.3403795954308141 2
	a 27 48 0.9887181364487514
	a 48 27 0.9887181364487514
1.940314217948049 2
	a 28 82 0.9373700532623779
	a 82 28 0.9373700532623779
1.573625501008753 2
	a 28 51 0.9488977953619545
	a 51 28 0.9488977953619545
0.9056588220468618 2
	a 28 36 0.9702624981924419
	a 36 28 0.9702624981924419
5.837711803858216 2
	a 28 112 0.8231717655477031
	a 112 28 0.8231717655477031
0.683690715218685 2
	a 29 58 0.9774680329641998
	a 58 29 0.9774680329641998
9.759609008370452 2
	a 29 122 0.7222959649880081
	a 122 29 0.7222959649880081
10.463427619225 2
	a 29 88 0.7055476842740724
	a 88 29 0.7055476842740724
8.710794423780461 2
	a 29 91 0.7479943802085812
	a 91 29 0.7479943802085812
1.363828107854099 2
	a 30 75 0.9555569288315725
	a 75 30 0.9555569288315725
1.756565993506545 2
	a 30 49 0.9431290079846392
	a 49 30 0.9431290079846392
1.027006667447879 2
	a 30 61 0.9663457828279073
	a 61 30 0.9663457828279073
0.2822352093936812 2
	a 31 48 0.9906362749650008
	a 48 31 0.9906362749650008
0.9006357637435058 2
	a 31 63 0.9704249679635806
	a 63 31 0.9704249679635806
0.8136945163095008 2
	a 31 38 0.973241378938998
	a 38 31 0.973241378938998
0.2701555345749592 2
	a 32 48 0.9910352407514
	a 48 32 0.9910352407514
0.9569120473074697 2
	a 33 66 0.9686062772936068
	a 66 33 0.9686062772936068
0.5753689120435835 2
	a 33 42 0.981003782431322
	a 42 33 0.981003782431322
1.68410134343058 2
	a 34 78 0.9454098787019549
	a 78 34 0.9454098787019549
2.542706702408589 2
	a 34 59 0.9187356109945294
	a 59 34 0.9187356109945294
0.6567061232895878 2
	a 35 47 0.9783476477054169
	a 47 35 0.9783476477054169
0.3981115513613038 2
	a 35 51 0.986817278310307
	a 51 35 0.986817278310307
0.3981115513613038 2
	a 36 51 0.986817278310307
	a 51 36 0.986817278310307
0.1917896373478611 2
	a 37 48 0.9936274037579175
	a 48 37 0.9936274037579175
3.077787700329151 2
	a 37 91 0.9024942830694006
	a 91 37 0.9024942830694006
3.075020090211878 2
	a 37 86 0.9025775453202525
	a 86 37 0.9025775453202525
1.555485357104156 2
	a 37 63 0.9494717402871466
	a 63 37 0.9494717402871466
0.1356157527182506 2
	a 38 48 0.9954896771040572
	a 48 38 0.9954896771040572
1.207341673940248 2
	a 39 75 0.9605543411607935
	a 75 39 0.9605543411607935
0.3835792746957232 2
	a 40 55 0.9872954174986995
	a 55 40 0.9872954174986995
3.35097460861937 2
	a 40 97 0.8943132679415884
	a 97 40 0.8943132679415884
3.193502682153665 2
	a 40 89 0.8990199176603879
	a 89 40 0.8990199176603879
0.8185134729050157 2
	a 41 67 0.9730850578956706
	a 67 41 0.9730850578956706
8.57959761091298 2
	a 42 160 0.7512726926770701
	a 160 42 0.7512726926770701
0.9302638502529895 2
	a 42 66 0.9694670465676806
	a 66 42 0.9694670465676806
5.672596356584108 2
	a 42 151 0.8277148688298392
	a 151 42 0.8277148688298392
4.729965466252912 2
	a 43 136 0.8541354292198385
	a 136 43 0.8541354292198385
3.414252783221953 2
	a 44 89 0.8924289055864487
	a 89 44 0.8924289055864487
3.07047314717264 2
	a 44 72 0.9027143546439628
	a 72 44 0.9027143546439628
1.405711039529566 2
	a 44 64 0.9542238087789622
	a 64 44 0.9542238087789622
1.783013673629581 2
	a 44 83 0.9422979218995169
	a 83 44 0.9422979218995169
5.506377286396478 2
	a 44 99 0.8323136637178651
	a 99 44 0.8323136637178651
2.823598000377558 2
	a 45 98 0.9101735955298547
	a 98 45 0.9101735955298547
4.466457951491954 2
	a 45 130 0.8616708448909831
	a 130 45 0.8616708448909831
6.682283115843506 2
	a 45 110 0.8003206888875539
	a 110 45 0.8003206888875539
4.33330588946861 2
	a 45 70 0.8655037863257758
	a 70 45 0.8655037863257758
3.22999882051541 2
	a 46 94 0.8979268908060165
	a 94 46 0.8979268908060165
1.027006667447879 2
	a 46 73 0.9663457828279073
	a 73 46 0.9663457828279073
0.572507812946912 2
	a 47 53 0.9810973451939815
	a 53 47 0.9810973451939815
1.660294933789586 2
	a 47 82 0.946160403612662
	a 82 47 0.946160403612662
7.00551853397821 2
	a 48 58 0.79174391075132
	a 58 48 0.79174391075132
4.152317355184421 2
	a 48 86 0.8707411107587915
	a 86 48 0.8707411107587915
0.2591518306177774 2
	a 48 54 0.9913988093706936
	a 54 48 0.9913988093706936
0.4007677214940443 2
	a 49 61 0.9867299103587291
	a 61 49 0.9867299103587291
4.000822222885161 2
	a 50 69 0.8751493331205985
	a 69 50 0.8751493331205985
5.169165882893317 2
	a 50 115 0.8417219630464693
	a 115 50 0.8417219630464693
1.057281840000934 2
	a 50 76 0.9653710652289879
	a 76 50 0.9653710652289879
1.481545971607358 2
	a 51 82 0.9518147383324805
	a 82 51 0.9518147383324805
0.6385290286129006 2
	a 52 70 0.9789406112538208
	a 70 52 0.9789406112538208
0.3981115513613038 2
	a 52 56 0.986817278310307
	a 56 52 0.986817278310307
1.385168937220699 2
	a 53 82 0.9548774246343368
	a 82 53 0.9548774246343368
0.2701555345749592 2
	a 54 63 0.9910352407514
	a 63 54 0.9910352407514
2.104789825580311 2
	a 55 97 0.9322449649970983
	a 97 55 0.9322449649970983
0.5753689120435835 2
	a 56 70 0.981003782431322
	a 70 56 0.981003782431322
0.3981115513613038 2
	a 57 67 0.986817278310307
	a 67 57 0.986817278310307
1.763004785337253 2
	a 58 91 0.942926609327066
	a 91 58 0.942926609327066
3.122047750123513 2
	a 59 89 0.9011637833801815
	a 89 59 0.9011637833801815
2.453202868752269 2
	a 59 78 0.9214807158918936
	a 78 59 0.9214807158918936
0.5753689120435835 2
	a 59 72 0.981003782431322
	a 72 59 0.981003782431322
0.3002129760370238 2
	a 60 67 0.990042805211115
	a 67 60 0.990042805211115
6.96168091369199 2
	a 61 108 0.7929016954181636
	a 108 61 0.7929016954181636
0.4518359985116184 2
	a 61 71 0.9850516526460312
	a 71 61 0.9850516526460312
9.542125660238368 2
	a 61 157 0.7275512356971211
	a 157 61 0.7275512356971211
7.736971896762489 2
	a 61 123 0.7726732193135379
	a 123 61 0.7726732193135379
1.465260119971778 2
	a 62 67 0.9523315823943176
	a 67 62 0.9523315823943176
1.847293601112768 2
	a 62 93 0.9402810553355041
	a 93 62 0.9402810553355041
12.53915601063646 2
	a 62 154 0.6583807503759697
	a 154 62 0.6583807503759697
1.62663708847543 2
	a 63 91 0.947222523329177
	a 91 63 0.947222523329177
2.983546559801504 2
	a 64 89 0.9053338104244587
	a 89 64 0.9053338104244587
0.4217785570495555 2
	a 64 72 0.9860390849711355
	a 72 64 0.9860390849711355
0.1356157527182506 2
	a 65 67 0.9954896771040572
	a 67 65 0.9954896771040572
1.92183740793733 2
	a 66 101 0.9379475513622964
	a 101 66 0.9379475513622964
2.483102688545475 2
	a 66 81 0.9205627698299736
	a 81 66 0.9205627698299736
5.682253147487918 2
	a 66 160 0.8274484760599187
	a 160 66 0.8274484760599187
1.604933260944054 2
	a 67 93 0.9479080497510697
	a 93 67 0.9479080497510697
5.565177410762203 2
	a 67 100 0.8306839231574654
	a 100 67 0.8306839231574654
1.579278417634558 2
	a 68 82 0.948719010869261
	a 82 68 0.948719010869261
1.648983906454645 2
	a 68 97 0.9465172057446963
	a 97 68 0.9465172057446963
2.604665358339847 2
	a 69 112 0.9168401149209898
	a 112 69 0.9168401149209898
2.765771239994866 2
	a 69 115 0.9119297004976549
	a 115 69 0.9119297004976549
4.916186675588913 2
	a 70 156 0.8488499130261522
	a 156 70 0.8488499130261522
7.895601859702232 2
	a 70 136 0.7685983645705498
	a 136 70 0.7685983645705498
1.088420984350353 2
	a 71 74 0.9643695574554602
	a 74 71 0.9643695574554602
2.116474731983919 2
	a 71 105 0.9318819291969694
	a 105 71 0.9318819291969694
7.423991583629963 2
	a 71 123 0.7807764652954653
	a 123 71 0.7807764652954653
1.088420984350353 2
	a 72 89 0.9643695574554602
	a 89 72 0.9643695574554602
1.362615323300689 2
	a 73 94 0.9555955591018436
	a 94 73 0.9555955591018436
1.897868593911931 2
	a 74 105 0.9386972338198799
	a 105 74 0.9386972338198799
12.44422523236257 2
	a 74 154 0.6604674033290743
	a 154 74 0.6604674033290743
1.944064083921212 2
	a 75 108 0.9372528935158532
	a 108 75 0.9372528935158532
3.579538568402 2
	a 76 115 0.8875255651185476
	a 115 76 0.8875255651185476
1.884715995065577 2
	a 76 102 0.9391088676526849
	a 102 76 0.9391088676526849
2.471011450223571 2
	a 76 116 0.9209338694038495
	a 116 76 0.9209338694038495
3.052367295971379 2
	a 76 108 0.903259332808394
	a 108 76 0.903259332808394
3.907278111162285 2
	a 77 82 0.8778824275540645
	a 82 77 0.8778824275540645
1.975247637909123 2
	a 77 112 0.9362791704657714
	a 112 77 0.9362791704657714
3.621229585705272 2
	a 77 142 0.8862930269566599
	a 142 77 0.8862930269566599
0.6385290286129006 2
	a 78 89 0.9789406112538208
	a 89 78 0.9789406112538208
1.211806067670806 2
	a 79 83 0.9604114087035521
	a 83 79 0.9604114087035521
1.088420984350353 2
	a 79 98 0.9643695574554602
	a 98 79 0.9643695574554602
2.059344055616256 2
	a 79 90 0.9336582548685839
	a 90 79 0.9336582548685839
2.820674875156118 2
	a 80 99 0.9102622848970527
	a 99 80 0.9102622848970527
3.166177875506246 2
	a 80 138 0.8998391422036974
	a 138 80 0.8998391422036974
0.5753689120435835 2
	a 81 91 0.981003782431322
	a 91 81 0.981003782431322
1.027006667447879 2
	a 81 101 0.9663457828279073
	a 101 81 0.9663457828279073
0.7283443128863859 2
	a 82 97 0.9760141997381114
	a 97 82 0.9760141997381114
0.572507812946912 2
	a 82 92 0.9810973451939815
	a 92 82 0.9810973451939815
4.25460225025042 2
	a 82 142 0.8677773772778399
	a 142 82 0.8677773772778399
0.4217785570495555 2
	a 83 90 0.9860390849711355
	a 90 83 0.9860390849711355
0.9569120473074697 2
	a 83 84 0.9686062772936068
	a 84 83 0.9686062772936068
0.9592106393850176 2
	a 84 99 0.9685320657795015
	a 99 84 0.9685320657795015
0.3981115513613038 2
	a 84 90 0.986817278310307
	a 90 84 0.986817278310307
0.9493102690277512 2
	a 84 96 0.9688517460642906
	a 96 84 0.9688517460642906
1.907785025694843 2
	a 85 93 0.9383870008599716
	a 93 85 0.9383870008599716
4.748935257606863 2
	a 85 127 0.8535955075784993
	a 127 85 0.8535955075784993
3.26042382587259 2
	a 85 145 0.8970167047421899
	a 145 85 0.8970167047421899
8.249158858100571 2
	a 85 154 0.7595934204548164
	a 154 85 0.7595934204548164
0.2701555345749592 2
	a 86 91 0.9910352407514
	a 91 86 0.9910352407514
0.4518359985116184 2
	a 87 89 0.9850516526460312
	a 89 87 0.9850516526460312
2.917905298789906 2
	a 87 142 0.9073168875931462
	a 142 87 0.9073168875931462
3.119162312519755 2
	a 88 133 0.9012504626108302
	a 133 88 0.9012504626108302
2.163030286337194 2
	a 88 122 0.9304369080561187
	a 122 88 0.9304369080561187
5.277301485639939 2
	a 88 91 0.8386934208188633
	a 91 88 0.8386934208188633
0.3002129760370238 2
	a 88 95 0.990042805211115
	a 95 88 0.990042805211115
1.984278394854708 2
	a 89 97 0.9359973692284843
	a 97 89 0.9359973692284843
3.4020680468796 2
	a 89 142 0.8927914462364643
	a 142 89 0.8927914462364643
1.796436410014297 2
	a 89 120 0.9418764089841104
	a 120 89 0.9418764089841104
3.368293915578014 2
	a 89 99 0.8937971207442973
	a 99 89 0.8937971207442973
0.4068472581547501 2
	a 90 98 0.9865299685964932
	a 98 90 0.9865299685964932
3.788187481472661 2
	a 91 133 0.8813742727723615
	a 133 91 0.8813742727723615
0.1917896373478611 2
	a 91 95 0.9936274037579175
	a 95 91 0.9936274037579175
1.754926729054513 2
	a 91 101 0.943180543987861
	a 101 91 0.943180543987861
0.1917896373478611 2
	a 92 97 0.9936274037579175
	a 97 92 0.9936274037579175
5.341692880230807 2
	a 92 142 0.8368951967118337
	a 142 92 0.8368951967118337
3.664091061885526 2
	a 93 100 0.8850276701741058
	a 100 93 0.8850276701741058
0.69040501949209 2
	a 93 106 0.9772492901838444
	a 106 93 0.9772492901838444
3.817138492775123 2
	a 93 127 0.8805241271635003
	a 127 93 0.8805241271635003
11.16962084382755 2
	a 93 154 0.6891332056518312
	a 154 93 0.6891332056518312
6.94797168450913 2
	a 94 118 0.7932641139218943
	a 118 94 0.7932641139218943
2.271121470404273 2
	a 94 134 0.9270905393225638
	a 134 94 0.9270905393225638
3.425065192118875 2
	a 94 109 0.8921073200005563
	a 109 94 0.8921073200005563
2.234721917581615 2
	a 95 133 0.9282160780381652
	a 133 95 0.9282160780381652
0.953531833712017 2
	a 96 99 0.9687154199791561
	a 99 96 0.9687154199791561
0.9397593081368385 2
	a 96 113 0.969160244007073
	a 113 96 0.969160244007073
9.883210046215533 2
	a 96 103 0.7193262025873588
	a 103 96 0.7193262025873588
2.441083548928503 2
	a 97 142 0.9218530484106888
	a 142 97 0.9218530484106888
1.856596163670476 2
	a 98 130 0.9399895330916023
	a 130 98 0.9399895330916023
6.895713053783646 2
	a 98 113 0.7946471480432351
	a 113 98 0.7946471480432351
2.801422550984003 2
	a 99 120 0.9108466278626846
	a 120 99 0.9108466278626846
2.832730496260832 2
	a 99 149 0.9098965658110655
	a 149 99 0.9098965658110655
2.121979266894151 2
	a 99 131 0.9317109589955905
	a 131 99 0.9317109589955905
5.88434035113013 2
	a 99 138 0.8218933158898234
	a 138 99 0.8218933158898234
7.135501662707788 2
	a 99 103 0.788320886673581
	a 103 99 0.788320886673581
0.4068472581547501 2
	a 100 106 0.9865299685964932
	a 106 100 0.9865299685964932
2.41666189130215 2
	a 100 127 0.9226037932607947
	a 127 100 0.9226037932607947
2.032393751869971 2
	a 101 133 0.9344973775077826
	a 133 101 0.9344973775077826
3.062137488767611 2
	a 101 153 0.9029652134434908
	a 153 101 0.9029652134434908
1.856596163670476 2
	a 102 115 0.9399895330916023
	a 115 102 0.9399895330916023
2.186738306749592 2
	a 102 142 0.9297019046120271
	a 142 102 0.9297019046120271
3.752723537207481 2
	a 102 149 0.8824167891161948
	a 149 102 0.8824167891161948
1.919992373703698 2
	a 102 116 0.9380052379808951
	a 116 102 0.9380052379808951
2.475863967197359 2
	a 102 124 0.9207849198760755
	a 124 102 0.9207849198760755
9.708160157386549 2
	a 103 113 0.7235357376811246
	a 113 103 0.7235357376811246
1.824403406976611 2
	a 103 138 0.9409987696409867
	a 138 103 0.9409987696409867
4.121849924699263 2
	a 103 121 0.8716258680962112
	a 121 103 0.8716258680962112
0.6780787635912512 2
	a 104 105 0.9776509001783111
	a 105 104 0.9776509001783111
0.3981115513613038 2
	a 104 111 0.986817278310307
	a 111 104 0.986817278310307
4.329319920990492 2
	a 104 170 0.8656187896592672
	a 170 104 0.8656187896592672
0.2712315054364995 2
	a 105 111 0.9909996972207403
	a 111 105 0.9909996972207403
6.912358436341259 2
	a 105 123 0.7942063634790882
	a 123 105 0.7942063634790882
5.581429164077025 2
	a 105 144 0.8302340426841839
	a 144 105 0.8302340426841839
1.220541774464252 2
	a 106 127 0.9601317870014974
	a 127 106 0.9601317870014974
3.308234250867867 2
	a 107 150 0.8955882849377629
	a 150 107 0.8955882849377629
5.846402861425346 2
	a 107 183 0.8229333256475521
	a 183 107 0.8229333256475521
6.750284208486055 2
	a 107 212 0.7985086539590226
	a 212 107 0.7985086539590226
0.6780787635912512 2
	a 107 117 0.9776509001783111
	a 117 107 0.9776509001783111
3.239634536731245 2
	a 107 119 0.8976385314942247
	a 119 107 0.8976385314942247
2.576699301646753 2
	a 108 116 0.9176951934997476
	a 116 108 0.9176951934997476
1.77060656361697 2
	a 108 140 0.9426877089621993
	a 140 108 0.9426877089621993
5.850992469180388 2
	a 108 157 0.8228074372383287
	a 157 108 0.8228074372383287
1.500957395660036 2
	a 109 134 0.9511990682210089
	a 134 109 0.9511990682210089
0.9708242887516226 2
	a 109 126 0.9681571986167036
	a 126 109 0.9681571986167036
2.530848130992572 2
	a 110 130 0.9190988458424201
	a 130 110 0.9190988458424201
3.661625323392755 2
	a 110 158 0.8851004147233326
	a 158 110 0.8851004147233326
3.091817552274588 2
	a 110 162 0.9020723197060475
	a 162 110 0.9020723197060475
2.765771239994866 2
	a 110 156 0.9119297004976549
	a 156 110 0.9119297004976549
4.631739460255269 2
	a 111 170 0.856936622944988
	a 170 111 0.856936622944988
3.951112128590009 2
	a 111 144 0.8766006604111943
	a 144 111 0.8766006604111943
2.742353062089703 2
	a 111 159 0.9126418361422557
	a 159 111 0.9126418361422557
0.3002129760370238 2
	a 112 115 0.990042805211115
	a 115 112 0.990042805211115
2.33892697800825 2
	a 112 142 0.9249975107075786
	a 142 112 0.9249975107075786
3.726197258714694 2
	a 113 130 0.8831973752825988
	a 130 113 0.8831973752825988
3.029928462703945 2
	a 113 162 0.9039351883859337
	a 162 113 0.9039351883859337
7.650816379876582 2
	a 113 121 0.7748954107068369
	a 121 113 0.7748954107068369
5.68211811940346 2
	a 114 135 0.827452200361057
	a 135 114 0.827452200361057
1.385168937220699 2
	a 114 125 0.9548774246343368
	a 125 114 0.9548774246343368
1.219789830320679 2
	a 114 133 0.9601558528189085
	a 133 114 0.9601558528189085
1.255322192733106 2
	a 115 142 0.9590193058306061
	a 142 115 0.9590193058306061
0.5488408072586609 2
	a 116 124 0.9818716384555221
	a 124 116 0.9818716384555221
2.901514589054324 2
	a 117 143 0.9078127419623199
	a 143 117 0.9078127419623199
1.250070526955394 2
	a 117 139 0.9591872021547203
	a 139 117 0.9591872021547203
0.487629339878578 2
	a 117 126 0.9838770771494869
	a 126 117 0.9838770771494869
2.034236290773753 2
	a 117 119 0.9344399843445016
	a 119 117 0.9344399843445016
8.794731596950227 2
	a 118 173 0.7459044874394044
	a 173 118 0.7459044874394044
9.429307213906714 2
	a 118 148 0.7302924267497721
	a 148 118 0.7302924267497721
1.385168937220699 2
	a 118 146 0.9548774246343368
	a 146 118 0.9548774246343368
1.084926021746002 2
	a 118 143 0.9644819118512427
	a 143 118 0.9644819118512427
1.627389032619001 2
	a 118 134 0.9471987816790822
	a 134 118 0.9471987816790822
5.928651283954915 2
	a 119 212 0.8206802499947329
	a 212 119 0.8206802499947329
1.756468616875567 2
	a 120 142 0.9431320692804533
	a 142 120 0.9431320692804533
0.5424630108730013 2
	a 120 131 0.9820803998915988
	a 131 120 0.9820803998915988
4.88593129841523 2
	a 121 167 0.8497064206623312
	a 167 121 0.8497064206623312
4.475319839702255 2
	a 121 162 0.8614163481248153
	a 162 121 0.8614163481248153
3.38616584316741 2
	a 121 175 0.8932648167343004
	a 175 121 0.8932648167343004
4.173913955860647 2
	a 121 180 0.8701145013943418
	a 180 121 0.8701145013943418
2.453202868752269 2
	a 121 165 0.9214807158918936
	a 165 121 0.9214807158918936
4.392354294633887 2
	a 121 186 0.8638019078205074
	a 186 121 0.8638019078205074
3.634272154970918 2
	a 122 125 0.8859077927636637
	a 125 122 0.8859077927636637
0.5753689120435835 2
	a 122 133 0.981003782431322
	a 133 122 0.981003782431322
8.3711397804379 2
	a 123 157 0.756511160781646
	a 157 123 0.756511160781646
2.242330946783579 2
	a 123 132 0.9279806804504284
	a 132 123 0.9279806804504284
3.062137488767611 2
	a 123 144 0.9029652134434908
	a 144 123 0.9029652134434908
5.574298365744923 2
	a 123 209 0.8304314071902571
	a 209 123 0.8304314071902571
1.220770282487056 2
	a 124 149 0.9601244737688071
	a 149 124 0.9601244737688071
0.2591518306177774 2
	a 124 129 0.9913988093706936
	a 129 124 0.9913988093706936
0.4498654971040983 2
	a 125 133 0.9851163562932524
	a 133 125 0.9851163562932524
0.7241308354215087 2
	a 126 143 0.9761512898261859
	a 143 126 0.9761512898261859
0.99986533083179 2
	a 126 134 0.9672204422980087
	a 134 126 0.9672204422980087
1.2777003560333 2
	a 126 139 0.9583042028874746
	a 139 126 0.9583042028874746
0.3981115513613038 2
	a 127 135 0.986817278310307
	a 135 127 0.986817278310307
9.893066431863666 2
	a 128 145 0.7190899095240934
	a 145 128 0.7190899095240934
6.893581590039225 2
	a 128 133 0.7947036087684666
	a 133 128 0.7947036087684666
12.95461184485754 2
	a 128 178 0.6493259885182621
	a 178 128 0.6493259885182621
11.28473496649807 2
	a 128 168 0.6864939736256811
	a 168 128 0.6864939736256811
2.051680644497453 2
	a 128 163 0.9338967855683178
	a 163 128 0.9338967855683178
4.685929575736217 2
	a 128 153 0.855390103647907
	a 153 128 0.855390103647907
2.634213757033034 2
	a 129 149 0.9159375209222944
	a 149 129 0.9159375209222944
0.4217785570495555 2
	a 129 137 0.9860390849711355
	a 137 129 0.9860390849711355
0.4518359985116184 2
	a 129 140 0.9850516526460312
	a 140 129 0.9850516526460312
1.539937485710144 2
	a 130 158 0.9499639433049578
	a 158 130 0.9499639433049578
2.27252501659598 2
	a 131 142 0.9270471665239727
	a 142 131 0.9270471665239727
2.142852660404808 2
	a 131 149 0.9310629188188508
	a 149 131 0.9310629188188508
0.4068472581547501 2
	a 131 141 0.9865299685964932
	a 141 131 0.9865299685964932
5.160912922974297 2
	a 132 209 0.8419535514873101
	a 209 132 0.8419535514873101
9.575016562306701 2
	a 133 135 0.7267540122521812
	a 135 133 0.7267540122521812
10.19886172296563 2
	a 133 145 0.7117973296687005
	a 145 133 0.7117973296687005
1.088420984350353 2
	a 133 153 0.9643695574554602
	a 153 133 0.9643695574554602
0.2756047834633315 2
	a 134 143 0.9908552438432273
	a 143 134 0.9908552438432273
0.3835792746957232 2
	a 135 145 0.9872954174986995
	a 145 135 0.9872954174986995
1.763004785337253 2
	a 136 156 0.942926609327066
	a 156 136 0.942926609327066
1.027006667447879 2
	a 136 152 0.9663457828279073
	a 152 136 0.9663457828279073
3.467940379051728 2
	a 136 161 0.8908332550433302
	a 161 136 0.8908332550433302
0.6981164340668319 2
	a 137 149 0.9769981233187751
	a 149 137 0.9769981233187751
3.01976160739259 2
	a 138 149 0.904241579575955
	a 149 138 0.904241579575955
1.79492653203141 2
	a 138 167 0.941923814125451
	a 167 138 0.941923814125451
0.1917896373478611 2
	a 139 143 0.9936274037579175
	a 143 139 0.9936274037579175
4.257084122497241 2
	a 140 149 0.8677055898276993
	a 149 140 0.8677055898276993
0.99986533083179 2
	a 140 157 0.9672204422980087
	a 157 140 0.9672204422980087
0.5424630108730013 2
	a 141 149 0.9820803998915988
	a 149 141 0.9820803998915988
0.5424630108730013 2
	a 142 149 0.9820803998915988
	a 149 142 0.9820803998915988
1.506073016235147 2
	a 143 150 0.9510368829318947
	a 150 143 0.9510368829318947
0.2701555345749592 2
	a 143 147 0.9910352407514
	a 147 143 0.9910352407514
3.359696948220123 2
	a 144 159 0.8940532889360912
	a 159 144 0.8940532889360912
3.519146532084569 2
	a 144 172 0.8893140138543086
	a 172 144 0.8893140138543086
4.802481758807511 2
	a 144 209 0.8520732980368252
	a 209 144 0.8520732980368252
1.208722079564016 2
	a 145 154 0.9605101436904928
	a 154 145 0.9605101436904928
2.18362772891422 2
	a 145 178 0.9297983066143058
	a 178 145 0.9297983066143058
1.356157527182502 2
	a 146 164 0.9558012826194622
	a 164 146 0.9558012826194622
0.4068472581547501 2
	a 146 150 0.9865299685964932
	a 150 146 0.9865299685964932
0.953531833712017 2
	a 146 147 0.9687154199791561
	a 147 146 0.9687154199791561
0.3981115513613038 2
	a 147 150 0.986817278310307
	a 150 147 0.986817278310307
1.469582609899217 2
	a 148 173 0.9521943774899192
	a 173 148 0.9521943774899192
1.73006200572298 2
	a 148 161 0.9439625988119702
	a 161 148 0.9439625988119702
4.541334491565813 2
	a 149 157 0.8595228954714411
	a 157 149 0.8595228954714411
0.4068472581547501 2
	a 149 155 0.9865299685964932
	a 155 149 0.9865299685964932
3.818470140015264 2
	a 150 206 0.8804850431134823
	a 206 150 0.8804850431134823
1.465260119971778 2
	a 150 164 0.9523315823943176
	a 164 150 0.9523315823943176
2.282589152015704 2
	a 150 171 0.9267362210760282
	a 171 150 0.9267362210760282
2.312028244412198 2
	a 150 182 0.9258272580251086
	a 182 150 0.9258272580251086
8.83752237663859 2
	a 151 160 0.7448413180307689
	a 160 151 0.7448413180307689
4.685929575736217 2
	a 151 218 0.855390103647907
	a 218 151 0.855390103647907
2.034236290773753 2
	a 152 156 0.9344399843445016
	a 156 152 0.9344399843445016
1.136700603685834 2
	a 152 173 0.9628188257646547
	a 173 152 0.9628188257646547
1.08956430651522 2
	a 152 161 0.9643328053194514
	a 161 152 0.9643328053194514
3.663635108163312 2
	a 153 163 0.8850411213316732
	a 163 153 0.8850411213316732
2.095098294441181 2
	a 153 177 0.9325461763513846
	a 177 153 0.9325461763513846
0.5575248444503217 2
	a 153 160 0.9815874592603586
	a 160 153 0.9815874592603586
1.469582609899217 2
	a 154 178 0.9521943774899192
	a 178 154 0.9521943774899192
4.94657604112628 2
	a 155 157 0.8479904813829049
	a 157 155 0.8479904813829049
2.46120671609512 2
	a 155 192 0.9212349023182778
	a 192 155 0.9212349023182778
0.5488408072586609 2
	a 156 162 0.9818716384555221
	a 162 156 0.9818716384555221
3.275197078169178 2
	a 156 173 0.8965750850173274
	a 173 156 0.8965750850173274
2.54793283626059 2
	a 157 194 0.9185755770916555
	a 194 157 0.9185755770916555
0.4068472581547501 2
	a 158 162 0.9865299685964932
	a 162 158 0.9865299685964932
4.600508024865599 2
	a 159 178 0.8578291994975753
	a 178 159 0.8578291994975753
4.72666027077134 2
	a 159 170 0.8542295372225427
	a 170 159 0.8542295372225427
0.7884591958105146 2
	a 159 172 0.9740603919623205
	a 172 159 0.9740603919623205
1.28340913278765 2
	a 160 184 0.9581218620785064
	a 184 160 0.9581218620785064
2.175060339351996 2
	a 160 188 0.9300638760100108
	a 188 160 0.9300638760100108
5.674153939668277 2
	a 160 218 0.8276718954561522
	a 218 160 0.8276718954561522
0.487629339878578 2
	a 161 173 0.9838770771494869
	a 173 161 0.9838770771494869
0.9569120473074697 2
	a 162 180 0.9686062772936068
	a 180 162 0.9686062772936068
3.797050097487501 2
	a 162 173 0.8811139351706269
	a 173 162 0.8811139351706269
10.23029027585187 2
	a 163 168 0.7110520281320181
	a 168 163 0.7110520281320181
0.7884591958105146 2
	a 163 177 0.9740603919623205
	a 177 163 0.9740603919623205
2.14587465855103 2
	a 164 173 0.9309691345287064
	a 173 164 0.9309691345287064
0.8760307355373775 2
	a 164 179 0.9712212055667138
	a 179 164 0.9712212055667138
1.084926021746002 2
	a 164 171 0.9644819118512427
	a 171 164 0.9644819118512427
1.497669554474284 2
	a 165 175 0.9513033203160549
	a 175 165 0.9513033203160549
1.638651373898715 2
	a 165 190 0.946843259218879
	a 190 165 0.946843259218879
10.51884048249666 2
	a 166 168 0.7042456732016003
	a 168 166 0.7042456732016003
1.807723071719 2
	a 166 169 0.9415221209539136
	a 169 166 0.9415221209539136
7.590911375891364 2
	a 166 200 0.7764442937117698
	a 200 166 0.7764442937117698
3.270206798193255 2
	a 166 211 0.8967242361118679
	a 211 166 0.8967242361118679
1.200526638806247 2
	a 166 185 0.9607725730002534
	a 185 166 0.9607725730002534
0.3835792746957232 2
	a 167 175 0.9872954174986995
	a 175 167 0.9872954174986995
0.5753689120435835 2
	a 168 178 0.981003782431322
	a 178 168 0.981003782431322
10.16664317667612 2
	a 168 169 0.7125621761397007
	a 169 168 0.7125621761397007
9.793162153802987 2
	a 168 200 0.7214885731957901
	a 200 168 0.7214885731957901
0.9493102690277512 2
	a 169 177 0.9688517460642906
	a 177 169 0.9688517460642906
0.8241254245324514 2
	a 169 185 0.9729030447112115
	a 185 169 0.9729030447112115
0.4217785570495555 2
	a 170 178 0.9860390849711355
	a 178 170 0.9860390849711355
0.487629339878578 2
	a 171 179 0.9838770771494869
	a 179 171 0.9838770771494869
2.699124514751566 2
	a 171 206 0.9139578567694276
	a 206 171 0.9139578567694276
0.4068472581547501 2
	a 172 178 0.9865299685964932
	a 178 172 0.9865299685964932
5.943284323124765 2
	a 172 209 0.8202800460645275
	a 209 172 0.8202800460645275
3.149129384164731 2
	a 172 176 0.9003506508582667
	a 176 172 0.9003506508582667
4.097873299206507 2
	a 172 207 0.8723227681145994
	a 207 172 0.8723227681145994
3.829907592875413 2
	a 173 180 0.8801494235556062
	a 180 173 0.8801494235556062
0.8266086393752234 2
	a 173 186 0.9728225171346718
	a 186 173 0.9728225171346718
1.768027563368052 2
	a 173 179 0.942768752173526
	a 179 173 0.942768752173526
1.064816194648925 2
	a 174 175 0.9651286474055482
	a 175 174 0.9651286474055482
2.50300615819269 2
	a 174 187 0.919952225946474
	a 187 174 0.919952225946474
2.269823247926651 2
	a 174 199 0.9271306591831973
	a 199 174 0.9271306591831973
3.651565893839651 2
	a 174 202 0.8853972513296446
	a 202 174 0.8853972513296446
2.672255078678625 2
	a 175 192 0.9147768078674456
	a 192 175 0.9147768078674456
1.058859358600752 2
	a 175 187 0.9653203035365874
	a 187 175 0.9653203035365874
1.815014601841224 2
	a 175 190 0.9412933108644451
	a 190 175 0.9412933108644451
5.994004415738286 2
	a 176 209 0.8188943950701842
	a 209 176 0.8188943950701842
7.261502719651873 2
	a 176 223 0.7850168545585006
	a 223 176 0.7850168545585006
4.916186675588913 2
	a 176 207 0.8488499130261522
	a 207 176 0.8488499130261522
2.556506482229538 2
	a 176 210 0.9183130965405737
	a 210 176 0.9183130965405737
2.876193586522771 2
	a 176 204 0.9085792897040149
	a 204 176 0.9085792897040149
0.3787603181002073 2
	a 177 185 0.9874540213622399
	a 185 177 0.9874540213622399
1.331452545646097 2
	a 177 184 0.9565887085653398
	a 184 177 0.9565887085653398
2.255077037411157 2
	a 178 207 0.9275864933336478
	a 207 178 0.9275864933336478
4.590705483191819 2
	a 178 219 0.85810954217883
	a 219 178 0.85810954217883
9.591444236375946 2
	a 178 200 0.7263561585909007
	a 200 178 0.7263561585909007
1.823289603840587 2
	a 179 190 0.9410337065355504
	a 190 179 0.9410337065355504
0.2591518306177774 2
	a 179 181 0.9913988093706936
	a 181 179 0.9913988093706936
2.118200225452055 2
	a 179 206 0.931828332198942
	a 206 179 0.931828332198942
0.3403795954308141 2
	a 180 186 0.9887181364487514
	a 186 180 0.9887181364487514
1.578980655167365 2
	a 181 186 0.9487284273464371
	a 186 181 0.9487284273464371
0.6780787635912512 2
	a 181 190 0.9776509001783111
	a 190 181 0.9776509001783111
2.032516646865084 2
	a 182 206 0.9344935493472689
	a 206 182 0.9344935493472689
0.9427373486970791 2
	a 182 183 0.9690640421648343
	a 183 182 0.9690640421648343
1.909465354596798 2
	a 183 206 0.9383344423719523
	a 206 183 0.9383344423719523
4.12219452432692 2
	a 183 212 0.8716158560887267
	a 212 183 0.8716158560887267
1.843510156679232 2
	a 184 185 0.940399646184204
	a 185 184 0.940399646184204
0.4068472581547501 2
	a 184 188 0.9865299685964932
	a 188 184 0.9865299685964932
2.183788600840618 2
	a 185 211 0.9297933206795159
	a 211 185 0.9297933206795159
3.730077451426218 2
	a 185 189 0.8830831501357373
	a 189 185 0.8830831501357373
0.4068472581547501 2
	a 186 190 0.9865299685964932
	a 190 186 0.9865299685964932
2.88852404199142 2
	a 187 192 0.9082059265558512
	a 192 187 0.9082059265558512
2.744018681203014 2
	a 187 195 0.9125911670926614
	a 195 187 0.9125911670926614
4.129641393252833 2
	a 187 231 0.871399522638817
	a 231 187 0.871399522638817
3.331367662815472 2
	a 187 202 0.894897950710707
	a 202 187 0.894897950710707
0.9734804588843621 2
	a 188 189 0.9680714827368668
	a 189 188 0.9680714827368668
2.332015407060942 2
	a 188 218 0.9252106414551519
	a 218 188 0.9252106414551519
3.643153684862739 2
	a 189 211 0.8856455576982943
	a 211 189 0.8856455576982943
1.515225646537176 2
	a 189 208 0.9507467775548303
	a 208 189 0.9507467775548303
1.084926021746002 2
	a 190 199 0.9644819118512427
	a 199 190 0.9644819118512427
1.708642085249394 2
	a 190 206 0.9446368262748576
	a 206 190 0.9446368262748576
1.248857222541599 2
	a 191 194 0.9592259958080578
	a 194 191 0.9592259958080578
1.783013673629581 2
	a 191 213 0.9422979218995169
	a 213 191 0.9422979218995169
3.795324441280463 2
	a 191 209 0.8811646199527325
	a 209 191 0.8811646199527325
2.391083679933991 2
	a 191 217 0.9233907471887904
	a 217 191 0.9233907471887904
0.7884591958105146 2
	a 192 197 0.9740603919623205
	a 197 192 0.9740603919623205
0.1917896373478611 2
	a 192 195 0.9936274037579175
	a 195 192 0.9936274037579175
0.9763801406626829 2
	a 193 199 0.9679779172841535
	a 199 193 0.9679779172841535
0.9569120473074697 2
	a 193 202 0.9686062772936068
	a 202 193 0.9686062772936068
3.530480736151649 2
	a 194 197 0.8889780884320012
	a 197 194 0.8889780884320012
1.544057975973908 2
	a 194 213 0.9498334750257403
	a 213 194 0.9498334750257403
0.4217785570495555 2
	a 195 197 0.9860390849711355
	a 197 195 0.9860390849711355
0.487629339878578 2
	a 196 201 0.9838770771494869
	a 201 196 0.9838770771494869
0.4068472581547501 2
	a 196 198 0.9865299685964932
	a 198 196 0.9865299685964932
3.203721980076599 2
	a 197 231 0.8987137247353867
	a 231 197 0.8987137247353867
2.556506482229538 2
	a 198 224 0.9183130965405737
	a 224 198 0.9183130965405737
0.5294379043957786 2
	a 198 201 0.9825068825271878
	a 201 198 0.9825068825271878
1.766150822171435 2
	a 198 203 0.9428277317835341
	a 203 198 0.9428277317835341
2.186272290338525 2
	a 199 202 0.9297163466023618
	a 202 199 0.9297163466023618
0.2701555345749592 2
	a 199 206 0.9910352407514
	a 206 199 0.9910352407514
3.572061642504762 2
	a 200 219 0.8877467914483603
	a 219 200 0.8877467914483603
4.236394759563022 2
	a 200 211 0.8683042054158262
	a 211 200 0.8683042054158262
1.088420984350353 2
	a 200 216 0.9643695574554602
	a 216 200 0.9643695574554602
3.634272154970918 2
	a 201 235 0.8859077927636637
	a 235 201 0.8859077927636637
2.150921517418988 2
	a 201 212 0.930812532040507
	a 212 201 0.930812532040507
3.065108206077205 2
	a 201 224 0.9028758027241455
	a 224 201 0.9028758027241455
1.747407382549822 2
	a 202 206 0.9434169769945425
	a 206 202 0.9434169769945425
2.637735182791266 2
	a 202 229 0.915830013699426
	a 229 202 0.915830013699426
2.562494288395106 2
	a 203 224 0.91812982547033
	a 224 203 0.91812982547033
4.204088334265754 2
	a 203 240 0.8692397692357106
	a 240 203 0.8692397692357106
6.885695059363525 2
	a 204 207 0.7949125513774229
	a 207 204 0.7949125513774229
0.487629339878578 2
	a 204 210 0.9838770771494869
	a 210 204 0.9838770771494869
4.223633999831525 2
	a 204 241 0.8686736246894048
	a 241 204 0.8686736246894048
8.638960915856069 2
	a 204 226 0.7497875615348508
	a 226 204 0.7497875615348508
5.502705724958935 2
	a 204 244 0.8324155329764469
	a 244 204 0.8324155329764469
2.998825857758833 2
	a 205 211 0.9048728323234421
	a 211 205 0.9048728323234421
2.03569844557326 2
	a 205 208 0.934394442257405
	a 208 205 0.934394442257405
1.334528378725622 2
	a 205 220 0.9564906366865277
	a 220 205 0.9564906366865277
2.436550565270745 2
	a 206 229 0.9219923504280966
	a 229 206 0.9219923504280966
1.165489355260694 2
	a 207 219 0.96189532387708
	a 219 207 0.96189532387708
5.831477366884758 2
	a 207 226 0.8233428504070716
	a 226 207 0.8233428504070716
1.555485357104156 2
	a 208 220 0.9494717402871466
	a 220 208 0.9494717402871466
0.7884591958105146 2
	a 208 218 0.9740603919623205
	a 218 208 0.9740603919623205
0.5488408072586609 2
	a 209 217 0.9818716384555221
	a 217 209 0.9818716384555221
5.965611508463508 2
	a 210 223 0.8196697883610379
	a 223 210 0.8196697883610379
3.694700120421774 2
	a 210 233 0.8841251352227359
	a 233 210 0.8841251352227359
3.755574451561123 2
	a 210 241 0.8823329366108635
	a 241 210 0.8823329366108635
0.487629339878578 2
	a 211 216 0.9838770771494869
	a 216 211 0.9838770771494869
3.001266697199406 2
	a 212 235 0.9047992136750764
	a 235 212 0.9047992136750764
3.644185060744261 2
	a 213 217 0.8856151104394139
	a 217 213 0.8856151104394139
2.14587465855103 2
	a 213 231 0.9309691345287064
	a 231 213 0.9309691345287064
0.8678838813832842 2
	a 214 222 0.9714849879654753
	a 222 214 0.9714849879654753
0.9493102690277512 2
	a 214 216 0.9688517460642906
	a 216 214 0.9688517460642906
0.5753689120435835 2
	a 215 220 0.981003782431322
	a 220 215 0.981003782431322
2.010524034629345 2
	a 215 218 0.9351788656570947
	a 218 215 0.9351788656570947
1.28340913278765 2
	a 216 222 0.9581218620785064
	a 222 216 0.9581218620785064
0.5294379043957786 2
	a 216 221 0.9825068825271878
	a 221 216 0.9825068825271878
2.349454702317066 2
	a 216 227 0.9246729636972977
	a 227 216 0.9246729636972977
2.31035673053417 2
	a 217 231 0.9258788438992185
	a 231 217 0.9258788438992185
0.6780787635912512 2
	a 217 223 0.9776509001783111
	a 223 217 0.9776509001783111
0.4217785570495555 2
	a 218 220 0.9860390849711355
	a 220 218 0.9860390849711355
0.2701555345749592 2
	a 219 222 0.9910352407514
	a 222 219 0.9910352407514
5.031169092760917 2
	a 219 226 0.8456027126897814
	a 226 219 0.8456027126897814
1.073984289667288 2
	a 220 227 0.9648337460977516
	a 227 220 0.9648337460977516
0.1356157527182506 2
	a 221 222 0.9954896771040572
	a 222 221 0.9954896771040572
1.796300025772315 2
	a 221 227 0.9418806908971795
	a 227 221 0.9418806908971795
1.220770282487056 2
	a 222 226 0.9601244737688071
	a 226 222 0.9601244737688071
2.453409804829343 2
	a 222 238 0.9214743596603344
	a 238 222 0.9214743596603344
1.106545252170832 2
	a 223 231 0.9637871170070454
	a 231 223 0.9637871170070454
2.269823247926651 2
	a 223 233 0.9271306591831973
	a 233 223 0.9271306591831973
0.4217785570495555 2
	a 224 228 0.9860390849711355
	a 228 224 0.9860390849711355
