0.1917896373478611 2
	a 0 9 0.9936274037579175
	a 9 0 0.9936274037579175
10.05347901866764 2
	a 1 28 0.7152551353439183
	a 28 1 0.7152551353439183
1.70508543103913 2
	a 1 40 0.9447488244652184
	a 40 1 0.9447488244652184
2.05089244122213 2
	a 1 58 0.9339213225741588
	a 58 1 0.9339213225741588
3.423664905225757 2
	a 1 9 0.8921489611786236
	a 9 1 0.8921489611786236
5.00236351579167 2
	a 2 110 0.846415038420086
	a 110 2 0.846415038420086
7.491584477377353 2
	a 2 235 0.7790192809031452
	a 235 2 0.7790192809031452
7.44434191170291 2
	a 2 166 0.7802470096516886
	a 166 2 0.7802470096516886
2.5686516911005 2
	a 3 56 0.9179414016386398
	a 56 3 0.9179414016386398
3.352142427509702 2
	a 3 34 0.8942784554215656
	a 34 3 0.8942784554215656
0.6623180749170225 2
	a 3 19 0.9781646501663815
	a 19 3 0.9781646501663815
0.2712315054364995 2
	a 3 15 0.9909996972207403
	a 15 3 0.9909996972207403
3.548973390602811 2
	a 4 90 0.8884302718056063
	a 90 4 0.8884302718056063
3.630359387355593 2
	a 4 77 0.8860233453430627
	a 77 4 0.8860233453430627
0.3403795954308141 2
	a 5 23 0.9887181364487514
	a 23 5 0.9887181364487514
2.045198491790077 2
	a 5 43 0.9340985960895423
	a 43 5 0.9340985960895423
4.886763377907084 2
	a 6 30 0.8496828535462702
	a 30 6 0.8496828535462702
0.9056588220468618 2
	a 6 39 0.9702624981924419
	a 39 6 0.9702624981924419
5.106508118715744 2
	a 7 37 0.8434818140877121
	a 37 7 0.8434818140877121
1.951083460350882 2
	a 7 59 0.9370336214737575
	a 59 7 0.9370336214737575
7.401572816973405 2
	a 8 116 0.7813601515399438
	a 116 8 0.7813601515399438
6.088447687024834 2
	a 8 187 0.8163204798285713
	a 187 8 0.8163204798285713
11.81909053315472 2
	a 8 273 0.6743744999721953
	a 273 8 0.6743744999721953
1.885661603024556 2
	a 9 58 0.9390792671585417
	a 58 9 0.9390792671585417
0.5413870400114591 2
	a 10 21 0.9821156235197208
	a 21 10 0.9821156235197208
2.455712655241525 2
	a 10 72 0.9214036284547936
	a 72 10 0.9214036284547936
0.1917896373478611 2
	a 11 18 0.9936274037579175
	a 18 11 0.9936274037579175
0.6981164340668319 2
	a 12 35 0.9769981233187751
	a 35 12 0.9769981233187751
1.392998929689093 2
	a 12 19 0.9546282343869431
	a 19 12 0.9546282343869431
1.533956076087579 2
	a 13 55 0.9501533663036585
	a 55 13 0.9501533663036585
0.6623180749170225 2
	a 13 17 0.9781646501663815
	a 17 13 0.9781646501663815
3.539074620511426 2
	a 13 51 0.8887234657406965
	a 51 13 0.8887234657406965
0.7241308354215087 2
	a 14 39 0.9761512898261859
	a 39 14 0.9761512898261859
0.3981115513613038 2
	a 15 19 0.986817278310307
	a 19 15 0.986817278310307
5.332599957024176 2
	a 15 115 0.8371488959495428
	a 115 15 0.8371488959495428
3.233828631974798 2
	a 15 86 0.8978122684326701
	a 86 15 0.8978122684326701
4.18856859409938 2
	a 15 67 0.8696895647495314
	a 67 15 0.8696895647495314
1.392998929689093 2
	a 16 53 0.9546282343869431
	a 53 16 0.9546282343869431
10.14516269020737 2
	a 16 123 0.7130725649139718
	a 123 16 0.7130725649139718
1.456176147404825 2
	a 17 55 0.9526199911893775
	a 55 17 0.9526199911893775
0.6027356872459425 2
	a 18 38 0.9801092934817696
	a 38 18 0.9801092934817696
1.972151023975755 2
	a 19 56 0.9363758186245457
	a 56 19 0.9363758186245457
0.5308290191434861 2
	a 19 35 0.982461324256342
	a 35 19 0.982461324256342
4.577262454169968 2
	a 19 67 0.8584941480595093
	a 67 19 0.8584941480595093
2.150208232805992 2
	a 20 70 0.9308346634454954
	a 70 20 0.9308346634454954
4.792798445982997 2
	a 21 31 0.8523483721713955
	a 31 21 0.8523483721713955
4.94452516930317 2
	a 21 100 0.848048454023941
	a 100 21 0.848048454023941
2.210738904586905 2
	a 21 72 0.9289584220014278
	a 72 21 0.9289584220014278
5.761003795646526 2
	a 21 104 0.8252792543056137
	a 104 21 0.8252792543056137
4.887591999197241 2
	a 22 144 0.8496593850269692
	a 144 22 0.8496593850269692
3.937893353776857 2
	a 22 101 0.8769869984112286
	a 101 22 0.8769869984112286
5.912508751046806 2
	a 22 109 0.8211219640885661
	a 109 22 0.8211219640885661
3.706611776363926 2
	a 22 71 0.8837741584252418
	a 71 22 0.8837741584252418
1.056839081691459 2
	a 23 44 0.9653853128694873
	a 44 23 0.9653853128694873
1.10463182239258 2
	a 23 43 0.9638485902664232
	a 43 23 0.9638485902664232
3.588537744959305 2
	a 24 103 0.8872593717372436
	a 103 24 0.8872593717372436
0.487629339878578 2
	a 25 37 0.9838770771494869
	a 37 25 0.9838770771494869
3.093340218822957 2
	a 26 48 0.902026535689773
	a 48 26 0.902026535689773
0.8546955794297674 2
	a 26 42 0.9719121564311943
	a 42 26 0.9719121564311943
1.907063667424035 2
	a 27 67 0.9384095649053928
	a 67 27 0.9384095649053928
6.625989505106872 2
	a 27 48 0.8018238634760639
	a 48 27 0.8018238634760639
1.498151076286413 2
	a 28 59 0.9512880513286384
	a 59 28 0.9512880513286384
12.12062194293704 2
	a 28 50 0.6676302801942128
	a 50 28 0.6676302801942128
12.39799280966329 2
	a 28 40 0.6614860216196616
	a 40 28 0.6614860216196616
14.51724903429704 2
	a 28 58 0.616369719719584
	a 58 28 0.616369719719584
0.8678838813832842 2
	a 29 46 0.9714849879654753
	a 46 29 0.9714849879654753
7.236824137981996 2
	a 30 130 0.7856628903280928
	a 130 30 0.7856628903280928
0.3002129760370238 2
	a 30 39 0.990042805211115
	a 39 30 0.990042805211115
3.118687187250631 2
	a 31 100 0.9012647362861461
	a 100 31 0.9012647362861461
2.916610982045961 2
	a 32 94 0.9073560336189186
	a 94 32 0.9073560336189186
5.810053554239069 2
	a 32 197 0.8239310318325622
	a 197 32 0.8239310318325622
0.8188558710369543 2
	a 33 52 0.973073951875514
	a 52 33 0.973073951875514
5.804515725661544 2
	a 34 114 0.8240831388316382
	a 114 34 0.8240831388316382
3.30072683402889 2
	a 34 47 0.8958124314683215
	a 47 34 0.8958124314683215
1.057281840000934 2
	a 34 56 0.9653710652289879
	a 56 34 0.9653710652289879
4.297993663066522 2
	a 34 65 0.8665231483289324
	a 65 34 0.8665231483289324
4.362286718154571 2
	a 34 85 0.8646680894786
	a 85 34 0.8646680894786
3.920906626369651 2
	a 34 78 0.877483710325845
	a 78 34 0.877483710325845
1.025590215157039 2
	a 35 56 0.9663914099949715
	a 56 35 0.9663914099949715
1.654092624187943 2
	a 35 54 0.9463560364934274
	a 54 35 0.9463560364934274
1.165489355260694 2
	a 36 61 0.96189532387708
	a 61 36 0.96189532387708
1.807098995148141 2
	a 37 76 0.9415417072208562
	a 76 37 0.9415417072208562
6.753272555843501 2
	a 37 68 0.798429117212947
	a 68 37 0.798429117212947
0.6981164340668319 2
	a 38 51 0.9769981233187751
	a 51 38 0.9769981233187751
1.200526638806247 2
	a 38 39 0.9607725730002534
	a 39 38 0.9607725730002534
5.392010763644916 2
	a 39 198 0.8354926800705131
	a 198 39 0.8354926800705131
0.8297017860658475 2
	a 40 58 0.9727222195470319
	a 58 40 0.9727222195470319
2.820674875156118 2
	a 41 103 0.9102622848970527
	a 103 41 0.9102622848970527
5.948274779401166 2
	a 42 227 0.8201436050230834
	a 227 42 0.8201436050230834
3.849845825360576 2
	a 42 48 0.879564663767456
	a 48 42 0.879564663767456
1.503778442904405 2
	a 42 62 0.951109626509388
	a 62 42 0.951109626509388
6.154604107075759 2
	a 42 76 0.8145223018888728
	a 76 42 0.8145223018888728
0.4217785570495555 2
	a 43 44 0.9860390849711355
	a 44 43 0.9860390849711355
0.9493102690277512 2
	a 43 66 0.9688517460642906
	a 66 43 0.9688517460642906
0.9056588220468618 2
	a 44 66 0.9702624981924419
	a 66 44 0.9702624981924419
1.583572297158699 2
	a 45 79 0.9485832310820291
	a 79 45 0.9485832310820291
1.127108817932829 2
	a 45 56 0.9631267133784222
	a 56 45 0.9631267133784222
1.768027563368052 2
	a 45 54 0.942768752173526
	a 54 45 0.942768752173526
3.461914998281608 2
	a 46 130 0.8910121933310613
	a 130 46 0.8910121933310613
2.69429133206359 2
	a 47 109 0.9141051128073939
	a 109 47 0.9141051128073939
3.614319868173251 2
	a 47 114 0.8864971849492207
	a 114 47 0.8864971849492207
0.726203378641899 2
	a 47 65 0.9760838549643137
	a 65 47 0.9760838549643137
8.827544126675063 2
	a 48 67 0.745089099664085
	a 67 48 0.745089099664085
3.396951721102573 2
	a 48 129 0.8929437196170952
	a 129 48 0.8929437196170952
2.574014543713339 2
	a 48 62 0.9177773234897186
	a 62 48 0.9177773234897186
2.862230543417649 2
	a 49 72 0.9090022725247202
	a 72 49 0.9090022725247202
1.694756523944324 2
	a 49 80 0.9450741545616046
	a 80 49 0.9450741545616046
17.88698435094387 2
	a 49 268 0.5508830120513919
	a 268 49 0.5508830120513919
4.264702775897122 2
	a 50 173 0.8674852595344845
	a 173 50 0.8674852595344845
5.395456090883774 2
	a 50 159 0.8353967340570917
	a 159 50 0.8353967340570917
12.126647924937 2
	a 50 59 0.6674961893934401
	a 59 50 0.6674961893934401
2.14587465855103 2
	a 50 87 0.9309691345287064
	a 87 50 0.9309691345287064
4.710192223892508 2
	a 51 198 0.854698582350526
	a 198 51 0.854698582350526
1.943012329512581 2
	a 51 55 0.9372857527539392
	a 55 51 0.9372857527539392
0.4068472581547501 2
	a 52 60 0.9865299685964932
	a 60 52 0.9865299685964932
6.814524084116939 2
	a 53 217 0.7968006134628115
	a 217 53 0.7968006134628115
6.696444921916338 2
	a 53 270 0.7999429784991859
	a 270 53 0.7999429784991859
0.1917896373478611 2
	a 54 56 0.9936274037579175
	a 56 54 0.9936274037579175
6.350289858424513 2
	a 55 244 0.8092265786706883
	a 244 55 0.8092265786706883
6.436977983576596 2
	a 55 229 0.8068916093663158
	a 229 55 0.8068916093663158
4.585401713841909 2
	a 55 198 0.8582612627595734
	a 198 55 0.8582612627595734
2.593248460307285 2
	a 56 114 0.9171890969917972
	a 114 56 0.9171890969917972
4.079985748682397 2
	a 56 79 0.8728430471274036
	a 79 56 0.8728430471274036
12.73131553090882 2
	a 57 102 0.6541770899993689
	a 102 57 0.6541770899993689
1.328070587127958 2
	a 57 66 0.9566965527550114
	a 66 57 0.9566965527550114
2.573508439285773 2
	a 57 113 0.9177928066592178
	a 113 57 0.9177928066592178
2.60922277543572 2
	a 58 118 0.9167008447393321
	a 118 58 0.9167008447393321
5.070333737768374 2
	a 58 106 0.8444995086210646
	a 106 58 0.8444995086210646
0.4068472581547501 2
	a 59 68 0.9865299685964932
	a 68 59 0.9865299685964932
1.972151023975755 2
	a 60 103 0.9363758186245457
	a 103 60 0.9363758186245457
6.243740602863213 2
	a 61 105 0.812105771559714
	a 105 61 0.812105771559714
4.023306939482265 2
	a 61 181 0.874493662702838
	a 181 61 0.874493662702838
4.359827254150623 2
	a 61 110 0.8647389797191413
	a 110 61 0.8647389797191413
5.201984949297434 2
	a 62 227 0.8408016489024687
	a 227 62 0.8408016489024687
6.84390388078582 2
	a 62 129 0.7960206674357696
	a 129 62 0.7960206674357696
3.984841325872194 2
	a 63 182 0.8756156463567538
	a 182 63 0.8756156463567538
0.2701555345749592 2
	a 63 64 0.9910352407514
	a 64 63 0.9910352407514
0.572507812946912 2
	a 64 75 0.9810973451939815
	a 75 64 0.9810973451939815
1.184441823962497 2
	a 65 85 0.9612878394187809
	a 85 65 0.9612878394187809
4.433579548675496 2
	a 66 213 0.8626157079273196
	a 213 66 0.8626157079273196
7.358047827161402 2
	a 66 269 0.7824945973745169
	a 269 66 0.7824945973745169
2.85765632805054 2
	a 66 94 0.909140882163748
	a 94 66 0.909140882163748
3.907621508330268 2
	a 66 73 0.877872378866928
	a 73 66 0.877872378866928
6.517185303137776 2
	a 66 154 0.8047372035294607
	a 154 66 0.8047372035294607
0.9337457621014058 2
	a 67 84 0.9693545331373012
	a 84 67 0.9693545331373012
8.541249368216363 2
	a 67 129 0.7522336396416832
	a 129 67 0.7522336396416832
3.803542141103777 2
	a 68 190 0.8809232814636393
	a 190 68 0.8809232814636393
4.332527405322231 2
	a 69 138 0.8655262459830588
	a 138 69 0.8655262459830588
1.555485357104156 2
	a 69 102 0.9494717402871466
	a 102 69 0.9494717402871466
8.218255671599305 2
	a 70 342 0.7603762855072507
	a 342 70 0.7603762855072507
9.669368532547994 2
	a 70 263 0.7244719137102871
	a 263 70 0.7244719137102871
5.195527718244882 2
	a 71 101 0.8409826433977021
	a 101 71 0.8409826433977021
3.948391726316256 2
	a 71 201 0.8766801542297178
	a 201 71 0.8766801542297178
9.68498028348206 2
	a 71 183 0.7240950026203082
	a 183 71 0.7240950026203082
5.392801403483267 2
	a 71 171 0.8354706612340801
	a 171 71 0.8354706612340801
1.607067595221909 2
	a 72 104 0.9478406137285205
	a 104 72 0.9478406137285205
0.6623180749170225 2
	a 72 80 0.9781646501663815
	a 80 72 0.9781646501663815
2.137197216805477 2
	a 73 94 0.9312384544913596
	a 94 73 0.9312384544913596
3.031671174852152 2
	a 73 154 0.9038826799499335
	a 154 73 0.9038826799499335
3.450666494329196 2
	a 73 180 0.8913463411108014
	a 180 73 0.8913463411108014
8.030976162134344 2
	a 74 111 0.7651378958363915
	a 111 74 0.7651378958363915
3.312357851252894 2
	a 74 174 0.895465191791186
	a 174 74 0.895465191791186
3.700570939918522 2
	a 74 196 0.8839521341815384
	a 196 74 0.8839521341815384
8.818988743627481 2
	a 75 342 0.7453016140534183
	a 342 75 0.7453016140534183
8.454210292098873 2
	a 75 352 0.7544192660575773
	a 352 75 0.7544192660575773
3.226691125183462 2
	a 76 146 0.8980258985502121
	a 146 76 0.8980258985502121
3.609460168085094 2
	a 76 139 0.8866408002626242
	a 139 76 0.8866408002626242
3.476438102801781 2
	a 76 190 0.8905809556142407
	a 190 76 0.8905809556142407
0.6693430567978045 2
	a 77 90 0.9779356240177092
	a 90 77 0.9779356240177092
0.7912195278823925 2
	a 77 95 0.9739707717474136
	a 95 77 0.9739707717474136
0.4217785570495555 2
	a 78 85 0.9860390849711355
	a 85 78 0.9860390849711355
5.054391251657102 2
	a 79 256 0.8449484086097698
	a 256 79 0.8449484086097698
6.167554444067982 2
	a 79 228 0.8141707664927911
	a 228 79 0.8141707664927911
3.785895172924991 2
	a 79 114 0.8814416214046986
	a 114 79 0.8814416214046986
0.7960384844779068 2
	a 80 104 0.9738143335497531
	a 104 80 0.9738143335497531
0.754358709720538 2
	a 80 83 0.9751682192287419
	a 83 80 0.9751682192287419
2.631797667467332 2
	a 81 175 0.9160112901290425
	a 175 81 0.9160112901290425
1.754926729054513 2
	a 81 120 0.943180543987861
	a 120 81 0.943180543987861
0.6818217493252244 2
	a 81 93 0.9775289300082737
	a 93 81 0.9775289300082737
2.736686751148054 2
	a 81 103 0.9128142295030476
	a 103 81 0.9128142295030476
5.10458339214529 2
	a 82 91 0.8435359315523578
	a 91 82 0.8435359315523578
2.239509420363549 2
	a 82 98 0.9280679619550541
	a 98 82 0.9280679619550541
2.739326028078531 2
	a 82 152 0.9127339273841669
	a 152 82 0.9127339273841669
2.334951470025192 2
	a 82 147 0.9251200966626941
	a 147 82 0.9251200966626941
2.018621700949928 2
	a 82 145 0.9349264741748555
	a 145 82 0.9349264741748555
1.356792294795199 2
	a 83 104 0.9557810591101373
	a 104 83 0.9557810591101373
2.255077037411157 2
	a 83 156 0.9275864933336478
	a 156 83 0.9275864933336478
0.1917896373478611 2
	a 84 86 0.9936274037579175
	a 86 84 0.9936274037579175
4.988153213525669 2
	a 84 129 0.846816060507954
	a 129 84 0.846816060507954
2.075429932783403 2
	a 85 151 0.9331577653273327
	a 151 85 0.9331577653273327
6.505301276644975 2
	a 86 115 0.8050560506199618
	a 115 86 0.8050560506199618
1.758148945777523 2
	a 86 141 0.9430792450240234
	a 141 86 0.9430792450240234
6.215086906495961 2
	a 86 129 0.8128818031768363
	a 129 86 0.8128818031768363
1.058859358600752 2
	a 87 118 0.9653203035365874
	a 118 87 0.9653203035365874
1.515971031398842 2
	a 88 127 0.950723155439782
	a 127 88 0.950723155439782
0.487629339878578 2
	a 88 103 0.9838770771494869
	a 103 88 0.9838770771494869
2.603710727412789 2
	a 88 118 0.9168692901828099
	a 118 88 0.9168692901828099
1.936327367967538 2
	a 88 106 0.9374946333328481
	a 106 88 0.9374946333328481
1.370440316068332 2
	a 89 128 0.9553463406608393
	a 128 89 0.9553463406608393
6.898289445689587 2
	a 89 173 0.7945789068908663
	a 173 89 0.7945789068908663
0.2701555345749592 2
	a 90 95 0.9910352407514
	a 95 90 0.9910352407514
0.2701555345749592 2
	a 90 99 0.9910352407514
	a 99 90 0.9910352407514
3.216184674465722 2
	a 91 214 0.8983404557898784
	a 214 91 0.8983404557898784
0.572507812946912 2
	a 91 98 0.9810973451939815
	a 98 91 0.9810973451939815
0.4068472581547501 2
	a 92 103 0.9865299685964932
	a 103 92 0.9865299685964932
1.055291850609746 2
	a 93 120 0.965435103292161
	a 120 93 0.965435103292161
4.532272759982306 2
	a 94 180 0.8597825602119579
	a 180 94 0.8597825602119579
2.671037574697023 2
	a 94 197 0.9148139334343112
	a 197 94 0.9148139334343112
0.1356157527182506 2
	a 95 99 0.9954896771040572
	a 99 95 0.9954896771040572
6.062734470174844 2
	a 96 171 0.8170204539460544
	a 171 96 0.8170204539460544
2.604547133047154 2
	a 96 194 0.9168437280511406
	a 194 96 0.9168437280511406
1.758148945777523 2
	a 96 151 0.9430792450240234
	a 151 96 0.9430792450240234
0.2701555345749592 2
	a 97 103 0.9910352407514
	a 103 97 0.9910352407514
1.134632192225375 2
	a 98 133 0.962885211569633
	a 133 98 0.962885211569633
0.5575248444503217 2
	a 98 108 0.9815874592603586
	a 108 98 0.9815874592603586
0.5488408072586609 2
	a 99 112 0.9818716384555221
	a 112 99 0.9818716384555221
2.876470314986717 2
	a 100 208 0.9085709087509619
	a 208 100 0.9085709087509619
4.78658050440559 2
	a 101 283 0.8525250522265926
	a 283 101 0.8525250522265926
3.289650625369782 2
	a 101 144 0.8961432327119693
	a 144 101 0.8961432327119693
2.904319181587363 2
	a 101 201 0.9077278777679563
	a 201 101 0.9077278777679563
1.392998929689093 2
	a 102 138 0.9546282343869431
	a 138 102 0.9546282343869431
1.545598435309036 2
	a 102 157 0.9497847036164766
	a 157 102 0.9497847036164766
4.560059306624054 2
	a 102 119 0.8589865826196342
	a 119 102 0.8589865826196342
12.61028579485842 2
	a 102 113 0.6568215834694774
	a 113 102 0.6568215834694774
2.281255583552399 2
	a 103 175 0.9267774175316006
	a 175 103 0.9267774175316006
0.6623180749170225 2
	a 103 120 0.9781646501663815
	a 120 103 0.9781646501663815
1.165489355260694 2
	a 103 127 0.96189532387708
	a 127 103 0.96189532387708
0.2701555345749592 2
	a 103 106 0.9910352407514
	a 106 103 0.9910352407514
11.06818721788241 2
	a 104 208 0.6914671918332953
	a 208 104 0.6914671918332953
2.301626222344578 2
	a 104 122 0.9261483295374004
	a 122 104 0.9261483295374004
1.494593721394759 2
	a 104 156 0.9514008603236256
	a 156 104 0.9514008603236256
4.918268463283113 2
	a 105 253 0.8487910108930994
	a 253 105 0.8487910108930994
2.033355190707818 2
	a 105 181 0.9344674292519221
	a 181 105 0.9344674292519221
0.5157162799331211 2
	a 106 118 0.9829563716638375
	a 118 106 0.9829563716638375
2.179577564459288 2
	a 107 193 0.9299238429565525
	a 193 107 0.9299238429565525
2.743615590501208 2
	a 107 175 0.9126034290755063
	a 175 107 0.9126034290755063
0.8177615287614444 2
	a 108 133 0.9731094483883569
	a 133 108 0.9731094483883569
3.860682771667689 2
	a 108 145 0.8792469946458012
	a 145 108 0.8792469946458012
1.207341673940248 2
	a 109 148 0.9605543411607935
	a 148 109 0.9605543411607935
4.873297723657156 2
	a 110 181 0.8500643236698769
	a 181 110 0.8500643236698769
4.626537990388162 2
	a 110 286 0.8570852134935123
	a 286 110 0.8570852134935123
7.392313764469693 2
	a 110 235 0.781601343913824
	a 235 110 0.781601343913824
3.976478670891326 2
	a 111 270 0.8758597627644057
	a 270 111 0.8758597627644057
9.222094516862587 2
	a 111 196 0.7353540827287498
	a 196 111 0.7353540827287498
10.33738095470328 2
	a 111 208 0.7085183182879484
	a 208 111 0.7085183182879484
3.538646752811601 2
	a 112 251 0.8887361410332543
	a 251 112 0.8887361410332543
9.838233221962801 2
	a 113 261 0.7204054450066247
	a 261 113 0.7204054450066247
2.305467796210252 2
	a 113 213 0.9260297415563544
	a 213 113 0.9260297415563544
2.53810591087447 2
	a 114 222 0.918876518833085
	a 222 114 0.918876518833085
5.574970965632103 2
	a 114 256 0.83041278912994
	a 256 114 0.83041278912994
2.590874140393419 2
	a 114 199 0.9172616898756637
	a 199 114 0.9172616898756637
0.9849989873620122 2
	a 115 151 0.9676998621187332
	a 151 115 0.9676998621187332
1.824403406976611 2
	a 115 195 0.9409987696409867
	a 195 115 0.9409987696409867
0.6623180749170225 2
	a 116 140 0.9781646501663815
	a 140 116 0.9781646501663815
2.118200225452055 2
	a 116 187 0.931828332198942
	a 187 116 0.931828332198942
10.98316680936728 2
	a 117 231 0.6934295987012267
	a 231 117 0.6934295987012267
8.978324676970619 2
	a 117 209 0.7413536632312397
	a 209 117 0.7413536632312397
10.84766090088821 2
	a 117 441 0.6965688099832522
	a 441 117 0.6965688099832522
5.181866890324168 2
	a 117 191 0.8413656812405098
	a 191 117 0.8413656812405098
12.33669766284326 2
	a 117 303 0.6628389326908771
	a 303 117 0.6628389326908771
0.3282999206120918 2
	a 118 127 0.9891163297299831
	a 127 118 0.9891163297299831
1.92702906826499 2
	a 119 186 0.9377852485699898
	a 186 119 0.9377852485699898
1.796072670483406 2
	a 119 157 0.941887828976114
	a 157 119 0.941887828976114
3.603951429086528 2
	a 119 261 0.8868036243032232
	a 261 119 0.8868036243032232
5.805085090317233 2
	a 120 175 0.8240674988529662
	a 175 120 0.8240674988529662
1.027006667447879 2
	a 120 164 0.9663457828279073
	a 164 120 0.9663457828279073
1.090487985406985 2
	a 120 132 0.9643031146479676
	a 132 120 0.9643031146479676
2.302162492236078 2
	a 121 151 0.9261317741698969
	a 151 121 0.9261317741698969
1.151286064329106 2
	a 121 158 0.9623508343353896
	a 158 121 0.9623508343353896
2.453202868752269 2
	a 121 224 0.9214807158918936
	a 224 121 0.9214807158918936
2.551372051749525 2
	a 121 227 0.9184702771491743
	a 227 121 0.9184702771491743
1.385168937220699 2
	a 122 156 0.9548774246343368
	a 156 122 0.9548774246343368
0.3981115513613038 2
	a 122 137 0.986817278310307
	a 137 122 0.986817278310307
0.2701555345749592 2
	a 123 135 0.9910352407514
	a 135 123 0.9910352407514
3.463679390868148 2
	a 123 238 0.8909597916950798
	a 238 123 0.8909597916950798
2.413936864531231 2
	a 123 187 0.9226876010682319
	a 187 123 0.9226876010682319
1.741716633649533 2
	a 124 203 0.9435959522732068
	a 203 124 0.9435959522732068
0.5753689120435835 2
	a 124 146 0.981003782431322
	a 146 124 0.981003782431322
5.109273491173099 2
	a 125 237 0.8434040662918953
	a 237 125 0.8434040662918953
4.058802247150524 2
	a 125 246 0.873459593846289
	a 246 125 0.873459593846289
3.661625323392755 2
	a 125 214 0.8851004147233326
	a 214 125 0.8851004147233326
1.057281840000934 2
	a 125 175 0.9653710652289879
	a 175 125 0.9653710652289879
5.007584618299245 2
	a 126 153 0.8462677439151348
	a 153 126 0.8462677439151348
0.4068472581547501 2
	a 126 143 0.9865299685964932
	a 143 126 0.9865299685964932
1.207341673940248 2
	a 127 175 0.9605543411607935
	a 175 127 0.9605543411607935
0.8136945163095008 2
	a 127 163 0.973241378938998
	a 163 127 0.973241378938998
0.8266086393752234 2
	a 128 168 0.9728225171346718
	a 168 128 0.9728225171346718
2.242330946783579 2
	a 128 210 0.9279806804504284
	a 210 128 0.9279806804504284
0.6308226318210105 2
	a 128 155 0.9791921137149343
	a 155 128 0.9791921137149343
0.9849989873620122 2
	a 128 173 0.9676998621187332
	a 173 128 0.9676998621187332
3.803447368295251 2
	a 129 227 0.8809260643871512
	a 227 129 0.8809260643871512
2.14176510343746 2
	a 129 223 0.9310966722294731
	a 223 129 0.9310966722294731
0.7856075762549576 2
	a 130 166 0.9741529846849716
	a 166 130 0.9741529846849716
4.741860106938624 2
	a 131 315 0.853796841879603
	a 315 131 0.853796841879603
4.587877171463628 2
	a 131 274 0.8581904460351993
	a 274 131 0.8581904460351993
2.756251660589134 2
	a 131 232 0.912219119320862
	a 232 131 0.912219119320862
0.9589481822187813 2
	a 132 175 0.9685405390892792
	a 175 132 0.9685405390892792
2.744018681203014 2
	a 132 164 0.9125911670926614
	a 164 132 0.9125911670926614
1.392998929689093 2
	a 133 145 0.9546282343869431
	a 145 133 0.9546282343869431
1.301572290685483 2
	a 133 192 0.9575419536901376
	a 192 133 0.9575419536901376
1.360345102038611 2
	a 134 175 0.9556678756165912
	a 175 134 0.9556678756165912
0.6780787635912512 2
	a 134 164 0.9776509001783111
	a 164 134 0.9776509001783111
1.766150822171435 2
	a 135 140 0.9428277317835341
	a 140 135 0.9428277317835341
1.075086642313258 2
	a 135 187 0.9647982938480059
	a 187 135 0.9647982938480059
11.88953341906863 2
	a 136 169 0.6727928614198083
	a 169 136 0.6727928614198083
6.366882707960046 2
	a 136 231 0.8087791232627649
	a 231 136 0.8087791232627649
8.7277320085594 2
	a 136 404 0.7475721921262712
	a 404 136 0.7475721921262712
0.4068472581547501 2
	a 137 156 0.9865299685964932
	a 156 137 0.9865299685964932
0.9589481822187813 2
	a 138 186 0.9685405390892792
	a 186 138 0.9685405390892792
0.1516230224745966 2
	a 139 146 0.9949586497282615
	a 146 139 0.9949586497282615
3.632307846682771 2
	a 139 188 0.8859658011967457
	a 188 139 0.8859658011967457
1.92702906826499 2
	a 139 190 0.9377852485699898
	a 190 139 0.9377852485699898
0.9493102690277512 2
	a 140 187 0.9688517460642906
	a 187 140 0.9688517460642906
1.588984649521283 2
	a 141 195 0.9484121109621378
	a 195 141 0.9484121109621378
1.583572297158699 2
	a 141 215 0.9485832310820291
	a 215 141 0.9485832310820291
3.715166341196467 2
	a 142 253 0.8835221842412549
	a 253 142 0.8835221842412549
6.387326619943416 2
	a 142 319 0.8082281573753897
	a 319 142 0.8082281573753897
0.8266086393752234 2
	a 142 181 0.9728225171346718
	a 181 142 0.9728225171346718
8.803334716742766 2
	a 142 300 0.7456906145851254
	a 300 142 0.7456906145851254
0.6773268194476793 2
	a 143 175 0.9776754051143772
	a 175 143 0.9776754051143772
0.4217785570495555 2
	a 143 150 0.9860390849711355
	a 150 143 0.9860390849711355
0.4498654971040983 2
	a 143 163 0.9851163562932524
	a 163 143 0.9851163562932524
6.490254957509764 2
	a 144 364 0.8054599228999947
	a 364 144 0.8054599228999947
4.485454572162318 2
	a 144 219 0.8611253897998297
	a 219 144 0.8611253897998297
0.6027356872459425 2
	a 145 175 0.9801092934817696
	a 175 145 0.9801092934817696
1.816016748007512 2
	a 145 147 0.9412618676068659
	a 147 145 0.9412618676068659
0.2712315054364995 2
	a 145 149 0.9909996972207403
	a 149 145 0.9909996972207403
2.631686494193778 2
	a 145 173 0.9160146846677901
	a 173 145 0.9160146846677901
3.150676515794892 2
	a 145 153 0.9003042200231812
	a 153 145 0.9003042200231812
2.339833632602524 2
	a 145 150 0.924969556021909
	a 150 145 0.924969556021909
1.220541774464252 2
	a 146 203 0.9601317870014974
	a 203 146 0.9601317870014974
4.198182277275925 2
	a 146 188 0.8694109120686443
	a 188 146 0.8694109120686443
0.5294379043957786 2
	a 147 175 0.9825068825271878
	a 175 147 0.9825068825271878
0.1516230224745966 2
	a 147 152 0.9949586497282615
	a 152 147 0.9949586497282615
4.939140600087794 2
	a 148 219 0.8482006802046953
	a 219 148 0.8482006802046953
2.338634292090733 2
	a 148 172 0.9250065352097717
	a 172 148 0.9250065352097717
0.9708242887516226 2
	a 148 199 0.9681571986167036
	a 199 148 0.9681571986167036
0.487629339878578 2
	a 149 175 0.9838770771494869
	a 175 149 0.9838770771494869
0.6773268194476793 2
	a 149 150 0.9776754051143772
	a 150 149 0.9776754051143772
0.4518359985116184 2
	a 150 175 0.9850516526460312
	a 175 150 0.9850516526460312
3.912148787085363 2
	a 150 153 0.8777399097635711
	a 153 150 0.8777399097635711
2.159909754305571 2
	a 151 194 0.9305336950289786
	a 194 151 0.9305336950289786
0.4068472581547501 2
	a 151 158 0.9865299685964932
	a 158 151 0.9865299685964932
0.9589481822187813 2
	a 151 195 0.9685405390892792
	a 195 151 0.9685405390892792
1.783013673629581 2
	a 151 227 0.9422979218995169
	a 227 151 0.9422979218995169
0.4068472581547501 2
	a 152 175 0.9865299685964932
	a 175 152 0.9865299685964932
0.3403795954308141 2
	a 153 173 0.9887181364487514
	a 173 153 0.9887181364487514
2.795313938305914 2
	a 154 269 0.9110321137216901
	a 269 154 0.9110321137216901
5.369707026269818 2
	a 154 180 0.8361140646723781
	a 180 154 0.8361140646723781
4.414232008683399 2
	a 154 271 0.8631722037520163
	a 271 154 0.8631722037520163
4.514917049235107 2
	a 154 301 0.8602801087005593
	a 301 154 0.8602801087005593
0.6780787635912512 2
	a 155 190 0.9776509001783111
	a 190 155 0.9776509001783111
0.2591518306177774 2
	a 156 170 0.9913988093706936
	a 170 156 0.9913988093706936
0.5753689120435835 2
	a 157 186 0.981003782431322
	a 186 157 0.981003782431322
0.4518359985116184 2
	a 158 179 0.9850516526460312
	a 179 158 0.9850516526460312
0.2712315054364995 2
	a 159 173 0.9909996972207403
	a 173 159 0.9909996972207403
2.336062963172896 2
	a 160 252 0.9250858218093611
	a 252 160 0.9250858218093611
2.045198491790077 2
	a 160 241 0.9340985960895423
	a 241 160 0.9340985960895423
3.661625323392755 2
	a 160 203 0.8851004147233326
	a 203 160 0.8851004147233326
2.637660630291472 2
	a 160 260 0.9158322896161508
	a 260 160 0.9158322896161508
5.018550499022993 2
	a 160 188 0.8459584647392168
	a 188 160 0.8459584647392168
2.297112274617977 2
	a 161 191 0.9262876928600038
	a 191 161 0.9262876928600038
10.19953442682489 2
	a 161 451 0.7117813688872932
	a 451 161 0.7117813688872932
12.24601251652921 2
	a 161 488 0.6648456189599502
	a 488 161 0.6648456189599502
7.256507304359447 2
	a 161 293 0.7851475816154666
	a 293 161 0.7851475816154666
13.32077111789822 2
	a 161 396 0.6414489328569872
	a 396 161 0.6414489328569872
6.810993183338117 2
	a 162 370 0.7968943997787609
	a 370 162 0.7968943997787609
2.75315228913546 2
	a 162 272 0.912313367719222
	a 272 162 0.912313367719222
0.8266086393752234 2
	a 162 182 0.9728225171346718
	a 182 162 0.9728225171346718
2.953714145557924 2
	a 162 244 0.906234534638576
	a 244 162 0.906234534638576
0.1917896373478611 2
	a 163 175 0.9936274037579175
	a 175 163 0.9936274037579175
0.1917896373478611 2
	a 164 175 0.9936274037579175
	a 175 164 0.9936274037579175
8.336629865869941 2
	a 165 369 0.757381899355134
	a 369 165 0.757381899355134
4.858317114874661 2
	a 165 311 0.850488912373437
	a 311 165 0.850488912373437
0.487629339878578 2
	a 165 184 0.9838770771494869
	a 184 165 0.9838770771494869
6.476780194401781 2
	a 165 335 0.8058217835488215
	a 335 165 0.8058217835488215
1.816060122445756 2
	a 165 237 0.9412605067176915
	a 237 165 0.9412605067176915
4.587302174233679 2
	a 165 309 0.8582068947638064
	a 309 165 0.8582068947638064
6.629630950806258 2
	a 165 246 0.8017265427806732
	a 246 165 0.8017265427806732
9.306000954982265 2
	a 166 235 0.7333002581580472
	a 235 166 0.7333002581580472
0.3981115513613038 2
	a 166 185 0.986817278310307
	a 185 166 0.986817278310307
0.5575248444503217 2
	a 167 193 0.9815874592603586
	a 193 167 0.9815874592603586
0.754358709720538 2
	a 167 175 0.9751682192287419
	a 175 167 0.9751682192287419
3.758715484174031 2
	a 168 281 0.8822405602292571
	a 281 168 0.8822405602292571
4.568530418042895 2
	a 168 260 0.8587440644929248
	a 260 168 0.8587440644929248
3.86801273077371 2
	a 168 225 0.8790321927378616
	a 225 168 0.8790321927378616
0.2701555345749592 2
	a 168 177 0.9910352407514
	a 177 168 0.9910352407514
4.349082969566818 2
	a 168 210 0.865048735240482
	a 210 168 0.865048735240482
3.621229585705272 2
	a 169 304 0.8862930269566599
	a 304 169 0.8862930269566599
9.898825974114786 2
	a 169 334 0.718951868484862
	a 334 169 0.718951868484862
11.53556750301164 2
	a 169 294 0.6807780683512553
	a 294 169 0.6807780683512553
10.93614659928099 2
	a 169 383 0.6945172910509746
	a 383 169 0.6945172910509746
14.02631577372497 2
	a 169 404 0.6265392486488013
	a 404 169 0.6265392486488013
4.266136803989514 2
	a 170 328 0.8674437939178098
	a 328 170 0.8674437939178098
6.168172390806818 2
	a 171 313 0.8141539961931772
	a 313 171 0.8141539961931772
0.487629339878578 2
	a 171 194 0.9838770771494869
	a 194 171 0.9838770771494869
1.575959592769836 2
	a 172 222 0.9488239710829937
	a 222 172 0.9488239710829937
1.088420984350353 2
	a 172 219 0.9643695574554602
	a 219 172 0.9643695574554602
0.3981115513613038 2
	a 173 192 0.986817278310307
	a 192 173 0.986817278310307
0.4498654971040983 2
	a 174 196 0.9851163562932524
	a 196 174 0.9851163562932524
0.9212233289732074 2
	a 174 208 0.9697592401739961
	a 208 174 0.9697592401739961
0.2701555345749592 2
	a 175 176 0.9910352407514
	a 176 175 0.9910352407514
0.5294379043957786 2
	a 175 200 0.9825068825271878
	a 200 175 0.9825068825271878
2.016230026740239 2
	a 175 193 0.9350010117971858
	a 193 175 0.9350010117971858
2.697435348223059 2
	a 176 280 0.9140093191188927
	a 280 176 0.9140093191188927
2.285230558113497 2
	a 176 221 0.9266546284445556
	a 221 176 0.9266546284445556
1.545598435309036 2
	a 176 200 0.9497847036164766
	a 200 176 0.9497847036164766
1.22222851799131 2
	a 177 226 0.9600778053165043
	a 226 177 0.9600778053165043
2.158675257670153 2
	a 177 225 0.9305719871740206
	a 225 177 0.9305719871740206
0.8272569866452942 2
	a 177 190 0.9728014931344119
	a 190 177 0.9728014931344119
0.487629339878578 2
	a 178 202 0.9838770771494869
	a 202 178 0.9838770771494869
1.856596163670476 2
	a 178 240 0.9399895330916023
	a 240 178 0.9399895330916023
5.828395896710441 2
	a 178 366 0.8234274249651223
	a 366 178 0.8234274249651223
7.850300796266852 2
	a 178 362 0.7697598520691527
	a 362 178 0.7697598520691527
0.2701555345749592 2
	a 179 194 0.9910352407514
	a 194 179 0.9910352407514
1.927627540581736 2
	a 180 197 0.9377665408062477
	a 197 180 0.9377665408062477
1.92702906826499 2
	a 180 253 0.9377852485699898
	a 253 180 0.9377852485699898
1.899809481359583 2
	a 181 253 0.9386365055950697
	a 253 181 0.9386365055950697
8.558969953146249 2
	a 181 300 0.7517894368435427
	a 300 181 0.7517894368435427
6.994263434579693 2
	a 181 286 0.7920410050253842
	a 286 181 0.7920410050253842
5.874461692854874 2
	a 182 370 0.8221640005609467
	a 370 182 0.8221640005609467
6.134300995887383 2
	a 182 352 0.8150737330259759
	a 352 182 0.8150737330259759
4.304177004544885 2
	a 183 336 0.8663445664492762
	a 336 183 0.8663445664492762
8.557350303252587 2
	a 183 201 0.7518300257952457
	a 201 183 0.7518300257952457
4.943938974732573 2
	a 183 264 0.8480650248991481
	a 264 183 0.8480650248991481
6.612044837936243 2
	a 183 313 0.8021966556739253
	a 313 183 0.8021966556739253
7.499693020081303 2
	a 184 332 0.7788087523188804
	a 332 184 0.7788087523188804
5.225875219199386 2
	a 184 343 0.8401323494893564
	a 343 184 0.8401323494893564
5.83491777127179 2
	a 184 311 0.8232484347424903
	a 311 184 0.8232484347424903
4.60214788602694 2
	a 184 316 0.8577823100862118
	a 316 184 0.8577823100862118
1.421085869743634 2
	a 184 237 0.9537348997696734
	a 237 184 0.9537348997696734
1.178427396424671 2
	a 185 229 0.9614805786068393
	a 229 185 0.9614805786068393
3.547252340810839 2
	a 186 218 0.8884812410254175
	a 218 186 0.8884812410254175
1.487138706482632 2
	a 186 233 0.9516373132884525
	a 233 186 0.9516373132884525
6.274679845072604 2
	a 186 375 0.8112686720487864
	a 375 186 0.8112686720487864
8.136003460869711 2
	a 186 395 0.7624639003974852
	a 395 186 0.7624639003974852
1.4107841807304 2
	a 187 238 0.9540624586845724
	a 238 187 0.9540624586845724
7.864271696044581 2
	a 187 273 0.7694014609348675
	a 273 187 0.7694014609348675
5.83491777127179 2
	a 188 203 0.8232484347424903
	a 203 188 0.8232484347424903
1.027006667447879 2
	a 188 226 0.9663457828279073
	a 226 188 0.9663457828279073
3.304337400021385 2
	a 189 305 0.8957046249591364
	a 305 189 0.8957046249591364
1.540389556301305 2
	a 189 243 0.9499496283874329
	a 243 189 0.9499496283874329
1.57306112249224 2
	a 189 248 0.9489156467808723
	a 248 189 0.9489156467808723
2.285230558113497 2
	a 189 275 0.9266546284445556
	a 275 189 0.9266546284445556
1.017007035400675 2
	a 190 226 0.9666679399244199
	a 226 190 0.9666679399244199
13.39547734718929 2
	a 191 441 0.6398535790273366
	a 441 191 0.6398535790273366
9.634044462370163 2
	a 191 451 0.7253254593474973
	a 451 191 0.7253254593474973
7.720013404555002 2
	a 191 303 0.7731101218810057
	a 303 191 0.7731101218810057
1.933180707300893 2
	a 192 258 0.9375929710729461
	a 258 192 0.9375929710729461
1.126737926931244 2
	a 192 210 0.9631386206197394
	a 210 192 0.9631386206197394
0.6981164340668319 2
	a 193 221 0.9769981233187751
	a 221 193 0.9769981233187751
0.8241254245324514 2
	a 193 200 0.9729030447112115
	a 200 193 0.9729030447112115
0.2701555345749592 2
	a 194 204 0.9910352407514
	a 204 194 0.9910352407514
0.9493102690277512 2
	a 195 227 0.9688517460642906
	a 227 195 0.9688517460642906
2.034085142496823 2
	a 195 215 0.9344446923228126
	a 215 195 0.9344446923228126
0.3911042311720507 2
	a 196 208 0.9870478033865562
	a 208 196 0.9870478033865562
1.643396302375348 2
	a 197 253 0.946693514276556
	a 253 197 0.946693514276556
0.9569120473074697 2
	a 198 229 0.9686062772936068
	a 229 198 0.9686062772936068
0.6780787635912512 2
	a 199 222 0.9776509001783111
	a 222 199 0.9776509001783111
0.5488408072586609 2
	a 200 221 0.9818716384555221
	a 221 200 0.9818716384555221
3.698525623820751 2
	a 201 283 0.8840124016202712
	a 283 201 0.8840124016202712
4.603173425910573 2
	a 201 345 0.8577529875883888
	a 345 201 0.8577529875883888
3.939994335620593 2
	a 201 336 0.8769255827697776
	a 336 201 0.8769255827697776
2.101306589218044 2
	a 202 234 0.932353212266511
	a 234 202 0.932353212266511
0.4498654971040983 2
	a 202 220 0.9851163562932524
	a 220 202 0.9851163562932524
5.880092002334703 2
	a 202 366 0.8220097137805605
	a 366 202 0.8220097137805605
1.385168937220699 2
	a 203 252 0.9548774246343368
	a 252 203 0.9548774246343368
1.381814599110866 2
	a 203 227 0.9549841966612392
	a 227 203 0.9549841966612392
3.094573463272924 2
	a 204 313 0.901989455811292
	a 313 204 0.901989455811292
8.111150540629188 2
	a 204 287 0.7630958105916681
	a 287 204 0.7630958105916681
1.342527456914504 2
	a 205 211 0.9562356359045654
	a 211 205 0.9562356359045654
0.4217785570495555 2
	a 205 222 0.9860390849711355
	a 222 205 0.9860390849711355
1.726106731610226 2
	a 206 254 0.9440870613775323
	a 254 206 0.9440870613775323
0.3911042311720507 2
	a 206 216 0.9870478033865562
	a 216 206 0.9870478033865562
4.089123524538977 2
	a 206 342 0.8725772261422476
	a 342 206 0.8725772261422476
2.798765323048392 2
	a 206 263 0.9109273090059221
	a 263 206 0.9109273090059221
7.038331203839325 2
	a 207 379 0.790878409775632
	a 379 207 0.790878409775632
0.3002129760370238 2
	a 207 219 0.990042805211115
	a 219 207 0.990042805211115
2.753101957609101 2
	a 208 306 0.9123148983246498
	a 306 208 0.9123148983246498
0.572507812946912 2
	a 209 231 0.9810973451939815
	a 231 209 0.9810973451939815
4.183107790748875 2
	a 210 281 0.8698478859480793
	a 281 210 0.8698478859480793
1.438672882198144 2
	a 210 258 0.9531759520373417
	a 258 210 0.9531759520373417
2.521562118077222 2
	a 211 292 0.9193833820020216
	a 292 211 0.9193833820020216
0.2701555345749592 2
	a 211 222 0.9910352407514
	a 222 211 0.9910352407514
0.1356157527182506 2
	a 212 217 0.9954896771040572
	a 217 212 0.9954896771040572
4.339704086984006 2
	a 212 270 0.8653192172024627
	a 270 212 0.8653192172024627
1.544504368785556 2
	a 213 269 0.9498193418363727
	a 269 213 0.9498193418363727
0.9589481822187813 2
	a 214 246 0.9685405390892792
	a 246 214 0.9685405390892792
0.4261984914158477 2
	a 215 227 0.9858938214043831
	a 227 215 0.9858938214043831
0.4217785570495555 2
	a 216 228 0.9860390849711355
	a 228 216 0.9860390849711355
1.633020205519121 2
	a 216 263 0.9470210036942331
	a 263 216 0.9470210036942331
1.469582609899217 2
	a 217 270 0.9521943774899192
	a 270 217 0.9521943774899192
12.76157189807748 2
	a 218 268 0.6535176551826856
	a 268 218 0.6535176551826856
12.0594115107572 2
	a 218 464 0.6689938687514754
	a 464 218 0.6689938687514754
9.572619752780508 2
	a 218 469 0.7268120776030021
	a 469 218 0.7268120776030021
8.093535541603844 2
	a 219 432 0.7635440065603111
	a 432 219 0.7635440065603111
9.049500597671653 2
	a 219 364 0.7395968637674472
	a 364 219 0.7395968637674472
1.40114626753937 2
	a 220 270 0.9543690136296223
	a 270 220 0.9543690136296223
1.488143266609318 2
	a 220 243 0.9516054479253001
	a 243 220 0.9516054479253001
2.157772368673279 2
	a 220 234 0.9305999943690755
	a 234 220 0.9305999943690755
0.8136945163095008 2
	a 221 249 0.973241378938998
	a 249 221 0.973241378938998
1.875209981755642 2
	a 221 280 0.9394064875163473
	a 280 221 0.9394064875163473
5.923131600765103 2
	a 222 379 0.8208312603858025
	a 379 222 0.8208312603858025
1.305344673394121 2
	a 222 257 0.9574215541032217
	a 257 222 0.9574215541032217
3.780586833324216 2
	a 222 256 0.881597601586377
	a 256 222 0.881597601586377
0.6780787635912512 2
	a 222 242 0.9776509001783111
	a 242 222 0.9776509001783111
0.7241308354215087 2
	a 222 230 0.9761512898261859
	a 230 222 0.9761512898261859
0.1917896373478611 2
	a 223 227 0.9936274037579175
	a 227 223 0.9936274037579175
3.694700120421774 2
	a 224 287 0.8841251352227359
	a 287 224 0.8841251352227359
2.184273549210764 2
	a 224 252 0.9297782907424808
	a 252 224 0.9297782907424808
