3.25844335218672 2
	a 0 41 0.8970759239628544
	a 41 0 0.8970759239628544
0.3981115513613038 2
	a 0 22 0.986817278310307
	a 22 0 0.986817278310307
2.974160503145372 2
	a 0 28 0.9056171052204097
	a 28 0 0.9056171052204097
8.520542158249087 2
	a 0 129 0.7527530408742515
	a 129 0 0.7527530408742515
6.929131474006904 2
	a 1 595 0.79376244581315
	a 595 1 0.79376244581315
8.553374813351628 2
	a 1 175 0.7519296621526483
	a 175 1 0.7519296621526483
11.6855871494829 2
	a 1 705 0.6773822299643589
	a 705 1 0.6773822299643589
4.707113909044707 2
	a 2 82 0.8547862878947518
	a 82 2 0.8547862878947518
5.084805575013494 2
	a 2 45 0.8440922248832838
	a 45 2 0.8440922248832838
0.4217785570495555 2
	a 2 25 0.9860390849711355
	a 25 2 0.9860390849711355
0.4068472581547501 2
	a 3 24 0.9865299685964932
	a 24 3 0.9865299685964932
0.1516230224745966 2
	a 4 12 0.9949586497282615
	a 12 4 0.9949586497282615
7.534362102337703 2
	a 5 47 0.7779092526762336
	a 47 5 0.7779092526762336
7.475884928804974 2
	a 5 34 0.7794270626283009
	a 34 5 0.7794270626283009
5.650429912076535 2
	a 5 53 0.8283266780195127
	a 53 5 0.8283266780195127
0.3981115513613038 2
	a 5 29 0.986817278310307
	a 29 5 0.986817278310307
3.177207219881741 2
	a 5 44 0.8995083818158629
	a 44 5 0.8995083818158629
2.55259986704886 2
	a 6 42 0.9184326875231226
	a 42 6 0.9184326875231226
1.534317094262365 2
	a 6 90 0.9501419322846545
	a 90 6 0.9501419322846545
3.353001435769521 2
	a 6 11 0.894252849368838
	a 11 6 0.894252849368838
5.706452399800335 2
	a 7 472 0.8267812907042845
	a 472 7 0.8267812907042845
0.3002129760370238 2
	a 8 25 0.990042805211115
	a 25 8 0.990042805211115
2.55807635662143 2
	a 9 155 0.9182650432574118
	a 155 9 0.9182650432574118
1.088420984350353 2
	a 10 64 0.9643695574554602
	a 64 10 0.9643695574554602
3.316888434511829 2
	a 11 211 0.895329969348489
	a 211 11 0.895329969348489
2.793858180049409 2
	a 11 118 0.9110763228783618
	a 118 11 0.9110763228783618
3.009435543708067 2
	a 11 109 0.9045528750183874
	a 109 11 0.9045528750183874
1.017007035400675 2
	a 12 59 0.9666679399244199
	a 59 12 0.9666679399244199
0.2701555345749592 2
	a 13 29 0.9910352407514
	a 29 13 0.9910352407514
1.200526638806247 2
	a 14 81 0.9607725730002534
	a 81 14 0.9607725730002534
0.1917896373478611 2
	a 15 30 0.9936274037579175
	a 30 15 0.9936274037579175
0.487629339878578 2
	a 16 41 0.9838770771494869
	a 41 16 0.9838770771494869
0.3981115513613038 2
	a 16 28 0.986817278310307
	a 28 16 0.986817278310307
0.4217785570495555 2
	a 16 40 0.9860390849711355
	a 40 16 0.9860390849711355
4.746551345138756 2
	a 17 37 0.8536633401726876
	a 37 17 0.8536633401726876
1.487138706482632 2
	a 17 75 0.9516373132884525
	a 75 17 0.9516373132884525
2.493265276481146 2
	a 17 165 0.9202509793063087
	a 165 17 0.9202509793063087
1.277257733339577 2
	a 18 89 0.9583183418980348
	a 89 18 0.9583183418980348
1.058859358600752 2
	a 18 70 0.9653203035365874
	a 70 18 0.9653203035365874
7.924812127639166 2
	a 18 88 0.7678503633127641
	a 88 18 0.7678503633127641
0.6828977201867652 2
	a 19 52 0.977493870882154
	a 52 19 0.977493870882154
11.97083781130248 2
	a 20 60 0.6709719628286546
	a 60 20 0.6709719628286546
0.2354381640695419 2
	a 20 37 0.9921827758679332
	a 37 20 0.9921827758679332
0.4068472581547501 2
	a 21 41 0.9865299685964932
	a 41 21 0.9865299685964932
3.062137488767611 2
	a 22 41 0.9029652134434908
	a 41 22 0.9029652134434908
0.1356157527182506 2
	a 22 33 0.9954896771040572
	a 33 22 0.9954896771040572
1.00519166664295 2
	a 23 76 0.9670487328455266
	a 76 23 0.9670487328455266
0.9493102690277512 2
	a 23 30 0.9688517460642906
	a 30 23 0.9688517460642906
4.257758250321903 2
	a 24 152 0.8676860918973778
	a 152 24 0.8676860918973778
1.057281840000934 2
	a 24 80 0.9653710652289879
	a 80 24 0.9653710652289879
1.064816194648925 2
	a 25 82 0.9651286474055482
	a 82 25 0.9651286474055482
5.713376058631737 2
	a 26 520 0.8265905010016774
	a 520 26 0.8265905010016774
5.124264682504828 2
	a 26 203 0.8429827171851565
	a 203 26 0.8429827171851565
4.197782436831663 2
	a 26 60 0.8694224996673748
	a 60 26 0.8694224996673748
6.431853321951299 2
	a 26 56 0.8070294560218149
	a 56 26 0.8070294560218149
0.9302638502529895 2
	a 27 44 0.9694670465676806
	a 44 27 0.9694670465676806
2.967496516836749 2
	a 27 42 0.9058182948980049
	a 42 27 0.9058182948980049
0.7522177754760512 2
	a 27 62 0.975237814079835
	a 62 27 0.975237814079835
0.6981164340668319 2
	a 28 41 0.9769981233187751
	a 41 28 0.9769981233187751
0.2701555345749592 2
	a 28 40 0.9910352407514
	a 40 28 0.9910352407514
0.5424630108730013 2
	a 29 53 0.9820803998915988
	a 53 29 0.9820803998915988
0.3403795954308141 2
	a 29 31 0.9887181364487514
	a 31 29 0.9887181364487514
0.5294379043957786 2
	a 30 51 0.9825068825271878
	a 51 30 0.9825068825271878
2.054273961249331 2
	a 30 123 0.9338160593848928
	a 123 30 0.9338160593848928
0.5308290191434861 2
	a 31 53 0.982461324256342
	a 53 31 0.982461324256342
0.5424630108730013 2
	a 32 38 0.9820803998915988
	a 38 32 0.9820803998915988
1.767823741932766 2
	a 32 135 0.9427751574112917
	a 135 32 0.9427751574112917
0.2701555345749592 2
	a 33 41 0.9910352407514
	a 41 33 0.9910352407514
2.33752626166525 2
	a 34 168 0.9250407003535276
	a 168 34 0.9250407003535276
0.4068472581547501 2
	a 34 47 0.9865299685964932
	a 47 34 0.9865299685964932
4.049306938444003 2
	a 34 126 0.8737360965514979
	a 126 34 0.8737360965514979
3.920906626369651 2
	a 35 101 0.877483710325845
	a 101 35 0.877483710325845
3.571446267944701 2
	a 35 150 0.8877650015281677
	a 150 35 0.8877650015281677
0.9493102690277512 2
	a 35 83 0.9688517460642906
	a 83 35 0.9688517460642906
0.6780787635912512 2
	a 35 44 0.9776509001783111
	a 44 35 0.9776509001783111
1.871597101254301 2
	a 36 134 0.9395196264415535
	a 134 36 0.9395196264415535
6.6321350233518 2
	a 36 82 0.8016596261926183
	a 82 36 0.8016596261926183
1.250070526955394 2
	a 36 100 0.9591872021547203
	a 100 36 0.9591872021547203
1.057281840000934 2
	a 37 56 0.9653710652289879
	a 56 37 0.9653710652289879
4.155175127174624 2
	a 37 84 0.8706581687241097
	a 84 37 0.8706581687241097
0.8266086393752234 2
	a 37 75 0.9728225171346718
	a 75 37 0.9728225171346718
0.8577887261203904 2
	a 38 81 0.9718119527013557
	a 81 38 0.9718119527013557
1.881164616308095 2
	a 38 135 0.9392200452759041
	a 135 38 0.9392200452759041
3.462562681034489 2
	a 38 155 0.8909929570977041
	a 155 38 0.8909929570977041
0.5753689120435835 2
	a 39 59 0.981003782431322
	a 59 39 0.981003782431322
0.5531049100840296 2
	a 40 41 0.981732088319103
	a 41 40 0.981732088319103
1.871597101254301 2
	a 40 152 0.9395196264415535
	a 152 40 0.9395196264415535
1.898620538055502 2
	a 40 129 0.9386737058518245
	a 129 40 0.9386737058518245
0.4068472581547501 2
	a 41 59 0.9865299685964932
	a 59 41 0.9865299685964932
3.687426075690598 2
	a 42 105 0.8843395334067707
	a 105 42 0.8843395334067707
2.493265276481146 2
	a 42 83 0.9202509793063087
	a 83 42 0.9202509793063087
1.578980655167365 2
	a 42 71 0.9487284273464371
	a 71 42 0.9487284273464371
1.555485357104156 2
	a 42 62 0.9494717402871466
	a 62 42 0.9494717402871466
0.8266086393752234 2
	a 42 90 0.9728225171346718
	a 90 42 0.9728225171346718
0.4068472581547501 2
	a 43 64 0.9865299685964932
	a 64 43 0.9865299685964932
1.126737926931244 2
	a 44 83 0.9631386206197394
	a 83 44 0.9631386206197394
0.487629339878578 2
	a 44 71 0.9838770771494869
	a 71 44 0.9838770771494869
0.4217785570495555 2
	a 44 62 0.9860390849711355
	a 62 44 0.9860390849711355
0.5753689120435835 2
	a 45 82 0.981003782431322
	a 82 45 0.981003782431322
3.010007715609834 2
	a 46 241 0.9045356231916132
	a 241 46 0.9045356231916132
1.988089663120175 2
	a 47 168 0.9358784655458781
	a 168 47 0.9358784655458781
0.6981164340668319 2
	a 47 91 0.9769981233187751
	a 91 47 0.9769981233187751
2.762626722057115 2
	a 47 53 0.9120252914840663
	a 53 47 0.9120252914840663
0.4068472581547501 2
	a 48 74 0.9865299685964932
	a 74 48 0.9865299685964932
2.985088393376259 2
	a 48 92 0.9052872824845989
	a 92 48 0.9052872824845989
0.1917896373478611 2
	a 49 59 0.9936274037579175
	a 59 49 0.9936274037579175
1.356157527182502 2
	a 50 92 0.9558012826194622
	a 92 50 0.9558012826194622
4.997878214632568 2
	a 50 133 0.8465415954257186
	a 133 50 0.8465415954257186
1.545598435309036 2
	a 50 146 0.9497847036164766
	a 146 50 0.9497847036164766
1.385168937220699 2
	a 51 139 0.9548774246343368
	a 139 51 0.9548774246343368
1.534637757709666 2
	a 52 146 0.9501317764793502
	a 146 52 0.9501317764793502
4.628594964920142 2
	a 53 183 0.8570264487596316
	a 183 53 0.8570264487596316
2.045198491790077 2
	a 53 91 0.9340985960895423
	a 91 53 0.9340985960895423
0.4068472581547501 2
	a 53 79 0.9865299685964932
	a 79 53 0.9865299685964932
0.1917896373478611 2
	a 54 66 0.9936274037579175
	a 66 54 0.9936274037579175
0.4217785570495555 2
	a 54 63 0.9860390849711355
	a 63 54 0.9860390849711355
1.92702906826499 2
	a 54 90 0.9377852485699898
	a 90 54 0.9377852485699898
6.440925853069248 2
	a 55 658 0.8067854329270313
	a 658 55 0.8067854329270313
8.190326353213621 2
	a 55 252 0.7610845081713979
	a 252 55 0.7610845081713979
11.0666836957578 2
	a 55 325 0.6915018472424197
	a 325 55 0.6915018472424197
1.21946580360271 2
	a 56 138 0.9601662234132384
	a 138 56 0.9601662234132384
11.72906454720675 2
	a 56 60 0.6764012470916577
	a 60 56 0.6764012470916577
0.2712315054364995 2
	a 57 74 0.9909996972207403
	a 74 57 0.9909996972207403
1.465260119971778 2
	a 58 152 0.9523315823943176
	a 152 58 0.9523315823943176
6.062734470174844 2
	a 59 390 0.8170204539460544
	a 390 59 0.8170204539460544
7.207532310731379 2
	a 59 188 0.7864303816762093
	a 188 59 0.7864303816762093
1.017007035400675 2
	a 59 130 0.9666679399244199
	a 130 59 0.9666679399244199
1.936327367967538 2
	a 59 152 0.9374946333328481
	a 152 59 0.9374946333328481
4.963429865095818 2
	a 60 520 0.8475142190994068
	a 520 60 0.8475142190994068
1.633020205519121 2
	a 61 166 0.9470210036942331
	a 166 61 0.9470210036942331
7.09296583611401 2
	a 61 289 0.7894394087917722
	a 289 61 0.7894394087917722
2.96859808743188 2
	a 61 86 0.905785034748709
	a 86 61 0.905785034748709
0.1356157527182506 2
	a 62 71 0.9954896771040572
	a 71 62 0.9954896771040572
3.644254089162394 2
	a 63 347 0.8856130726880866
	a 347 63 0.8856130726880866
0.6780787635912512 2
	a 63 66 0.9776509001783111
	a 66 63 0.9776509001783111
0.8266086393752234 2
	a 63 106 0.9728225171346718
	a 106 63 0.9728225171346718
3.367722855725418 2
	a 63 90 0.8938141346279633
	a 90 63 0.8938141346279633
2.612936798165439 2
	a 64 238 0.9165873635048846
	a 238 64 0.9165873635048846
0.4217785570495555 2
	a 65 82 0.9860390849711355
	a 82 65 0.9860390849711355
0.5294379043957786 2
	a 65 100 0.9825068825271878
	a 100 65 0.9825068825271878
3.579538568402 2
	a 66 347 0.8875255651185476
	a 347 66 0.8875255651185476
3.689712263447297 2
	a 66 160 0.8842721437674249
	a 160 66 0.8842721437674249
2.789143191010452 2
	a 66 90 0.9112195246271791
	a 90 66 0.9112195246271791
3.951591828630526 2
	a 67 325 0.8765866436775145
	a 325 67 0.8765866436775145
0.5157162799331211 2
	a 67 102 0.9829563716638375
	a 102 67 0.9829563716638375
3.10522487818927 2
	a 67 259 0.9016692638581442
	a 259 67 0.9016692638581442
0.9397593081368385 2
	a 68 136 0.969160244007073
	a 136 68 0.969160244007073
0.9056588220468618 2
	a 68 87 0.9702624981924419
	a 87 68 0.9702624981924419
0.99986533083179 2
	a 69 137 0.9672204422980087
	a 137 69 0.9672204422980087
2.500368558377023 2
	a 69 74 0.9200331116962117
	a 74 69 0.9200331116962117
1.877706360367478 2
	a 70 143 0.9393283202932002
	a 143 70 0.9393283202932002
0.2701555345749592 2
	a 70 89 0.9910352407514
	a 89 70 0.9910352407514
0.1516230224745966 2
	a 71 83 0.9949586497282615
	a 83 71 0.9949586497282615
2.065637602975802 2
	a 72 209 0.9334624079973399
	a 209 72 0.9334624079973399
2.112908977956649 2
	a 72 102 0.9319926978378004
	a 102 72 0.9319926978378004
5.853392185404212 2
	a 72 259 0.8227416230587457
	a 259 72 0.8227416230587457
3.073976246722156 2
	a 73 242 0.9026089508564454
	a 242 73 0.9026089508564454
4.027903680625902 2
	a 73 230 0.8743596789346053
	a 230 73 0.8743596789346053
2.960745903705816 2
	a 73 234 0.9060221454616089
	a 234 73 0.9060221454616089
2.234721917581615 2
	a 73 222 0.9282160780381652
	a 222 73 0.9282160780381652
1.355312686248317 2
	a 73 102 0.9558281996667543
	a 102 73 0.9558281996667543
0.9337457621014058 2
	a 74 137 0.9693545331373012
	a 137 74 0.9693545331373012
5.251230668132128 2
	a 74 176 0.8394225850420697
	a 176 74 0.8394225850420697
0.2701555345749592 2
	a 75 84 0.9910352407514
	a 84 75 0.9910352407514
1.206514340999738 2
	a 75 153 0.9605808314676499
	a 153 75 0.9605808314676499
0.6981164340668319 2
	a 76 121 0.9769981233187751
	a 121 76 0.9769981233187751
0.4068472581547501 2
	a 77 102 0.9865299685964932
	a 102 77 0.9865299685964932
1.199592341201047 2
	a 78 152 0.9608024950499893
	a 152 78 0.9608024950499893
3.604786451440213 2
	a 78 215 0.8867789412850853
	a 215 78 0.8867789412850853
4.808924967191235 2
	a 78 120 0.8518903148269292
	a 120 78 0.8518903148269292
3.777721819452816 2
	a 79 186 0.8816817985853238
	a 186 79 0.8816817985853238
0.1917896373478611 2
	a 79 91 0.9936274037579175
	a 91 79 0.9936274037579175
1.151286064329106 2
	a 80 152 0.9623508343353896
	a 152 80 0.9623508343353896
1.332543176570506 2
	a 80 129 0.9565539330232149
	a 129 80 0.9565539330232149
0.4068472581547501 2
	a 81 104 0.9865299685964932
	a 104 81 0.9865299685964932
2.646678114975391 2
	a 81 177 0.9155570475299231
	a 177 81 0.9155570475299231
4.696914650609499 2
	a 81 122 0.8550769435083846
	a 122 81 0.8550769435083846
2.305467796210252 2
	a 81 111 0.9260297415563544
	a 111 81 0.9260297415563544
1.084926021746002 2
	a 82 146 0.9644819118512427
	a 146 82 0.9644819118512427
4.30123298093595 2
	a 82 134 0.8664295885828974
	a 134 82 0.8664295885828974
2.034236290773753 2
	a 82 100 0.9344399843445016
	a 100 82 0.9344399843445016
2.334951470025192 2
	a 83 150 0.9251200966626941
	a 150 83 0.9251200966626941
0.6780787635912512 2
	a 83 127 0.9776509001783111
	a 127 83 0.9776509001783111
3.193354223589163 2
	a 83 105 0.899024366578277
	a 105 83 0.899024366578277
2.970562897498311 2
	a 84 138 0.9057257135061698
	a 138 84 0.9057257135061698
3.752702408273205 2
	a 84 161 0.882417410600625
	a 161 84 0.882417410600625
1.090229203427647 2
	a 84 153 0.9643114328261337
	a 153 84 0.9643114328261337
5.333346236949811 2
	a 85 553 0.8371280712947005
	a 553 85 0.8371280712947005
3.371944791092742 2
	a 85 158 0.8936883559617675
	a 158 85 0.8936883559617675
8.622434653655125 2
	a 85 173 0.7502007148503009
	a 173 85 0.7502007148503009
4.291434051161716 2
	a 85 466 0.8667126375630936
	a 466 85 0.8667126375630936
1.843101546416292 2
	a 85 203 0.9404124548363227
	a 203 85 0.9404124548363227
4.047121861272005 2
	a 85 170 0.8737997382291335
	a 170 85 0.8737997382291335
1.287882065790105 2
	a 86 166 0.9579790188976618
	a 166 86 0.9579790188976618
1.984278394854708 2
	a 87 136 0.9359973692284843
	a 136 87 0.9359973692284843
0.1356157527182506 2
	a 87 96 0.9954896771040572
	a 96 87 0.9954896771040572
0.1356157527182506 2
	a 88 97 0.9954896771040572
	a 97 88 0.9954896771040572
1.633020205519121 2
	a 89 93 0.9470210036942331
	a 93 89 0.9470210036942331
0.9056588220468618 2
	a 89 143 0.9702624981924419
	a 143 89 0.9702624981924419
4.762184301856023 2
	a 90 105 0.853218613321077
	a 105 90 0.853218613321077
3.496324801300909 2
	a 90 106 0.8899907940768154
	a 106 90 0.8899907940768154
1.555485357104156 2
	a 90 189 0.9494717402871466
	a 189 90 0.9494717402871466
4.018781378526705 2
	a 91 257 0.8746255917993344
	a 257 91 0.8746255917993344
4.296427364409976 2
	a 91 247 0.8665683906447416
	a 247 91 0.8665683906447416
3.521079662311165 2
	a 91 168 0.889256710373876
	a 168 91 0.889256710373876
1.515971031398842 2
	a 91 186 0.950723155439782
	a 186 91 0.950723155439782
0.9302638502529895 2
	a 92 146 0.9694670465676806
	a 146 92 0.9694670465676806
1.85137654389513 2
	a 93 213 0.9401530935851009
	a 213 93 0.9401530935851009
4.234557554878847 2
	a 93 143 0.8683573821292006
	a 143 93 0.8683573821292006
0.4068472581547501 2
	a 94 117 0.9865299685964932
	a 117 94 0.9865299685964932
1.787496262473629 2
	a 95 208 0.9421571346128883
	a 208 95 0.9421571346128883
1.670143268382533 2
	a 95 117 0.9458498511147535
	a 117 95 0.9458498511147535
2.212559984558081 2
	a 95 236 0.928902033460367
	a 236 95 0.928902033460367
1.824159615058476 2
	a 95 213 0.9410064166018915
	a 213 95 0.9410064166018915
1.084926021746002 2
	a 96 154 0.9644819118512427
	a 154 96 0.9644819118512427
2.047798761109545 2
	a 96 231 0.9340176360008678
	a 231 96 0.9340176360008678
2.312028244412198 2
	a 96 136 0.9258272580251086
	a 136 96 0.9258272580251086
1.786523151639998 2
	a 97 213 0.9421876958856998
	a 213 97 0.9421876958856998
1.68410134343058 2
	a 97 143 0.9454098787019549
	a 143 97 0.9454098787019549
2.167445876478873 2
	a 98 243 0.9302999705327433
	a 243 98 0.9302999705327433
0.8266086393752234 2
	a 99 153 0.9728225171346718
	a 153 99 0.9728225171346718
1.954180946745591 2
	a 99 187 0.9369368781717311
	a 187 99 0.9369368781717311
1.775246850978804 2
	a 99 165 0.9425419088429957
	a 165 99 0.9425419088429957
0.4498654971040983 2
	a 100 134 0.9851163562932524
	a 134 100 0.9851163562932524
2.931309039928191 2
	a 101 269 0.9069115967837168
	a 269 101 0.9069115967837168
0.7884591958105146 2
	a 101 150 0.9740603919623205
	a 150 101 0.9740603919623205
1.804331113799363 2
	a 102 222 0.9416285804193901
	a 222 102 0.9416285804193901
0.9006357637435058 2
	a 103 132 0.9704249679635806
	a 132 103 0.9704249679635806
1.250070526955394 2
	a 103 182 0.9591872021547203
	a 182 103 0.9591872021547203
5.686884877495753 2
	a 103 563 0.827320735323299
	a 563 103 0.827320735323299
3.504744279282169 2
	a 104 110 0.889741053860017
	a 110 104 0.889741053860017
1.206514340999738 2
	a 104 177 0.9605808314676499
	a 177 104 0.9605808314676499
3.378708712649539 2
	a 105 160 0.8934868840770899
	a 160 105 0.8934868840770899
2.059344055616256 2
	a 105 150 0.9336582548685839
	a 150 105 0.9336582548685839
0.2701555345749592 2
	a 105 127 0.9910352407514
	a 127 105 0.9910352407514
2.742020111855205 2
	a 106 314 0.9126519650089076
	a 314 106 0.9126519650089076
1.955522552702507 2
	a 106 189 0.9368949791053717
	a 189 106 0.9368949791053717
3.360768326228172 2
	a 107 276 0.8940213605384913
	a 276 107 0.8940213605384913
2.799035284286278 2
	a 107 325 0.9109191118740051
	a 325 107 0.9109191118740051
0.4068472581547501 2
	a 108 119 0.9865299685964932
	a 119 108 0.9865299685964932
0.726203378641899 2
	a 108 155 0.9760838549643137
	a 155 108 0.9760838549643137
1.490124526866554 2
	a 109 118 0.9515426040653389
	a 118 109 0.9515426040653389
1.241984880711027 2
	a 109 114 0.9594457586097138
	a 114 109 0.9594457586097138
1.381814599110866 2
	a 109 200 0.9549841966612392
	a 200 109 0.9549841966612392
2.360073257536528 2
	a 110 281 0.9243457319153611
	a 281 110 0.9243457319153611
0.1356157527182506 2
	a 111 119 0.9954896771040572
	a 119 111 0.9954896771040572
1.539937485710144 2
	a 112 213 0.9499639433049578
	a 213 112 0.9499639433049578
7.094659193169276 2
	a 113 740 0.789394849956265
	a 740 113 0.789394849956265
3.443857494096192 2
	a 113 253 0.891548669985699
	a 253 113 0.891548669985699
2.71393317180066 2
	a 113 322 0.9135068184844999
	a 322 113 0.9135068184844999
1.2777003560333 2
	a 113 145 0.9583042028874746
	a 145 113 0.9583042028874746
4.813551069145332 2
	a 113 202 0.8517589605731557
	a 202 113 0.8517589605731557
7.094863837340128 2
	a 113 114 0.7893894651394797
	a 114 113 0.7893894651394797
2.037825519887818 2
	a 113 171 0.9343281937254322
	a 171 113 0.9343281937254322
2.744018681203014 2
	a 113 224 0.9125911670926614
	a 224 113 0.9125911670926614
2.427625710666457 2
	a 114 202 0.9222666794876507
	a 202 114 0.9222666794876507
2.207576901258101 2
	a 114 118 0.9290563394823501
	a 118 114 0.9290563394823501
0.9131757184269528 2
	a 114 171 0.9700194165586912
	a 171 114 0.9700194165586912
3.207082778016787 2
	a 114 200 0.8986130505334224
	a 200 114 0.8986130505334224
3.935533644200084 2
	a 114 481 0.8770559822781865
	a 481 114 0.8770559822781865
1.489421924254346 2
	a 115 213 0.9515648895369432
	a 213 115 0.9515648895369432
1.40114626753937 2
	a 116 152 0.9543690136296223
	a 152 116 0.9543690136296223
3.70158967641189 2
	a 116 174 0.8839221175479426
	a 174 116 0.8839221175479426
1.127108817932829 2
	a 116 142 0.9631267133784222
	a 142 116 0.9631267133784222
1.474117248069159 2
	a 116 215 0.9520504598014583
	a 215 116 0.9520504598014583
1.441427748955187 2
	a 117 213 0.9530884269646057
	a 213 117 0.9530884269646057
3.309422633626836 2
	a 118 418 0.8955528089178538
	a 418 118 0.8955528089178538
3.091902470338413 2
	a 118 211 0.902069766301834
	a 211 118 0.902069766301834
2.312028244412198 2
	a 118 202 0.9258272580251086
	a 202 118 0.9258272580251086
0.5753689120435835 2
	a 119 155 0.981003782431322
	a 155 119 0.981003782431322
1.027006667447879 2
	a 120 183 0.9663457828279073
	a 183 120 0.9663457828279073
2.285230558113497 2
	a 120 125 0.9266546284445556
	a 125 120 0.9266546284445556
0.7671585448709205 2
	a 121 167 0.9747522415608111
	a 167 121 0.9747522415608111
2.034895672645569 2
	a 121 178 0.9344194461440118
	a 178 121 0.9344194461440118
2.918190024062736 2
	a 122 177 0.9073082764323976
	a 177 122 0.9073082764323976
2.549952570706873 2
	a 122 255 0.9185137365488845
	a 255 122 0.9185137365488845
0.8753836449732832 2
	a 122 135 0.971242154728572
	a 135 122 0.971242154728572
0.5488408072586609 2
	a 122 155 0.9818716384555221
	a 155 122 0.9818716384555221
0.2712315054364995 2
	a 123 139 0.9909996972207403
	a 139 123 0.9909996972207403
0.4217785570495555 2
	a 124 146 0.9860390849711355
	a 146 124 0.9860390849711355
0.9493102690277512 2
	a 125 183 0.9688517460642906
	a 183 125 0.9688517460642906
2.37241948059669 2
	a 126 168 0.9239654042278721
	a 168 126 0.9239654042278721
2.034236290773753 2
	a 126 269 0.9344399843445016
	a 269 126 0.9344399843445016
0.4217785570495555 2
	a 127 150 0.9860390849711355
	a 150 127 0.9860390849711355
2.782004337102639 2
	a 128 165 0.911436385863976
	a 165 128 0.911436385863976
2.506521973979287 2
	a 128 321 0.9198444195117601
	a 321 128 0.9198444195117601
0.4217785570495555 2
	a 129 152 0.9860390849711355
	a 152 129 0.9860390849711355
0.4068472581547501 2
	a 130 152 0.9865299685964932
	a 152 130 0.9865299685964932
4.65309183504295 2
	a 131 416 0.8563269188831403
	a 416 131 0.8563269188831403
2.762626722057115 2
	a 131 361 0.9120252914840663
	a 361 131 0.9120252914840663
1.250070526955394 2
	a 131 192 0.9591872021547203
	a 192 131 0.9591872021547203
8.001501692108489 2
	a 132 379 0.765889999706158
	a 379 132 0.765889999706158
7.119295937379439 2
	a 132 510 0.7887468454380696
	a 510 132 0.7887468454380696
0.8678838813832842 2
	a 132 182 0.9714849879654753
	a 182 132 0.9714849879654753
4.53623354009462 2
	a 132 406 0.8596690540494919
	a 406 132 0.8596690540494919
0.8136945163095008 2
	a 133 176 0.973241378938998
	a 176 133 0.973241378938998
2.765823330005486 2
	a 133 146 0.9119281170847701
	a 146 133 0.9119281170847701
0.3002129760370238 2
	a 134 146 0.990042805211115
	a 146 134 0.990042805211115
0.4068472581547501 2
	a 135 155 0.9865299685964932
	a 155 135 0.9865299685964932
0.572507812946912 2
	a 136 166 0.9810973451939815
	a 166 136 0.9810973451939815
2.082852567174306 2
	a 136 154 0.9329269109236059
	a 154 136 0.9329269109236059
2.760244106979707 2
	a 137 373 0.9120977278675109
	a 373 137 0.9120977278675109
4.394797340090705 2
	a 137 144 0.8637315671070892
	a 144 137 0.8637315671070892
2.901514589054324 2
	a 137 176 0.9078127419623199
	a 176 137 0.9078127419623199
0.5575248444503217 2
	a 138 170 0.9815874592603586
	a 170 138 0.9815874592603586
3.270885437501956 2
	a 138 161 0.8967039512641141
	a 161 138 0.8967039512641141
0.4068472581547501 2
	a 139 164 0.9865299685964932
	a 164 139 0.9865299685964932
1.001362479016022 2
	a 139 162 0.9671721744247901
	a 162 139 0.9671721744247901
0.99986533083179 2
	a 139 157 0.9672204422980087
	a 157 139 0.9672204422980087
2.514720976910826 2
	a 140 325 0.9195930602918365
	a 325 140 0.9195930602918365
1.334528378725622 2
	a 140 230 0.9564906366865277
	a 230 140 0.9564906366865277
0.9056588220468618 2
	a 140 185 0.9702624981924419
	a 185 140 0.9702624981924419
3.456053504628123 2
	a 141 187 0.8911862990830498
	a 187 141 0.8911862990830498
3.561354525678251 2
	a 141 506 0.8880636882828001
	a 506 141 0.8880636882828001
3.419347148288087 2
	a 141 214 0.8922773731648165
	a 214 141 0.8922773731648165
2.4569674128704 2
	a 141 261 0.9213650913196427
	a 261 141 0.9213650913196427
3.79051464326878 2
	a 142 390 0.8813059054062385
	a 390 142 0.8813059054062385
1.363524690210017 2
	a 142 174 0.9555665933081831
	a 174 142 0.9555665933081831
0.7884591958105146 2
	a 142 179 0.9740603919623205
	a 179 142 0.9740603919623205
1.027952275406858 2
	a 142 215 0.966315323832502
	a 215 142 0.966315323832502
0.9872975839600842 2
	a 143 213 0.9676257199054527
	a 213 143 0.9676257199054527
3.817138492775123 2
	a 144 248 0.8805241271635003
	a 248 144 0.8805241271635003
2.579313878428135 2
	a 144 373 0.9176152175000111
	a 373 144 0.9176152175000111
5.672596356584108 2
	a 145 740 0.8277148688298392
	a 740 145 0.8277148688298392
2.876844551176869 2
	a 145 429 0.9085595748178091
	a 429 145 0.9085595748178091
0.5753689120435835 2
	a 146 184 0.981003782431322
	a 184 146 0.981003782431322
0.4217785570495555 2
	a 146 147 0.9860390849711355
	a 147 146 0.9860390849711355
2.601109856863482 2
	a 146 289 0.916948782239716
	a 289 146 0.916948782239716
0.5753689120435835 2
	a 147 184 0.981003782431322
	a 184 147 0.981003782431322
0.7960384844779068 2
	a 148 204 0.9738143335497531
	a 204 148 0.9738143335497531
5.137766396983404 2
	a 148 339 0.8426034121474373
	a 339 148 0.8426034121474373
1.768027563368052 2
	a 149 258 0.942768752173526
	a 258 149 0.942768752173526
0.6623180749170225 2
	a 149 196 0.9781646501663815
	a 196 149 0.9781646501663815
5.16190674685389 2
	a 149 472 0.8419256601644645
	a 472 149 0.8419256601644645
1.611760447249496 2
	a 150 269 0.9476923561331398
	a 269 150 0.9476923561331398
7.048456135800993 2
	a 151 300 0.7906115351433257
	a 300 151 0.7906115351433257
6.809198137070937 2
	a 151 460 0.7969420832825702
	a 460 151 0.7969420832825702
6.912358436341259 2
	a 151 432 0.7942063634790882
	a 432 151 0.7942063634790882
3.932856828829255 2
	a 151 380 0.8771342430007742
	a 380 151 0.8771342430007742
1.578980655167365 2
	a 151 265 0.9487284273464371
	a 265 151 0.9487284273464371
3.840470527554159 2
	a 151 522 0.8798395794109131
	a 522 151 0.8798395794109131
5.492881190930589 2
	a 151 663 0.8326881807756182
	a 663 151 0.8326881807756182
5.397591433238725 2
	a 152 390 0.8353372742389206
	a 390 152 0.8353372742389206
0.4116662147502663 2
	a 152 174 0.9863715131533709
	a 174 152 0.9863715131533709
4.000873915089572 2
	a 152 215 0.8751478251752904
	a 215 152 0.8751478251752904
5.083313516940513 2
	a 153 548 0.8441342070812224
	a 548 153 0.8441342070812224
4.107947226083575 2
	a 153 161 0.8720298934313475
	a 161 153 0.8720298934313475
5.943887275281875 2
	a 153 516 0.8202635599094271
	a 516 153 0.8202635599094271
0.9647711248342947 2
	a 153 218 0.9683525654665325
	a 218 153 0.9683525654665325
1.465260119971778 2
	a 154 258 0.9523315823943176
	a 258 154 0.9523315823943176
1.372164796938848 2
	a 154 166 0.9552914263561927
	a 166 154 0.9552914263561927
1.03110594740792 2
	a 154 196 0.9662137477855222
	a 196 154 0.9662137477855222
1.3938823849486 2
	a 154 231 0.9546001224230548
	a 231 154 0.9546001224230548
1.360345102038611 2
	a 155 255 0.9556678756165912
	a 255 155 0.9556678756165912
2.010524034629345 2
	a 156 273 0.9351788656570947
	a 273 156 0.9351788656570947
5.104153038156664 2
	a 156 410 0.8435480322742407
	a 410 156 0.8435480322742407
1.058859358600752 2
	a 156 226 0.9653203035365874
	a 226 156 0.9653203035365874
1.165489355260694 2
	a 156 239 0.96189532387708
	a 239 156 0.96189532387708
2.445793352925181 2
	a 156 269 0.9217083348648015
	a 269 156 0.9217083348648015
0.7336719054035223 2
	a 157 162 0.9758408882625441
	a 162 157 0.9758408882625441
0.4261984914158477 2
	a 157 181 0.9858938214043831
	a 181 157 0.9858938214043831
0.8753836449732832 2
	a 157 217 0.971242154728572
	a 217 157 0.971242154728572
3.466186076277191 2
	a 157 219 0.8908853496081751
	a 219 157 0.8908853496081751
3.685673373181942 2
	a 157 278 0.8843912010533465
	a 278 157 0.8843912010533465
3.308194402439192 2
	a 158 498 0.895589474531416
	a 498 158 0.895589474531416
4.468427679889686 2
	a 158 233 0.8616142714971511
	a 233 158 0.8616142714971511
2.302244643738548 2
	a 158 159 0.9261292380694782
	a 159 158 0.9261292380694782
1.839466831778763 2
	a 158 274 0.9405263994359487
	a 274 158 0.9405263994359487
6.529002498187635 2
	a 159 267 0.804420274737115
	a 267 159 0.804420274737115
2.827639241315958 2
	a 159 233 0.9100509960944275
	a 233 159 0.9100509960944275
3.778662251410565 2
	a 159 364 0.8816541602938597
	a 364 159 0.8816541602938597
3.027825469226545 2
	a 159 466 0.9039985562671173
	a 466 159 0.9039985562671173
4.000233935311445 2
	a 160 347 0.8751664946047901
	a 347 160 0.8751664946047901
1.494593721394759 2
	a 160 269 0.9514008603236256
	a 269 160 0.9514008603236256
3.399399870232219 2
	a 161 170 0.8928708539439028
	a 170 161 0.8928708539439028
3.243419423212283 2
	a 161 369 0.8975252899730563
	a 369 161 0.8975252899730563
1.752073215398942 2
	a 161 298 0.9432702608733305
	a 298 161 0.9432702608733305
3.677726041443773 2
	a 162 419 0.8846255170971347
	a 419 162 0.8846255170971347
1.567408029565956 2
	a 162 178 0.9490944739067977
	a 178 162 0.9490944739067977
1.414289269310955 2
	a 162 164 0.9539509960818351
	a 164 162 0.9539509960818351
1.456176147404825 2
	a 162 271 0.9526199911893775
	a 271 162 0.9526199911893775
1.349342492048502 2
	a 162 181 0.9560184345942397
	a 181 162 0.9560184345942397
1.385168937220699 2
	a 163 264 0.9548774246343368
	a 264 163 0.9548774246343368
5.267790734819707 2
	a 163 312 0.8389593497743691
	a 312 163 0.8389593497743691
4.491652257266794 2
	a 163 197 0.8609475087079307
	a 197 163 0.8609475087079307
4.822487943825835 2
	a 163 584 0.8515052629264785
	a 584 163 0.8515052629264785
0.2701555345749592 2
	a 164 178 0.9910352407514
	a 178 164 0.9910352407514
1.661116855661559 2
	a 165 187 0.9461344816367567
	a 187 165 0.9461344816367567
1.875209981755642 2
	a 165 321 0.9394064875163473
	a 321 165 0.9394064875163473
2.142207861746934 2
	a 166 258 0.931082930637925
	a 258 166 0.931082930637925
1.73006200572298 2
	a 166 307 0.9439625988119702
	a 307 166 0.9439625988119702
1.954180946745591 2
	a 166 285 0.9369368781717311
	a 285 166 0.9369368781717311
8.539592442072802 2
	a 167 198 0.7522751873084825
	a 198 167 0.7522751873084825
1.813689595252441 2
	a 167 319 0.9413348857771847
	a 319 167 0.9413348857771847
2.733909928200647 2
	a 167 178 0.9128987241967408
	a 178 167 0.9128987241967408
2.419454400471625 2
	a 168 382 0.9225179179392345
	a 382 168 0.9225179179392345
1.220541774464252 2
	a 168 257 0.9601317870014974
	a 257 168 0.9601317870014974
2.368603565231431 2
	a 168 366 0.924082937495429
	a 366 168 0.924082937495429
4.97160234610665 2
	a 168 244 0.8472833740817098
	a 244 168 0.8472833740817098
3.755574451561123 2
	a 168 269 0.8823329366108635
	a 269 168 0.8823329366108635
2.974238821242567 2
	a 169 478 0.9056147410165468
	a 478 169 0.9056147410165468
1.126737926931244 2
	a 169 192 0.9631386206197394
	a 192 169 0.9631386206197394
2.183788600840618 2
	a 169 254 0.9297933206795159
	a 254 169 0.9297933206795159
1.654092624187943 2
	a 169 228 0.9463560364934274
	a 228 169 0.9463560364934274
3.79051464326878 2
	a 169 436 0.8813059054062385
	a 436 169 0.8813059054062385
7.962180103510934 2
	a 169 204 0.7668945249371234
	a 204 169 0.7668945249371234
6.004641758260025 2
	a 170 538 0.8186040845364525
	a 538 170 0.8186040845364525
1.697880505136592 2
	a 170 203 0.9449757465559678
	a 203 170 0.9449757465559678
2.14587465855103 2
	a 170 369 0.9309691345287064
	a 369 170 0.9309691345287064
0.7562600561352237 2
	a 171 224 0.9751064167673158
	a 224 171 0.9751064167673158
4.791981835728005 2
	a 172 430 0.8523715737012222
	a 430 172 0.8523715737012222
2.604547133047154 2
	a 172 308 0.9168437280511406
	a 308 172 0.9168437280511406
1.2777003560333 2
	a 172 277 0.9583042028874746
	a 277 172 0.9583042028874746
3.003326203225438 2
	a 172 258 0.9047371011593554
	a 258 172 0.9047371011593554
1.220541774464252 2
	a 173 274 0.9601317870014974
	a 274 173 0.9601317870014974
0.487629339878578 2
	a 173 191 0.9838770771494869
	a 191 173 0.9838770771494869
3.49799525285554 2
	a 173 251 0.889941239239625
	a 251 173 0.889941239239625
2.16183392485144 2
	a 174 390 0.9304740134253617
	a 390 174 0.9304740134253617
4.64261950072807 2
	a 175 595 0.8566258957891186
	a 595 175 0.8566258957891186
0.7960384844779068 2
	a 175 237 0.9738143335497531
	a 237 175 0.9738143335497531
2.034236290773753 2
	a 176 373 0.9344399843445016
	a 373 176 0.9344399843445016
2.033355190707818 2
	a 176 283 0.9344674292519221
	a 283 176 0.9344674292519221
0.953531833712017 2
	a 177 255 0.9687154199791561
	a 255 177 0.9687154199791561
2.295416128398729 2
	a 178 419 0.926340064986109
	a 419 178 0.926340064986109
1.747707445964286 2
	a 178 319 0.9434075408777538
	a 319 178 0.9434075408777538
2.413936864531231 2
	a 179 390 0.9226876010682319
	a 390 179 0.9226876010682319
0.8698684009391123 2
	a 179 246 0.9714207257257663
	a 246 179 0.9714207257257663
0.6027356872459425 2
	a 179 215 0.9801092934817696
	a 215 179 0.9801092934817696
5.144137701895033 2
	a 180 419 0.8424244817065041
	a 419 180 0.8424244817065041
2.829269912249794 2
	a 180 199 0.9100015309818738
	a 199 180 0.9100015309818738
1.893985964637382 2
	a 180 363 0.9388187287937083
	a 363 180 0.9388187287937083
1.126737926931244 2
	a 181 271 0.9631386206197394
	a 271 181 0.9631386206197394
4.386145064108334 2
	a 182 563 0.8639807111628576
	a 563 182 0.8639807111628576
2.586697645344306 2
	a 182 406 0.9173893967284583
	a 406 182 0.9173893967284583
1.515147708164088 2
	a 182 290 0.9507492475466075
	a 290 182 0.9507492475466075
1.620896966400101 2
	a 182 326 0.9474037797664057
	a 326 182 0.9474037797664057
0.4068472581547501 2
	a 183 215 0.9865299685964932
	a 215 183 0.9865299685964932
1.980416216435671 2
	a 183 232 0.9361178766133252
	a 232 183 0.9361178766133252
1.693074771076966 2
	a 184 343 0.9451271354189126
	a 343 184 0.9451271354189126
1.581436050698731 2
	a 185 325 0.9486507804060135
	a 325 185 0.9486507804060135
2.309342523606942 2
	a 185 230 0.9259101455195627
	a 230 185 0.9259101455195627
0.8272569866452942 2
	a 186 247 0.9728014931344119
	a 247 186 0.9728014931344119
3.120801265055553 2
	a 187 447 0.9012012270647183
	a 447 187 0.9012012270647183
2.18362772891422 2
	a 187 321 0.9297983066143058
	a 321 187 0.9297983066143058
0.6915073676175353 2
	a 187 214 0.9772133818794684
	a 214 187 0.9772133818794684
1.95571448063628 2
	a 187 375 0.9368889852472948
	a 375 187 0.9368889852472948
1.127864866713182 2
	a 188 278 0.9631024413250385
	a 278 188 0.9631024413250385
4.164810377776377 2
	a 188 390 0.870378579970171
	a 390 188 0.870378579970171
0.3002129760370238 2
	a 189 211 0.990042805211115
	a 211 189 0.990042805211115
1.302248493431162 2
	a 190 297 0.9575203708501052
	a 297 190 0.9575203708501052
1.220770282487056 2
	a 190 241 0.9601244737688071
	a 241 190 0.9601244737688071
1.97623752893189 2
	a 190 207 0.936248277163936
	a 207 190 0.936248277163936
3.472902139034856 2
	a 191 434 0.8906859305335965
	a 434 191 0.8906859305335965
3.853902309509584 2
	a 191 411 0.8794457404705917
	a 411 191 0.8794457404705917
1.062182107281253 2
	a 191 274 0.9652133922318586
	a 274 191 0.9652133922318586
4.928346219044936 2
	a 191 251 0.8485059284956061
	a 251 191 0.8485059284956061
3.26042382587259 2
	a 192 361 0.8970167047421899
	a 361 192 0.8970167047421899
0.8266086393752234 2
	a 192 254 0.9728225171346718
	a 254 192 0.9728225171346718
1.656917785110143 2
	a 193 291 0.9462669204198544
	a 291 193 0.9462669204198544
3.390393817956253 2
	a 193 300 0.8931389355673849
	a 300 193 0.8931389355673849
1.936327367967538 2
	a 193 380 0.9374946333328481
	a 380 193 0.9374946333328481
2.756251660589134 2
	a 193 265 0.912219119320862
	a 265 193 0.912219119320862
2.023593699922384 2
	a 194 380 0.934771538565241
	a 380 194 0.934771538565241
0.9493102690277512 2
	a 194 264 0.9688517460642906
	a 264 194 0.9688517460642906
6.128047206546009 2
	a 194 663 0.8152436607176947
	a 663 194 0.8152436607176947
4.555765861070322 2
	a 194 527 0.8591095251543378
	a 527 194 0.8591095251543378
5.926124152210885 2
	a 194 197 0.8207493851436345
	a 197 194 0.8207493851436345
2.845914354538187 2
	a 195 359 0.9094967887485448
	a 359 195 0.9094967887485448
2.795313938305914 2
	a 195 473 0.9110321137216901
	a 473 195 0.9110321137216901
2.847930807083253 2
	a 195 210 0.9094356588991784
	a 210 195 0.9094356588991784
1.088420984350353 2
	a 195 201 0.9643695574554602
	a 201 195 0.9643695574554602
1.907785025694843 2
	a 195 380 0.9383870008599716
	a 380 195 0.9383870008599716
2.362313164157349 2
	a 196 258 0.9242767195542523
	a 258 196 0.9242767195542523
0.5143760708184569 2
	a 196 231 0.9830002848809992
	a 231 196 0.9830002848809992
4.577555149128536 2
	a 197 527 0.8584857722033989
	a 527 197 0.8584857722033989
3.500481415080674 2
	a 197 552 0.889867491019115
	a 552 197 0.889867491019115
3.443857494096192 2
	a 197 573 0.891548669985699
	a 573 197 0.891548669985699
2.637660630291472 2
	a 197 245 0.9158322896161508
	a 245 197 0.9158322896161508
5.083313516940513 2
	a 197 584 0.8441342070812224
	a 584 197 0.8441342070812224
2.067347857753857 2
	a 198 419 0.9334091942293923
	a 419 198 0.9334091942293923
5.209621323155671 2
	a 198 319 0.8405876536150364
	a 319 198 0.8405876536150364
4.809765915953313 2
	a 198 374 0.8518664352914325
	a 374 198 0.8518664352914325
4.184400281200682 2
	a 198 345 0.8698104110857797
	a 345 198 0.8698104110857797
1.875209981755642 2
	a 199 390 0.9394064875163473
	a 390 199 0.9394064875163473
1.92702906826499 2
	a 199 363 0.9377852485699898
	a 363 199 0.9377852485699898
1.911781798227928 2
	a 200 400 0.9382619918743498
	a 400 200 0.9382619918743498
2.471011450223571 2
	a 201 473 0.9209338694038495
	a 473 201 0.9209338694038495
1.813689595252441 2
	a 201 275 0.9413348857771847
	a 275 201 0.9413348857771847
4.000822222885161 2
	a 201 380 0.8751493331205985
	a 380 201 0.8751493331205985
2.556506482229538 2
	a 201 354 0.9183130965405737
	a 354 201 0.9183130965405737
2.015973988719633 2
	a 202 418 0.9350089916915159
	a 418 202 0.9350089916915159
2.513759777660808 2
	a 202 322 0.9196225245025127
	a 322 202 0.9196225245025127
3.176961863861924 2
	a 203 553 0.8995157385058249
	a 553 203 0.8995157385058249
2.486272693203688 2
	a 204 478 0.9204655020267692
	a 478 204 0.9204655020267692
3.579538568402 2
	a 204 339 0.8875255651185476
	a 339 204 0.8875255651185476
0.4068472581547501 2
	a 205 213 0.9865299685964932
	a 213 205 0.9865299685964932
1.533585185085995 2
	a 205 352 0.9501651131540614
	a 352 205 0.9501651131540614
0.1356157527182506 2
	a 206 216 0.9954896771040572
	a 216 206 0.9954896771040572
0.5143760708184569 2
	a 207 241 0.9830002848809992
	a 241 207 0.9830002848809992
0.4217785570495555 2
	a 208 238 0.9860390849711355
	a 238 208 0.9860390849711355
2.135174304430055 2
	a 208 236 0.9313012504016481
	a 236 208 0.9313012504016481
2.500630920612231 2
	a 209 412 0.9200250656666064
	a 412 209 0.9200250656666064
0.1917896373478611 2
	a 209 222 0.9936274037579175
	a 222 209 0.9936274037579175
1.515971031398842 2
	a 210 359 0.950723155439782
	a 359 210 0.950723155439782
1.813689595252441 2
	a 210 240 0.9413348857771847
	a 240 210 0.9413348857771847
0.5753689120435835 2
	a 210 229 0.981003782431322
	a 229 210 0.981003782431322
2.556506482229538 2
	a 210 380 0.9183130965405737
	a 380 210 0.9183130965405737
1.898620538055502 2
	a 211 418 0.9386737058518245
	a 418 211 0.9386737058518245
5.600665557918719 2
	a 212 326 0.8297018563573193
	a 326 212 0.8297018563573193
3.92241818146735 2
	a 212 335 0.8774394992737955
