15.23487038742331 1
	a 77 73 0.9266546284445556
15.18253904103806 1
	a 238 224 0.9268971255903805
1.278597582319074 1
	a 122 119 0.9936274037579175
31.60542873721376 1
	a 346 371 0.8538266056525968
33.57683551550018 1
	a 468 443 0.8454517512840202
36.04245204450591 1
	a 268 332 0.8350929355852943
2.712315054365001 1
	a 23 15 0.9865299685964932
4.654109560445545 1
	a 273 277 0.9769981233187751
12.19211055438596 1
	a 7 19 0.9408603533769324
9.286659531260621 1
	a 41 25 0.9546282343869431
6.50920093775122 1
	a 348 333 0.9679779172841535
22.98289392228421 1
	a 464 478 0.8914423860599499
19.59304054817095 1
	a 271 311 0.9066804531996926
15.8179300341462 1
	a 332 310 0.9239570878213123
48.52866392295108 1
	a 353 306 0.7845512979310195
8.518002373555337 1
	a 386 369 0.9583042028874746
48.10753596439311 1
	a 30 109 0.7862050208247818
75.1295704987114 1
	a 174 78 0.6868441609188426
2.598426783579088 1
	a 382 378 0.9870918995356759
24.14153057136848 1
	a 191 179 0.8862930269566599
9.79721739932811 1
	a 488 493 0.9521943774899192
5.785892542555228 1
	a 380 394 0.9714849879654753
67.38402800884124 1
	a 44 151 0.713965854907693
59.73474307889327 1
	a 441 335 0.7418014083325082
99.78588002365598 1
	a 225 227 0.6071803590871619
121.5985349472952 1
	a 244 251 0.5444426464104686
19.22020861393399 1
	a 149 135 0.908372226713255
52.89578836993501 1
	a 93 86 0.7676058130559799
31.57680055318328 1
	a 446 436 0.8539488319261624
15.03384691607438 1
	a 37 23 0.9275864933336478
36.19968097014537 1
	a 257 311 0.8344366897458071
3.250862265857187 1
	a 170 172 0.9838770771494869
121.5985349472952 1
	a 251 244 0.5444426464104686
85.9384877721896 1
	a 55 21 0.650709196811689
14.36126523154064 1
	a 45 24 0.9307111327582009
51.92756108969746 1
	a 199 227 0.7713309070681461
3.658938715057739 1
	a 452 457 0.9818716384555221
30.01746073268957 1
	a 237 216 0.8606328367455894
76.66408965291109 1
	a 31 150 0.6815944485286152
6.328735126851674 1
	a 385 374 0.9688517460642906
15.23487038742331 1
	a 73 77 0.9266546284445556
8.935978923388483 1
	a 344 326 0.9563035507577659
16.0929124302082 1
	a 317 329 0.9226876010682319
36.60127429321882 1
	a 361 297 0.8327628497999258
10.8999387393248 1
	a 439 442 0.9469587989144577
29.99304570818038 1
	a 161 133 0.8607379050175828
148.6703989584558 1
	a 259 458 0.4755173095632497
3.438108532887474 1
	a 421 429 0.9829563716638375
3.835792746957224 1
	a 417 424 0.981003782431322
83.02633491993328 1
	a 214 293 0.6602533363871822
32.59438859208491 1
	a 237 203 0.8496150257625877
0.9041050181216709 1
	a 98 96 0.9954896771040572
34.33622665155889 1
	a 287 253 0.84224769513354
44.7557102719944 1
	a 22 102 0.7994921612192791
41.13241378769774 1
	a 251 275 0.8141081422323285
30.5592848426831 1
	a 370 375 0.8583044340274881
25.27009762179187 1
	a 438 388 0.8813059054062385
4.520525090608341 1
	a 416 410 0.9776509001783111
31.56734409688307 1
	a 115 160 0.8539892095297862
6.20574161442825 1
	a 75 91 0.9694477417008294
61.5705657782739 1
	a 146 174 0.7350234842704487
39.67169283847573 1
	a 211 190 0.820075832622036
4.457863410149193 1
	a 351 349 0.9779572544090203
24.6520381109233 1
	a 128 153 0.884033615437374
29.61547758966914 1
	a 166 185 0.8623643757499084
12.51327593065748 1
	a 323 324 0.9393507069696752
5.256394638736764 1
	a 337 338 0.9740603919623205
7.232840144973345 1
	a 198 205 0.9644819118512427
31.95198963988665 1
	a 83 124 0.8523483721713955
2.001419840246826 1
	a 415 413 0.990042805211115
4.378040821930585 1
	a 463 466 0.9783476477054169
32.9635011286878 1
	a 83 117 0.848048454023941
76.07278978209521 1
	a 207 136 0.6836125638837963
18.29816865361001 1
	a 281 263 0.9125696722696284
11.08756283184215 1
	a 243 232 0.9460708540527127
26.38066385089398 1
	a 465 467 0.8764257244759008
26.50985780594217 1
	a 107 103 0.8758597627644057
19.59304054817095 1
	a 311 271 0.9066804531996926
23.7296960288391 1
	a 321 293 0.8881199376900059
67.81071868448106 1
	a 393 466 0.7124442657395387
5.029058064803587 1
	a 238 241 0.9751682192287419
21.88192729944353 1
	a 108 100 0.8963631592173964
23.80192320066364 1
	a 438 454 0.8877992636402385
29.65601099844142 1
	a 80 94 0.8621896206202947
73.77562842060212 1
	a 207 142 0.6915096712305675
7.86248669589099 1
	a 430 439 0.9614502729615451
48.70800129024069 1
	a 90 133 0.7838481164235631
9.308330868271323 1
	a 186 179 0.9545247996400308
52.33533864177902 1
	a 76 26 0.7697598520691527
51.92756108969746 1
	a 227 199 0.7713309070681461
3.816718752979413 1
	a 226 220 0.9810973451939815
34.56618627524433 1
	a 448 417 0.8412798368458735
9.858929980476065 1
	a 114 125 0.9519006109510311
24.32655204690701 1
	a 439 456 0.8854734898769724
18.41751148038076 1
	a 417 432 0.9120252914840663
2.654077009075358 1
	a 249 248 0.986817278310307
2.654077009075358 1
	a 396 398 0.986817278310307
60.03684594332071 1
	a 230 244 0.7406817525219981
10.98341466523747 1
	a 311 289 0.946563640073117
27.3821838340452 1
	a 399 429 0.872047905423208
28.00094505095517 1
	a 341 287 0.8693541274693576
18.14765105020425 1
	a 456 457 0.913256719769112
29.36439876590757 1
	a 150 109 0.8634476627492853
19.97510634805265 1
	a 252 237 0.9049500485840459
63.98127799856014 1
	a 207 173 0.7262170150719399
43.95575598210831 1
	a 423 446 0.802696350881168
25.06542925106238 1
	a 352 315 0.882208244246912
10.99891226085827 1
	a 346 326 0.9464902956121947
25.93503976960665 1
	a 342 335 0.8783806836507611
15.41602889345092 1
	a 14 32 0.9258156516309203
61.09466044734096 1
	a 257 254 0.7367745748001255
17.07115351735284 1
	a 39 45 0.9181855656240442
14.493077354174 1
	a 240 225 0.9300979397962246
3.250862265857187 1
	a 330 336 0.9838770771494869
6.328735126851674 1
	a 481 483 0.9688517460642906
41.89300388755782 1
	a 428 345 0.8110180088028122
87.48359071123664 1
	a 499 450 0.6457015017666303
9.558653197227386 1
	a 499 497 0.9533308526204293
1.278597582319074 1
	a 220 219 0.9936274037579175
28.59167810819835 1
	a 251 268 0.8667901348137254
83.31308825100507 1
	a 217 139 0.6593073654822027
39.07474363731728 1
	a 387 366 0.8225272072333095
22.02891600014257 1
	a 110 77 0.8957046249591364
38.40669197097684 1
	a 83 36 0.8252792543056137
2.557195164638154 1
	a 299 294 0.9872954174986995
9.041050181216679 1
	a 1 14 0.9558012826194622
32.9247564916939 1
	a 348 316 0.8482127565855569
6.296256992422529 1
	a 206 200 0.9690090913258991
8.935978923388483 1
	a 326 344 0.9563035507577659
2.654077009075358 1
	a 398 396 0.986817278310307
12.86557838238478 1
	a 396 366 0.9376974856964438
4.602700129947267 1
	a 47 40 0.9772492901838444
41.64193702811934 1
	a 304 305 0.8120367468195064
18.35401305072734 1
	a 111 134 0.9123148983246498
1.278597582319074 1
	a 192 193 0.9936274037579175
43.95575598210831 1
	a 446 423 0.802696350881168
61.48063011241724 1
	a 138 107 0.7353540827287498
22.08238567501929 1
	a 145 166 0.895465191791186
28.83209768448043 1
	a 371 424 0.8657487942510786
56.93724367163652 1
	a 144 56 0.7522502596119007
3.529586029305191 1
	a 8 2 0.9825068825271878
2.712315054365001 1
	a 460 459 0.9865299685964932
2.188666137413946 1
	a 389 395 0.9891163297299831
8.515051555597179 1
	a 195 192 0.9583183418980348
73.46050740829241 1
	a 93 22 0.6926000761668561
39.20061334889802 1
	a 84 95 0.8220097137805605
73.11676701190774 1
	a 132 87 0.6937914728250675
24.30755577582391 1
	a 58 53 0.8855575973434827
55.10497425566128 1
	a 470 435 0.7591735502425911
17.36443572226565 1
	a 375 408 0.9168401149209898
9.421705848501611 1
	a 354 372 0.9539838568265261
6.224971747342705 1
	a 304 316 0.9693545331373012
20.61211701516392 1
	a 286 298 0.9020723197060475
56.40346133468452 1
	a 160 204 0.7542606306777192
10.3039895687269 1
	a 65 53 0.9497847036164766
9.79721739932811 1
	a 493 488 0.9521943774899192
55.6070986019829 1
	a 281 326 0.7572699432477394
18.29345787468676 1
	a 332 306 0.9125911670926614
40.58965124683223 1
	a 86 141 0.8163204798285713
12.56455402483346 1
	a 403 408 0.9391098972715689
4.515512129651196 1
	a 265 269 0.9776754051143772
51.59041833940884 1
	a 158 136 0.7726322467200166
55.06615397521416 1
	a 252 278 0.759320921195225
59.44254564931803 1
	a 279 244 0.742885962723458
17.35807151608526 1
	a 208 188 0.9168692901828099
8.325714816943993 1
	a 181 186 0.9592259958080578
30.01746073268957 1
	a 216 237 0.8606328367455894
48.62845758828334 1
	a 189 168 0.7841599293310986
3.835792746957224 1
	a 495 493 0.981003782431322
5.029058064803587 1
	a 129 140 0.9751682192287419
23.93462381743512 1
	a 319 270 0.8872104014685036
11.9661768802094 1
	a 341 363 0.941923814125451
21.29560805276197 1
	a 438 399 0.8989947896328886
31.57680055318328 1
	a 436 446 0.8539488319261624
3.816718752979413 1
	a 220 226 0.9810973451939815
24.67671014235232 1
	a 311 266 0.8839245676378673
1.801036897166395 1
	a 497 495 0.9910352407514
12.74818185262339 1
	a 80 57 0.9382480594231816
38.20555187008058 1
	a 169 187 0.8261096555654984
14.10648894976013 1
	a 245 230 0.931897503854888
12.10009734560816 1
	a 11 20 0.9412933108644451
3.658938715057739 1
	a 303 288 0.9818716384555221
4.654109560445545 1
	a 426 419 0.9769981233187751
18.85841230609558 1
	a 445 432 0.9100169424838114
9.286659531260621 1
	a 391 374 0.9546282343869431
74.77849594214604 1
	a 217 153 0.68805088728241
2.654077009075358 1
	a 15 9 0.986817278310307
11.22180286822801 1
	a 329 351 0.9454360641827243
68.00513932619849 1
	a 208 261 0.7117520328982693
13.78463648381167 1
	a 348 347 0.9333983787298171
24.81583683622428 1
	a 323 367 0.8833098939428136
12.74788672260863 1
	a 497 491 0.9382494439500212
2.654077009075358 1
	a 4 8 0.986817278310307
4.654109560445545 1
	a 44 39 0.9769981233187751
9.520594685531725 1
	a 415 397 0.9535122816492002
41.89300388755782 1
	a 345 428 0.8110180088028122
78.40828477444099 1
	a 7 38 0.675676124259486
85.25227772916006 1
	a 242 194 0.6529456472342832
50.94965964467131 1
	a 254 242 0.7751115703693741
4.654109560445545 1
	a 481 480 0.9769981233187751
37.03941054660921 1
	a 292 252 0.8309405286162845
16.75839851773872 1
	a 327 356 0.9196225245025127
13.40349356419563 1
	a 139 128 0.9351788656570947
47.91828258422259 1
	a 178 176 0.7869493327165867
11.77433881447623 1
	a 152 130 0.9428277317835341
29.58595434167072 1
	a 58 65 0.862491684132721
15.57845208324049 1
	a 465 472 0.9250640871944847
42.3350221569382 1
	a 31 105 0.8092275641712552
14.7382593639127 1
	a 83 54 0.9289584220014278
15.76423840148752 1
	a 146 165 0.9242051649417449
15.82313746809274 1
	a 224 218 0.9239330309069793
63.68147342936246 1
	a 242 180 0.7273064473065802
19.98800651023005 1
	a 79 88 0.9048916804545161
42.07790150070886 1
	a 380 423 0.8102685788054825
149.7919624497668 1
	a 266 178 0.4728581582799405
31.56734409688307 1
	a 160 115 0.8539892095297862
36.43492138083113 1
	a 445 447 0.8334558005728858
3.529586029305191 1
	a 2 8 0.9825068825271878
13.78463648381167 1
	a 19 6 0.9333983787298171
8.058147197093438 1
	a 228 218 0.9605101436904928
35.26009570674504 1
	a 485 499 0.838366034489591
55.93427781360347 1
	a 246 202 0.7560321410665611
36.84743671443916 1
	a 66 69 0.8317385057197424
39.20061334889802 1
	a 95 84 0.8220097137805605
4.602700129947267 1
	a 282 285 0.9772492901838444
15.69188935630653 1
	a 68 72 0.9245395522257746
4.659366599620748 1
	a 481 475 0.9769724430692398
48.73859062873965 1
	a 379 428 0.7837282386144289
27.90181080968631 1
	a 128 144 0.8697851480918919
44.43939566023977 1
	a 199 225 0.8007576169237071
2.712315054365001 1
	a 405 411 0.9865299685964932
1.80821003624333 1
	a 492 493 0.9909996972207403
12.97608852504415 1
	a 210 218 0.9371795034007879
3.529586029305191 1
	a 304 291 0.9825068825271878
26.50985780594217 1
	a 103 107 0.8758597627644057
11.57467128969665 1
	a 250 243 0.9437694621852569
14.39951746280486 1
	a 90 94 0.9305331408927563
41.79641512383066 1
	a 202 236 0.811409779530977
23.51376139452096 1
	a 312 287 0.8890793347843394
11.21052265128524 1
	a 375 352 0.945489389306055
71.42357287636575 1
	a 436 396 0.6996900243421779
5.306923229852712 1
	a 43 36 0.9738143335497531
26.58516999504639 1
	a 477 461 0.8755300102738466
7.298842614021785 1
	a 123 131 0.9641636734277614
39.7466359417747 1
	a 346 424 0.8197685950497878
9.914258043217545 1
	a 449 460 0.9516373132884525
6.780046902671165 1
	a 309 322 0.9666679399244199
69.69873156931676 1
	a 488 457 0.7057503909869877
6.328735126851674 1
	a 454 451 0.9688517460642906
1.80821003624333 1
	a 295 290 0.9909996972207403
51.64353541332852 1
	a 175 218 0.7724270741458308
2.811857046997037 1
	a 114 110 0.9860390849711355
2.999103314027322 1
	a 84 92 0.9851163562932524
1.278597582319074 1
	a 82 85 0.9936274037579175
0.9041050181216709 1
	a 299 304 0.9954896771040572
2.712315054365001 1
	a 423 427 0.9865299685964932
39.91572208417949 1
	a 464 437 0.8190758303863044
24.72350987286836 1
	a 12 45 0.8837177546779782
24.32655204690701 1
	a 456 439 0.8854734898769724
6.037725480312412 1
	a 30 19 0.9702624981924419
10.81815481581672 1
	a 235 221 0.947346108128107
5.306923229852712 1
	a 36 43 0.9738143335497531
4.712003171860111 1
	a 432 424 0.9767153544984992
44.64296614610892 1
	a 155 103 0.7999429784991859
3.250862265857187 1
	a 331 337 0.9838770771494869
16.3546857916818 1
	a 484 471 0.9214807158918936
0.9041050181216709 1
	a 484 486 0.9954896771040572
30.68760271996873 1
	a 124 168 0.8577539316294237
39.40571984891928 1
	a 65 26 0.8211671482167052
16.37141770161017 1
	a 81 54 0.9214036284547936
110.6358680456556 1
	a 56 126 0.575118403514095
3.250862265857187 1
	a 172 170 0.9838770771494869
1.801036897166395 1
	a 154 152 0.9910352407514
13.32430421113171 1
	a 258 260 0.9355492200194143
59.73474307889327 1
	a 335 441 0.7418014083325082
21.97668983130775 1
	a 482 468 0.8959385516053847
2.712315054365001 1
	a 411 405 0.9865299685964932
25.12715560474345 1
	a 169 133 0.8819360087688078
3.199486257107753 1
	a 477 475 0.9841298480006107
40.11461705122109 1
	a 116 156 0.8182616849755174
25.63483624900128 1
	a 192 176 0.879700138533849
0.9041050181216709 1
	a 137 135 0.9954896771040572
4.422802850419957 1
	a 103 100 0.9781287080803897
1.278597582319074 1
	a 236 239 0.9936274037579175
13.58115809610703 1
	a 379 386 0.9343484939535979
6.063227540421736 1
	a 315 298 0.9701387876170422
44.24201790196591 1
	a 176 216 0.8015482657174979
12.0912639683496 1
	a 208 201 0.9413348857771847
51.39235979005634 1
	a 456 480 0.7733977578073368
10.90747092864127 1
	a 3 14 0.9469231362212657
20.62550412830407 1
	a 294 278 0.9020119410057887
9.34097511692913 1
	a 92 103 0.9543690136296223
4.654109560445545 1
	a 69 75 0.9769981233187751
8.194024778624932 1
	a 412 394 0.9598578063338346
11.07853633775173 1
	a 268 275 0.9461135535311381
44.24201790196591 1
	a 160 102 0.8015482657174979
18.70514311934082 1
	a 480 488 0.9107145975557692
5.256394638736764 1
	a 363 374 0.9740603919623205
154.1707557884408 1
	a 153 184 0.4626179262095443
55.06615397521416 1
	a 278 252 0.759320921195225
29.00599758337004 1
	a 24 19 0.8649963532830846
4.654109560445545 1
	a 334 327 0.9769981233187751
20.94390062268394 1
	a 231 237 0.9005770962331677
66.55163943361939 1
	a 104 174 0.7169435321744368
5.256394638736764 1
	a 47 58 0.9740603919623205
6.332347719546255 1
	a 310 306 0.9688342458886438
20.79124791500421 1
	a 124 117 0.9012647362861461
63.98127799856014 1
	a 173 207 0.7262170150719399
25.13323429455912 1
	a 109 90 0.8819092040989802
16.64741974731162 1
	a 209 191 0.9201329589930276
42.07790150070886 1
	a 423 380 0.8102685788054825
2.001419840246826 1
	a 20 24 0.990042805211115
6.037725480312412 1
	a 19 30 0.9702624981924419
106.2385715649122 1
	a 259 246 0.5879032662341259
63.64139912511836 1
	a 453 393 0.7274521934070168
9.76840079981185 1
	a 236 226 0.9523315823943176
4.018237914972951 1
	a 182 183 0.9801092934817696
3.540474196175259 1
	a 415 420 0.9824533954887007
9.421705848501611 1
	a 372 354 0.9539838568265261
13.56519105902399 1
	a 74 50 0.9344230908165426
16.6254234749574 1
	a 433 406 0.9202341620339903
12.84686045509993 1
	a 399 420 0.9377852485699898
51.68929723128374 1
	a 350 441 0.7722503560282039
65.09375848921711 1
	a 249 339 0.722188717657792
2.001419840246826 1
	a 404 398 0.990042805211115
10.48707414994827 1
	a 77 82 0.9489156467808723
15.28561288978656 1
	a 157 172 0.9264195543930618
0.9041050181216709 1
	a 51 49 0.9954896771040572
10.90747092864127 1
	a 14 3 0.9469231362212657
39.07474363731728 1
	a 366 387 0.8225272072333095
55.70896712805807 1
	a 293 346 0.7568843315955043
22.80473490520156 1
	a 303 262 0.8922368323482719
9.920955110728787 1
	a 92 100 0.9516054479253001
13.07185361896298 1
	a 157 170 0.9367308654031997
10.22637384058386 1
	a 70 50 0.9501533663036585
9.79721739932811 1
	a 103 98 0.9521943774899192
34.33622665155889 1
	a 253 287 0.84224769513354
38.55046024960133 1
	a 16 47 0.8246862225901423
7.949698896064718 1
	a 325 341 0.9610311133894452
18.94477066949018 1
	a 40 16 0.9096240894362094
6.50920093775122 1
	a 393 384 0.9679779172841535
47.59452700734781 1
	a 190 204 0.7882242605265765
17.38554732785965 1
	a 477 466 0.9167433401942595
32.13411927525103 1
	a 258 289 0.8515725359907775
44.43939566023977 1
	a 225 199 0.8007576169237071
25.21941792459056 1
	a 79 95 0.8815292552854427
61.53850971020402 1
	a 458 411 0.7351413035264753
20.39559212081627 1
	a 230 210 0.9030494541140104
2.269197302872094 1
	a 459 454 0.9887181364487514
19.97510634805265 1
	a 237 252 0.9049500485840459
46.14661553856988 1
	a 423 401 0.7939513610832929
42.21439667637825 1
	a 244 245 0.8097157787032896
1.278597582319074 1
	a 193 192 0.9936274037579175
8.058147197093438 1
	a 218 228 0.9605101436904928
87.48359071123664 1
	a 450 499 0.6457015017666303
21.27691679657517 1
	a 494 496 0.8990788102685736
19.89183378549539 1
	a 430 411 0.9053269145827547
4.41545383278015 1
	a 54 43 0.9781646501663815
23.01054232770655 1
	a 430 405 0.8913191597751696
52.81206200693235 1
	a 260 233 0.7679272245425572
11.95848348896819 1
	a 425 404 0.9419600477644527
24.09281585601355 1
	a 211 235 0.8865089308124759
29.53355931615535 1
	a 296 302 0.8627176651011097
30.77695529836237 1
	a 446 467 0.857370804592176
29.53355931615535 1
	a 302 296 0.8627176651011097
4.827538902810058 1
	a 126 123 0.9761512898261859
19.13268148384562 1
	a 447 433 0.9087698497842055
29.48984517551884 1
	a 227 198 0.8629062505166916
61.48063011241724 1
	a 107 138 0.7353540827287498
14.33472155203995 1
	a 426 430 0.9308346634454954
26.49003780477706 1
	a 384 437 0.8759465647729667
20.49188243947695 1
	a 343 380 0.9026147841601626
30.49113039273369 1
	a 104 64 0.8585969702017137
9.286659531260621 1
	a 374 391 0.9546282343869431
17.8083547518993 1
	a 276 260 0.9148073578336982
10.98341466523747 1
	a 390 414 0.946563640073117
18.94613098590045 1
	a 356 334 0.9096179025743695
18.13317473161192 1
	a 396 356 0.913322825137649
78.79393688769811 1
	a 61 86 0.6743744999721953
8.138468549913707 1
	a 295 278 0.9601244737688071
10.71378396814606 1
	a 54 36 0.9478406137285205
2.001419840246826 1
	a 51 45 0.990042805211115
24.6520381109233 1
	a 153 128 0.884033615437374
6.224971747342705 1
	a 316 304 0.9693545331373012
4.846612866651033 1
	a 147 137 0.9760581988932618
16.66912372251349 1
	a 241 224 0.9200331116962117
30.60732364912649 1
	a 494 486 0.8580982991817803
31.78806078373673 1
	a 401 334 0.8530472810290477
69.76756253091439 1
	a 448 491 0.7055075453873273
24.28505983476301 1
	a 333 347 0.8856572102031696
38.85597264473628 1
	a 76 95 0.8234274249651223
7.256139895669023 1
	a 72 88 0.9643695574554602
73.45417957727061 1
	a 485 455 0.692621989794757
27.05868164767016 1
	a 183 167 0.873459593846289
6.489869725895748 1
	a 272 263 0.9680714827368668
8.138468549913707 1
	a 31 30 0.9601244737688071
60.22058666369058 1
	a 369 441 0.7400015980061723
8.518002373555337 1
	a 369 386 0.9583042028874746
49.7842014328148 1
	a 80 151 0.7796415570499313
28.44091202659676 1
	a 18 41 0.8674437939178098
50.50303227804537 1
	a 220 261 0.776844434708407
31.95198963988665 1
	a 124 83 0.8523483721713955
28.83124571618503 1
	a 243 229 0.8657524822115561
18.85618016121634 1
	a 411 439 0.9100270989887791
1.278597582319074 1
	a 385 390 0.9936274037579175
2.811857046997037 1
	a 412 416 0.9860390849711355
14.49390602669677 1
	a 359 355 0.9300940860711773
2.654077009075358 1
	a 88 95 0.986817278310307
