1.278597582319074 1
	a 86 84 0.9936274037579175
1.80821003624333 1
	a 252 241 0.9909996972207403
79.26355612712418 1
	a 136 169 0.6727928614198083
20.71799678397298 1
	a 359 344 0.9015948900492545
4.41545383278015 1
	a 472 457 0.9781646501663815
2.767965249724438 1
	a 281 260 0.9862555038559035
67.02319345778425 1
	a 28 1 0.7152551353439183
54.07433693752792 1
	a 287 204 0.7630958105916681
32.57842251938056 1
	a 6 30 0.8496828535462702
35.96970727255849 1
	a 50 159 0.8353967340570917
44.85136250347014 1
	a 361 295 0.7991098865937782
1.278597582319074 1
	a 469 464 0.9936274037579175
13.47070813670503 1
	a 284 342 0.9348646302246781
11.57467128969665 1
	a 344 292 0.9437694621852569
38.85597264473628 1
	a 366 178 0.8234274249651223
13.44188918651572 1
	a 391 429 0.9349993490166414
8.003510925374981 1
	a 38 39 0.9607725730002534
7.167244282088387 1
	a 187 135 0.9647982938480059
35.84577584158928 1
	a 388 396 0.8359145540393444
20.63048975515283 1
	a 204 313 0.901989455811292
9.041050181216679 1
	a 489 478 0.9558012826194622
10.41602689544606 1
	a 386 425 0.9492527959184182
44.64296614610892 1
	a 53 270 0.7999429784991859
3.874612334257145 1
	a 445 443 0.9808133900994309
7.511586179541625 1
	a 240 243 0.9631386206197394
13.49062466614923 1
	a 257 256 0.934771538565241
6.846711116319194 1
	a 164 120 0.9663457828279073
9.963958142631725 1
	a 104 156 0.9514008603236256
2.999103314027322 1
	a 451 442 0.9851163562932524
17.96194221375727 1
	a 47 109 0.9141051128073939
10.29669579190371 1
	a 269 213 0.9498193418363727
40.89533997258255 1
	a 182 352 0.8150737330259759
25.8168471753768 1
	a 263 342 0.8788999275212099
45.62602587190547 1
	a 62 129 0.7960206674357696
1.278597582319074 1
	a 54 56 0.9936274037579175
21.44123116310481 1
	a 214 91 0.8983404557898784
2.712315054365001 1
	a 456 445 0.9865299685964932
14.56182366140509 1
	a 252 224 0.9297782907424808
8.003510925374981 1
	a 39 38 0.9607725730002534
2.712315054365001 1
	a 391 389 0.9865299685964932
4.54547832883483 1
	a 81 93 0.9775289300082737
18.25157593300628 1
	a 358 324 0.9127822925539181
44.89535438516823 1
	a 329 315 0.7989341341857107
0.9041050181216709 1
	a 371 368 0.9954896771040572
13.63465661193385 1
	a 444 397 0.9340985960895423
4.515512129651196 1
	a 175 143 0.9776754051143772
29.42821339122266 1
	a 271 154 0.8631722037520163
13.23120288182777 1
	a 427 415 0.935984825780302
7.724676650156931 1
	a 424 414 0.9621129887880093
4.712003171860111 1
	a 227 236 0.9767153544984992
4.520525090608341 1
	a 252 227 0.9776509001783111
53.53984108089562 1
	a 111 74 0.7651378958363915
32.56041271728275 1
	a 302 413 0.8497593700915294
44.17326336737915 1
	a 27 48 0.8018238634760639
6.69644720478151 1
	a 263 228 0.9670720901243084
33.78843620186662 1
	a 379 380 0.8445577334500762
11.50737821073484 1
	a 442 463 0.9440870613775323
2.607361541147005 1
	a 423 426 0.9870478033865562
6.566659915746747 1
	a 128 173 0.9676998621187332
15.03384691607438 1
	a 83 156 0.9275864933336478
88.80514078598813 1
	a 161 396 0.6414489328569872
6.780046902671165 1
	a 226 190 0.9666679399244199
7.455440986684768 1
	a 364 381 0.9634090365923688
4.018237914972951 1
	a 145 175 0.9801092934817696
3.012239990077456 1
	a 179 158 0.9850516526460312
22.31366179615843 1
	a 335 281 0.8944302916948469
10.59323099680855 1
	a 349 312 0.9484121109621378
29.55719699116998 1
	a 213 66 0.8626157079273196
30.21515173321537 1
	a 94 180 0.8597825602119579
8.770921804449614 1
	a 422 401 0.9570931000593805
3.835792746957224 1
	a 468 452 0.981003782431322
17.80691716464682 1
	a 94 197 0.9148139334343112
16.92070607249647 1
	a 222 114 0.918876518833085
11.94323726467927 1
	a 296 255 0.942031857172271
8.702297822627477 1
	a 257 222 0.9574215541032217
16.27389032619002 1
	a 469 467 0.9218530484106888
11.69951152703009 1
	a 120 81 0.943180543987861
10.99322604303097 1
	a 323 316 0.9465172057446963
4.333278823578047 1
	a 333 316 0.9785666361893822
9.286659531260621 1
	a 398 433 0.9546282343869431
15.57375308781931 1
	a 252 160 0.9250858218093611
17.0091470116635 1
	a 121 227 0.9184702771491743
13.14223081109945 1
	a 489 463 0.9364013009506792
23.65982260401874 1
	a 90 4 0.8884302718056063
4.827538902810058 1
	a 222 230 0.9761512898261859
22.8521275477885 1
	a 435 361 0.8920254300900484
84.87543687272544 1
	a 102 57 0.6541770899993689
31.40128149261672 1
	a 198 51 0.854698582350526
2.811857046997037 1
	a 85 78 0.9860390849711355
4.422802850419957 1
	a 243 270 0.9781287080803897
33.39711266796768 1
	a 241 247 0.8462118277215877
4.018237914972951 1
	a 453 470 0.9801092934817696
4.205484212140069 1
	a 128 155 0.9791921137149343
44.60245455640441 1
	a 443 344 0.800105029719673
11.75336523558168 1
	a 424 465 0.942926609327066
26.88220818370964 1
	a 262 359 0.8742306461727277
20.43963933374148 1
	a 403 434 0.9028505919551871
2.908496078963211 1
	a 244 229 0.9855627507483367
3.616420072486676 1
	a 321 335 0.9820803998915988
29.51641353708654 1
	a 406 378 0.8627916281038707
18.93551064507357 1
	a 355 275 0.9096662061175962
9.822161686914926 1
	a 461 437 0.9520756258435579
62.04000636654843 1
	a 166 235 0.7333002581580472
10.69955507296036 1
	a 264 313 0.9479080497510697
4.520525090608341 1
	a 222 242 0.9776509001783111
10.3039895687269 1
	a 431 389 0.9497847036164766
9.609518326367915 1
	a 365 332 0.9530884269646057
42.03215469089693 1
	a 359 370 0.810453936016283
18.78095325935217 1
	a 356 278 0.9103694559672267
27.9237906273292 1
	a 15 67 0.8696895647495314
44.89252435564049 1
	a 269 434 0.7989454393016473
58.85029417783375 1
	a 48 67 0.745089099664085
11.50737821073484 1
	a 254 206 0.9440870613775323
29.52908673876755 1
	a 343 332 0.8627369581744383
3.529586029305191 1
	a 443 456 0.9825068825271878
13.69734204021812 1
	a 434 479 0.9338058701132935
32.06606096180191 1
	a 499 495 0.851862368254614
7.511586179541625 1
	a 474 448 0.9631386206197394
34.89284131691221 1
	a 235 317 0.8399069168283898
10.88680137012748 1
	a 263 216 0.9470210036942331
73.22111206244854 1
	a 231 117 0.6934295987012267
14.33472155203995 1
	a 393 384 0.9308346634454954
3.835792746957224 1
	a 124 146 0.981003782431322
40.41822980116563 1
	a 96 171 0.8170204539460544
41.12114927204546 1
	a 313 171 0.8141539961931772
67.02319345778425 1
	a 1 28 0.7152551353439183
54.79331976281204 1
	a 362 248 0.7603574716780367
10.50639728513224 1
	a 222 172 0.9488239710829937
34.8450948980317 1
	a 341 435 0.8401074535020651
13.26980696062821 1
	a 481 463 0.9358041790552617
8.136945163095014 1
	a 401 380 0.9601317870014974
27.19990499121598 1
	a 56 79 0.8728430471274036
14.41173092708418 1
	a 316 237 0.9304763174614163
27.05868164767016 1
	a 125 246 0.873459593846289
11.50737821073484 1
	a 206 254 0.9440870613775323
19.54712250086858 1
	a 451 488 0.9068886420775357
26.08099191390242 1
	a 153 150 0.8777399097635711
81.64008344352808 1
	a 161 488 0.6648456189599502
31.85815034993008 1
	a 381 458 0.8527483848365192
24.41083548928503 1
	a 160 203 0.8851004147233326
12.57107735349704 1
	a 9 58 0.9390792671585417
5.11439029913947 1
	a 466 479 0.9747522415608111
16.40216956805455 1
	a 395 397 0.9212619649394984
28.99388646377879 1
	a 210 168 0.865048735240482
13.55570127138545 1
	a 105 181 0.9344674292519221
14.93006280242366 1
	a 98 82 0.9280679619550541
15.56634313350128 1
	a 147 82 0.9251200966626941
8.853803914186384 1
	a 66 57 0.9566965527550114
14.11520105639893 1
	a 316 239 0.9318569107868723
72.90764399520661 1
	a 383 169 0.6945172910509746
13.55570127138545 1
	a 369 321 0.9344674292519221
38.73711092238252 1
	a 315 232 0.8239169404221633
12.71856683796562 1
	a 301 282 0.9383870008599716
2.712315054365001 1
	a 175 152 0.9865299685964932
14.24798144536985 1
	a 73 94 0.9312384544913596
32.95959316488382 1
	a 264 183 0.8480650248991481
1.801036897166395 1
	a 487 484 0.9910352407514
3.012239990077456 1
	a 345 336 0.9850516526460312
20.79124791500421 1
	a 100 31 0.9012647362861461
10.97553891601412 1
	a 412 452 0.9466009152963037
3.616420072486676 1
	a 281 296 0.9820803998915988
6.141488859821383 1
	a 174 208 0.9697592401739961
12.44694454820345 1
	a 264 265 0.939662300792954
17.04337654819692 1
	a 296 313 0.9183130965405737
0.9041050181216709 1
	a 224 227 0.9954896771040572
17.36364755364769 1
	a 194 96 0.9168437280511406
7.949698896064718 1
	a 230 256 0.9610311133894452
2.999103314027322 1
	a 202 220 0.9851163562932524
16.66912372251349 1
	a 493 471 0.9200331116962117
25.73788514445126 1
	a 145 108 0.8792469946458012
34.47956388304757 1
	a 331 329 0.8416442841232863
27.10240965125031 1
	a 356 232 0.8732686415007277
4.520525090608341 1
	a 482 470 0.9776509001783111
72.31773933925471 1
	a 441 117 0.6965688099832522
62.04000636654843 1
	a 235 166 0.7333002581580472
12.85600906364148 1
	a 324 254 0.9377423524004219
1.278597582319074 1
	a 301 307 0.9936274037579175
1.801036897166395 1
	a 90 99 0.9910352407514
26.56560883914796 1
	a 182 63 0.8756156463567538
7.269919902713232 1
	a 260 225 0.9643031146479676
4.654109560445545 1
	a 12 35 0.9769981233187751
15.41602889345092 1
	a 470 492 0.9258156516309203
4.515512129651196 1
	a 433 418 0.9776754051143772
4.003965020009698 1
	a 474 484 0.9801792409626143
13.63465661193385 1
	a 397 444 0.9340985960895423
47.21551566599616 1
	a 232 310 0.7897194064436134
4.41545383278015 1
	a 17 13 0.9781646501663815
27.58594924495626 1
	a 343 351 0.8711598918672262
7.269919902713232 1
	a 225 260 0.9643031146479676
18.16667631292158 1
	a 362 420 0.9131698491559083
11.53485899508683 1
	a 337 374 0.9439573490245133
22.69547215623569 1
	a 363 332 0.8927244067656029
17.12434460733667 1
	a 3 56 0.9179414016386398
11.78685042245368 1
	a 54 45 0.942768752173526
7.671585463777614 1
	a 491 475 0.9623684212895742
26.88220818370964 1
	a 359 262 0.8742306461727277
23.65982260401874 1
	a 4 90 0.8884302718056063
3.250862265857187 1
	a 487 493 0.9838770771494869
119.2465623396258 1
	a 268 49 0.5508830120513919
15.34417481563052 1
	a 122 104 0.9261483295374004
35.69297483054973 1
	a 308 319 0.8365534410097047
5.424630108730006 1
	a 342 358 0.973241378938998
20.21114116568101 1
	a 154 73 0.9038826799499335
15.31408183078651 1
	a 191 161 0.9262876928600038
5.51072426250149 1
	a 168 128 0.9728225171346718
6.037725480312412 1
	a 66 44 0.9702624981924419
22.60262545304169 1
	a 370 377 0.8931389355673849
6.037725480312412 1
	a 39 6 0.9702624981924419
32.7057365085909 1
	a 477 396 0.8491421430962971
5.51072426250149 1
	a 162 182 0.9728225171346718
24.12531324787959 1
	a 495 432 0.886364896374065
22.19209185735972 1
	a 256 228 0.8949741361450485
9.136268773788883 1
	a 89 128 0.9553463406608393
9.945155199338348 1
	a 389 373 0.9514903102104922
7.292684483511845 1
	a 282 318 0.9641933611134803
38.70056726878155 1
	a 175 120 0.8240674988529662
3.835792746957224 1
	a 452 468 0.981003782431322
13.6726162748142 1
	a 1 58 0.9339213225741588
38.40669197097684 1
	a 21 104 0.8252792543056137
19.88714289688254 1
	a 244 297 0.9053481487703444
2.712315054365001 1
	a 352 358 0.9865299685964932
40.45805333681452 1
	a 261 393 0.8168577869256636
23.00444329552797 1
	a 73 180 0.8913463411108014
3.716832296335478 1
	a 108 98 0.9815874592603586
11.53374670481987 1
	a 299 239 0.9439625988119702
3.816718752979413 1
	a 75 64 0.9810973451939815
25.66235648246888 1
	a 437 375 0.8795790990956542
19.22020861393399 1
	a 388 331 0.908372226713255
21.93100416913188 1
	a 144 101 0.8961432327119693
2.607361541147005 1
	a 216 206 0.9870478033865562
13.23120288182777 1
	a 415 427 0.935984825780302
27.65367885595765 1
	a 480 477 0.8708649252120063
17.0091470116635 1
	a 227 121 0.9184702771491743
35.43672440553719 1
	a 318 434 0.8376259638230721
82.24465108562174 1
	a 117 303 0.6628389326908771
64.4624568836533 1
	a 263 70 0.7244719137102871
4.41545383278015 1
	a 103 120 0.9781646501663815
60.33000398447768 1
	a 219 364 0.7395968637674472
3.012239990077456 1
	a 326 309 0.9850516526460312
6.20574161442825 1
	a 385 371 0.9694477417008294
30.59376427384353 1
	a 441 442 0.8581564775382547
45.43016056077959 1
	a 53 217 0.7968006134628115
13.41576892953184 1
	a 361 386 0.9351214691073686
9.286659531260621 1
	a 138 102 0.9546282343869431
45.13495909159748 1
	a 361 315 0.7979775654026878
40.89533997258255 1
	a 352 182 0.8150737330259759
12.16268937984407 1
	a 322 325 0.9409987696409867
1.80821003624333 1
	a 489 488 0.9909996972207403
9.234459581471329 1
	a 122 156 0.9548774246343368
15.37065171190722 1
	a 312 370 0.9260257299864285
38.8994518084786 1
	a 188 203 0.8232484347424903
9.136268773788883 1
	a 128 89 0.9553463406608393
3.816718752979413 1
	a 98 91 0.9810973451939815
19.0510421870036 1
	a 94 66 0.909140882163748
2.654077009075358 1
	a 314 299 0.986817278310307
7.048545600006224 1
	a 432 440 0.9653710652289879
19.88714289688254 1
	a 297 244 0.9053481487703444
4.827538902810058 1
	a 14 39 0.9761512898261859
23.82966671793389 1
	a 338 381 0.8876761188105963
9.286659531260621 1
	a 496 479 0.9546282343869431
3.616420072486676 1
	a 490 496 0.9820803998915988
10.55714864772466 1
	a 45 79 0.9485832310820291
10.19267163837067 1
	a 439 452 0.9503134910990988
6.566659915746747 1
	a 173 128 0.9676998621187332
30.68782283940382 1
	a 345 201 0.8577529875883888
19.17646876657812 1
	a 100 208 0.9085709087509619
10.36990238069438 1
	a 425 462 0.9494717402871466
24.06306778723396 1
	a 139 76 0.8866408002626242
26.05081005553512 1
	a 73 66 0.877872378866928
7.035279004064974 1
	a 93 120 0.965435103292161
3.816718752979413 1
	a 64 75 0.9810973451939815
9.914258043217545 1
	a 186 233 0.9516373132884525
40.41822980116563 1
	a 171 96 0.8170204539460544
18.3543485942364 1
	a 272 162 0.912313367719222
7.268194689517649 1
	a 351 372 0.9643114328261337
6.284915657980528 1
	a 325 347 0.9690640421648343
7.769929035071291 1
	a 421 390 0.96189532387708
28.69451336363256 1
	a 183 336 0.8663445664492762
24.63133413614516 1
	a 224 287 0.8841251352227359
22.64634480735048 1
	a 129 48 0.8929437196170952
68.91587303135518 1
	a 208 111 0.7085183182879484
11.57467128969665 1
	a 474 493 0.9437694621852569
17.35807151608526 1
	a 118 88 0.9168692901828099
14.38850965270406 1
	a 485 489 0.9305843579627501
19.7908239482296 1
	a 388 329 0.9057842646867539
35.54299453675623 1
	a 329 386 0.8371810089416352
6.780046902671165 1
	a 190 226 0.9666679399244199
11.50737821073484 1
	a 463 442 0.9440870613775323
32.37052257594795 1
	a 364 291 0.8505665578578262
49.94389651584903 1
	a 2 235 0.7790192809031452
4.520525090608341 1
	a 311 332 0.9776509001783111
38.40669197097684 1
	a 104 21 0.8252792543056137
4.462287045318696 1
	a 77 90 0.9779356240177092
10.69955507296036 1
	a 487 455 0.9479080497510697
4.827538902810058 1
	a 497 496 0.9761512898261859
1.278597582319074 1
	a 175 163 0.9936274037579175
20.41404351794177 1
	a 456 411 0.9029661453364687
36.84743671443916 1
	a 374 334 0.8317385057197424
1.727678870785183 1
	a 170 156 0.9913988093706936
4.520525090608341 1
	a 296 321 0.9776509001783111
48.24549425321331 1
	a 30 130 0.7856628903280928
16.37141770161017 1
	a 350 320 0.9214036284547936
9.520594685531725 1
	a 247 296 0.9535122816492002
30.40039537749369 1
	a 119 102 0.8589865826196342
17.28832306871523 1
	a 56 114 0.9171890969917972
17.81262845631996 1
	a 323 239 0.9147878099613074
4.41545383278015 1
	a 140 116 0.9781646501663815
16.0929124302082 1
	a 187 123 0.9226876010682319
27.65367885595765 1
	a 477 480 0.8708649252120063
1.801036897166395 1
	a 488 486 0.9910352407514
10.29669579190371 1
	a 449 421 0.9498193418363727
2.269197302872094 1
	a 23 5 0.9887181364487514
32.58394666131494 1
	a 22 144 0.8496593850269692
30.58584780975752 1
	a 274 131 0.8581904460351993
65.99217316076525 1
	a 169 334 0.718951868484862
8.68165662287441 1
	a 443 410 0.9575203708501052
6.328735126851674 1
	a 195 227 0.9688517460642906
2.811857046997037 1
	a 426 434 0.9860390849711355
39.75540557962947 1
	a 383 294 0.8197326504693294
5.029058064803587 1
	a 83 80 0.9751682192287419
20.87830720088253 1
	a 296 335 0.9008725043392807
59.28246186139968 1
	a 410 382 0.7434808207540368
6.727136898937474 1
	a 365 343 0.9669237057759118
4.602700129947267 1
	a 453 438 0.9772492901838444
47.60366811181769 1
	a 416 427 0.7881882351483062
11.72099297185015 1
	a 86 141 0.9430792450240234
2.999103314027322 1
	a 174 196 0.9851163562932524
17.3948185029048 1
	a 58 118 0.9167008447393321
67.63441793471581 1
	a 16 123 0.7130725649139718
22.60262545304169 1
	a 377 370 0.8931389355673849
21.25436389689812 1
	a 309 246 0.8991802001561048
1.278597582319074 1
	a 317 308 0.9936274037579175
5.306923229852712 1
	a 104 80 0.9738143335497531
7.048545600006224 1
	a 175 125 0.9653710652289879
27.19990499121598 1
	a 79 56 0.8728430471274036
7.059062390671677 1
	a 118 87 0.9653203035365874
36.97898131239764 1
	a 268 405 0.8311916320484427
4.41545383278015 1
	a 19 3 0.9781646501663815
13.47070813670503 1
	a 342 284 0.9348646302246781
119.2465623396258 1
	a 49 268 0.5508830120513919
2.712315054365001 1
	a 403 413 0.9865299685964932
1.801036897166395 1
	a 204 194 0.9910352407514
32.96218601752846 1
	a 369 311 0.8480540304322027
22.63264915330448 1
	a 437 455 0.8930048689521038
21.88192729944353 1
	a 243 298 0.8963631592173964
33.6582919721707 1
	a 458 432 0.8451074838760597
80.20967906432107 1
	a 261 302 0.6696176538920511
27.05868164767016 1
	a 246 125 0.873459593846289
2.712315054365001 1
	a 303 289 0.9865299685964932
9.024851030238651 1
	a 253 301 0.9558787016011351
21.88192729944353 1
	a 432 364 0.8963631592173964
6.665768872211933 1
	a 260 226 0.9672204422980087
73.78791478588272 1
	a 208 104 0.6914671918332953
36.68596437189714 1
	a 234 306 0.8324102906944901
3.529586029305191 1
	a 456 443 0.9825068825271878
12.72834373922108 1
	a 483 497 0.9383411293959486
10.07900360756717 1
	a 437 395 0.9508537459247081
2.654077009075358 1
	a 494 496 0.986817278310307
32.78845642188742 1
	a 253 105 0.8487910108930994
2.712315054365001 1
	a 277 289 0.9865299685964932
25.8168471753768 1
	a 342 263 0.8788999275212099
3.529586029305191 1
	a 491 496 0.9825068825271878
7.264126126525595 1
	a 477 486 0.9643310498347077
2.841323276105651 1
	a 227 215 0.9858938214043831
21.31136223338692 1
	a 471 455 0.8989239777903977
2.999103314027322 1
	a 143 163 0.9851163562932524
1.801036897166395 1
	a 488 485 0.9910352407514
1.801036897166395 1
	a 244 235 0.9910352407514
1.801036897166395 1
	a 484 487 0.9910352407514
78.21139746300263 1
	a 268 464 0.676341612048538
33.70380938040271 1
	a 394 291 0.8449151702492169
18.2373712979719 1
	a 360 417 0.9128471235528003
24.02634286057686 1
	a 119 261 0.8868036243032232
4.654109560445545 1
	a 385 374 0.9769981233187751
4.84135585761266 1
	a 293 320 0.9760838549643137
24.37114416392664 1
	a 399 462 0.8852760861970183
4.520525090608341 1
	a 371 355 0.9776509001783111
30.8196682933755 1
	a 406 330 0.8571877197686201
28.88351603548154 1
	a 69 138 0.8655262459830588
10.69955507296036 1
	a 313 264 0.9479080497510697
34.67989966198289 1
	a 62 227 0.8408016489024687
33.80222491845583 1
	a 58 106 0.8444995086210646
7.048545600006224 1
	a 440 432 0.9653710652289879
22.69547215623569 1
	a 332 363 0.8927244067656029
18.29345787468676 1
	a 164 132 0.9125911670926614
25.16341223513799 1
	a 461 375 0.8817761431202121
3.438108532887474 1
	a 106 118 0.9829563716638375
13.54929167913314 1
	a 414 465 0.9344973775077826
0.9041050181216709 1
	a 227 224 0.9954896771040572
18.60475774741104 1
	a 440 495 0.9111718244113776
43.36867517763316 1
	a 86 115 0.8050560506199618
11.69951152703009 1
	a 81 120 0.943180543987861
26.8220462632151 1
	a 181 61 0.874493662702838
2.607361541147005 1
	a 196 208 0.9870478033865562
9.858929980476065 1
	a 290 238 0.9519006109510311
10.90747092864127 1
	a 493 492 0.9469231362212657
4.602700129947267 1
	a 478 465 0.9772492901838444
29.21511846035594 1
	a 382 408 0.8640923819836794
34.03055594763526 1
	a 91 82 0.8435359315523578
3.609246933409727 1
	a 21 10 0.9821156235197208
12.10706748297171 1
	a 237 165 0.9412605067176915
11.72099297185015 1
	a 141 86 0.9430792450240234
3.250862265857187 1
	a 260 245 0.9838770771494869
16.96050661374106 1
	a 350 396 0.9186936781126549
46.01261023798357 1
	a 395 375 0.7944835077935486
42.43716462683385 1
	a 462 396 0.8088143871769722
6.46231959668888 1
	a 372 354 0.9682048443941376
10.36990238069438 1
	a 102 69 0.9494717402871466
12.29006771119488 1
	a 314 267 0.940399646184204
5.785892542555228 1
	a 46 29 0.9714849879654753
27.49807204540486 1
	a 372 266 0.8715427514309263
5.256394638736764 1
	a 462 477 0.9740603919623205
12.88787138200595 1
	a 192 258 0.9375929710729461
9.520594685531725 1
	a 296 247 0.9535122816492002
16.40216956805455 1
	a 347 328 0.9212619649394984
21.1963232780076 1
	a 331 315 0.8994411828998289
18.67462249282322 1
	a 376 313 0.9108535860610207
10.69817784978625 1
	a 476 488 0.9479145771782092
1.801036897166395 1
	a 177 168 0.9910352407514
6.328735126851674 1
	a 301 271 0.9688517460642906
9.286659531260621 1
	a 479 496 0.9546282343869431
2.001419840246826 1
	a 219 207 0.990042805211115
6.846711116319194 1
	a 120 164 0.9663457828279073
7.856182642831142 1
	a 406 434 0.9614805786068393
5.515046577635295 1
	a 298 270 0.9728014931344119
22.08238567501929 1
	a 174 74 0.895465191791186
33.42017928011602 1
	a 340 359 0.8461142371492786
18.16667631292158 1
	a 420 362 0.9131698491559083
2.999103314027322 1
	a 220 202 0.9851163562932524
6.665768872211933 1
	a 226 260 0.9672204422980087
50.01691920967899 1
	a 387 268 0.7787349023893321
2.811857046997037 1
	a 78 85 0.9860390849711355
19.08153695611766 1
	a 49 72 0.9090022725247202
9.405227871536001 1
	a 187 238 0.9540624586845724
16.75839851773872 1
	a 397 455 0.9196225245025127
