1.064816194648925 2
	a 0 61 0.9651286474055482
	a 61 0 0.9651286474055482
7.718832901071267 2
	a 1 97 0.7731405444526407
	a 97 1 0.7731405444526407
7.596342501994648 2
	a 1 142 0.7763037408724461
	a 142 1 0.7763037408724461
0.4217785570495555 2
	a 1 19 0.9860390849711355
	a 19 1 0.9860390849711355
1.220541774464252 2
	a 1 20 0.9601317870014974
	a 20 1 0.9601317870014974
8.609325108289735 2
	a 2 189 0.7505286128317901
	a 189 2 0.7505286128317901
7.614606304863099 2
	a 2 211 0.7758312760874557
	a 211 2 0.7758312760874557
3.199966006874039 2
	a 3 81 0.8988262499348295
	a 81 3 0.8988262499348295
0.4068472581547501 2
	a 3 23 0.9865299685964932
	a 23 3 0.9865299685964932
1.126737926931244 2
	a 3 40 0.9631386206197394
	a 40 3 0.9631386206197394
2.76330199809515 2
	a 4 41 0.9120047627542625
	a 41 4 0.9120047627542625
2.313317498168041 2
	a 4 126 0.9257874713377113
	a 126 4 0.9257874713377113
0.3981115513613038 2
	a 5 29 0.986817278310307
	a 29 5 0.986817278310307
4.122620972581867 2
	a 6 101 0.8716034662080939
	a 101 6 0.8716034662080939
2.186245158146932 2
	a 6 124 0.9297171874441434
	a 124 6 0.9297171874441434
0.9056588220468618 2
	a 7 61 0.9702624981924419
	a 61 7 0.9702624981924419
1.126737926931244 2
	a 7 42 0.9631386206197394
	a 42 7 0.9631386206197394
2.184273549210764 2
	a 7 27 0.9297782907424808
	a 27 7 0.9297782907424808
2.144273325825034 2
	a 8 123 0.9310188288997154
	a 123 8 0.9310188288997154
1.385168937220699 2
	a 9 70 0.9548774246343368
	a 70 9 0.9548774246343368
1.092903134703467 2
	a 9 67 0.9642254865731014
	a 67 9 0.9642254865731014
4.398940812704032 2
	a 9 66 0.8636122804085125
	a 66 9 0.8636122804085125
1.936327367967538 2
	a 9 32 0.9374946333328481
	a 32 9 0.9374946333328481
2.103169588018385 2
	a 10 108 0.9322953149670414
	a 108 10 0.9322953149670414
3.312336478210267 2
	a 10 153 0.895465829751937
	a 153 10 0.895465829751937
5.483528821227434 2
	a 10 149 0.8329478081661733
	a 149 10 0.8329478081661733
6.16928509093472 2
	a 10 166 0.8141237997779833
	a 166 10 0.8141237997779833
6.077982960753683 2
	a 10 103 0.8166052818443004
	a 103 10 0.8166052818443004
11.74785922698027 2
	a 10 143 0.6759776216426744
	a 143 10 0.6759776216426744
1.807723071719 2
	a 11 45 0.9415221209539136
	a 45 11 0.9415221209539136
1.200526638806247 2
	a 11 73 0.9607725730002534
	a 73 11 0.9607725730002534
1.756468616875567 2
	a 12 61 0.9431320692804533
	a 61 12 0.9431320692804533
0.6981164340668319 2
	a 12 55 0.9769981233187751
	a 55 12 0.9769981233187751
0.6780787635912512 2
	a 13 55 0.9776509001783111
	a 55 13 0.9776509001783111
7.018810975268241 2
	a 14 203 0.7913931814761829
	a 203 14 0.7913931814761829
8.491548830311251 2
	a 14 215 0.7534808863876701
	a 215 14 0.7534808863876701
0.2701555345749592 2
	a 15 37 0.9910352407514
	a 37 15 0.9910352407514
0.6027356872459425 2
	a 16 59 0.9801092934817696
	a 59 16 0.9801092934817696
5.878208516514651 2
	a 16 28 0.8220613235219756
	a 28 16 0.8220613235219756
4.418376774166902 2
	a 17 18 0.8630529571111477
	a 18 17 0.8630529571111477
1.413255877275242 2
	a 17 104 0.9539838568265261
	a 104 17 0.9539838568265261
1.003980265370219 2
	a 18 75 0.9670877831028056
	a 75 18 0.9670877831028056
3.093960810068971 2
	a 19 20 0.9020078762237146
	a 20 19 0.9020078762237146
1.088420984350353 2
	a 19 85 0.9643695574554602
	a 85 19 0.9643695574554602
3.737723237017692 2
	a 20 119 0.8828581166654038
	a 119 20 0.8828581166654038
2.15815821809239 2
	a 20 95 0.9305880253971377
	a 95 20 0.9305880253971377
0.8136945163095008 2
	a 20 64 0.973241378938998
	a 64 20 0.973241378938998
0.4068472581547501 2
	a 21 49 0.9865299685964932
	a 49 21 0.9865299685964932
0.3981115513613038 2
	a 22 49 0.986817278310307
	a 49 22 0.986817278310307
2.305467796210252 2
	a 23 81 0.9260297415563544
	a 81 23 0.9260297415563544
1.027006667447879 2
	a 23 80 0.9663457828279073
	a 80 23 0.9663457828279073
0.8266086393752234 2
	a 23 40 0.9728225171346718
	a 40 23 0.9728225171346718
0.5753689120435835 2
	a 24 61 0.981003782431322
	a 61 24 0.981003782431322
2.974739776792058 2
	a 25 126 0.9055996187184667
	a 126 25 0.9055996187184667
0.99986533083179 2
	a 25 81 0.9672204422980087
	a 81 25 0.9672204422980087
0.9589481822187813 2
	a 26 76 0.9685405390892792
	a 76 26 0.9685405390892792
0.2701555345749592 2
	a 26 35 0.9910352407514
	a 35 26 0.9910352407514
0.5488408072586609 2
	a 27 61 0.9818716384555221
	a 61 27 0.9818716384555221
3.423529126734134 2
	a 27 37 0.8921529990091028
	a 37 27 0.8921529990091028
5.239056161738056 2
	a 28 178 0.8397633060268546
	a 178 28 0.8397633060268546
0.9302638502529895 2
	a 29 76 0.9694670465676806
	a 76 29 0.9694670465676806
0.9569120473074697 2
	a 29 62 0.9686062772936068
	a 62 29 0.9686062772936068
1.027006667447879 2
	a 29 79 0.9663457828279073
	a 79 29 0.9663457828279073
0.9493102690277512 2
	a 30 82 0.9688517460642906
	a 82 30 0.9688517460642906
2.879403407965983 2
	a 30 123 0.9084820823281813
	a 123 30 0.9084820823281813
0.4068472581547501 2
	a 31 58 0.9865299685964932
	a 58 31 0.9865299685964932
2.820674875156118 2
	a 32 67 0.9102622848970527
	a 67 32 0.9102622848970527
0.9056588220468618 2
	a 32 66 0.9702624981924419
	a 66 32 0.9702624981924419
0.6773268194476793 2
	a 32 69 0.9776754051143772
	a 69 32 0.9776754051143772
0.4217785570495555 2
	a 33 61 0.9860390849711355
	a 61 33 0.9860390849711355
3.730077451426218 2
	a 34 73 0.8830831501357373
	a 73 34 0.8830831501357373
0.9734804588843621 2
	a 34 88 0.9680714827368668
	a 88 34 0.9680714827368668
0.3981115513613038 2
	a 35 58 0.986817278310307
	a 58 35 0.986817278310307
3.027950330650073 2
	a 35 93 0.9039947937900603
	a 93 35 0.9039947937900603
1.491773279900752 2
	a 35 107 0.9514903102104922
	a 107 35 0.9514903102104922
1.328070587127958 2
	a 35 109 0.9566965527550114
	a 109 35 0.9566965527550114
2.391083679933991 2
	a 36 61 0.9233907471887904
	a 61 36 0.9233907471887904
0.2712315054364995 2
	a 36 54 0.9909996972207403
	a 54 36 0.9909996972207403
4.526859150913748 2
	a 36 96 0.8599377251004027
	a 96 36 0.8599377251004027
0.3981115513613038 2
	a 37 61 0.986817278310307
	a 61 37 0.986817278310307
0.4068472581547501 2
	a 37 58 0.9865299685964932
	a 58 37 0.9865299685964932
0.1356157527182506 2
	a 38 47 0.9954896771040572
	a 47 38 0.9954896771040572
1.808693321060247 2
	a 39 126 0.9414916710723951
	a 126 39 0.9414916710723951
1.153879263547335 2
	a 39 98 0.9622676523495237
	a 98 39 0.9622676523495237
0.7884591958105146 2
	a 39 81 0.9740603919623205
	a 81 39 0.9740603919623205
0.7884591958105146 2
	a 40 80 0.9740603919623205
	a 80 40 0.9740603919623205
0.5575248444503217 2
	a 41 65 0.9815874592603586
	a 65 41 0.9815874592603586
1.241928224970066 2
	a 41 92 0.959447570548437
	a 92 41 0.959447570548437
0.2701555345749592 2
	a 42 61 0.9910352407514
	a 61 42 0.9910352407514
0.99986533083179 2
	a 43 77 0.9672204422980087
	a 77 43 0.9672204422980087
0.9302638502529895 2
	a 43 96 0.9694670465676806
	a 96 43 0.9694670465676806
2.165553119061862 2
	a 44 144 0.9303586667899958
	a 144 44 0.9303586667899958
0.9493102690277512 2
	a 45 99 0.9688517460642906
	a 99 45 0.9688517460642906
0.8241254245324514 2
	a 45 73 0.9729030447112115
	a 73 45 0.9729030447112115
0.6773268194476793 2
	a 46 80 0.9776754051143772
	a 80 46 0.9776754051143772
0.6787135312039486 2
	a 47 82 0.9776302143595582
	a 82 47 0.9776302143595582
2.462110445909661 2
	a 48 145 0.9212071511546917
	a 145 48 0.9212071511546917
1.250070526955394 2
	a 48 116 0.9591872021547203
	a 116 48 0.9591872021547203
0.4151947874586657 2
	a 49 66 0.9862555038559035
	a 66 49 0.9862555038559035
0.1917896373478611 2
	a 50 61 0.9936274037579175
	a 61 50 0.9936274037579175
0.9589481822187813 2
	a 51 104 0.9685405390892792
	a 104 51 0.9685405390892792
3.120560953941737 2
	a 51 80 0.9012084460493199
	a 80 51 0.9012084460493199
0.1356157527182506 2
	a 52 59 0.9954896771040572
	a 59 52 0.9954896771040572
0.1516230224745966 2
	a 53 61 0.9949586497282615
	a 61 53 0.9949586497282615
2.33752626166525 2
	a 54 61 0.9250407003535276
	a 61 54 0.9250407003535276
0.5463906058106239 2
	a 54 77 0.98195183450743
	a 77 54 0.98195183450743
2.878073501128002 2
	a 54 96 0.9085223564386373
	a 96 54 0.9085223564386373
0.1356157527182506 2
	a 55 61 0.9954896771040572
	a 61 55 0.9954896771040572
2.434286812880071 2
	a 56 119 0.9220619251326442
	a 119 56 0.9220619251326442
2.765771239994866 2
	a 56 72 0.9119297004976549
	a 72 56 0.9119297004976549
2.051680644497453 2
	a 56 146 0.9338967855683178
	a 146 56 0.9338967855683178
6.259513849556145 2
	a 56 153 0.8116788989664742
	a 153 56 0.8116788989664742
4.23842599874566 2
	a 56 136 0.868245416288612
	a 136 56 0.868245416288612
3.663635108163312 2
	a 57 156 0.8850411213316732
	a 156 57 0.8850411213316732
0.7884591958105146 2
	a 57 99 0.9740603919623205
	a 99 57 0.9740603919623205
0.9849989873620122 2
	a 58 109 0.9676998621187332
	a 109 58 0.9676998621187332
0.487629339878578 2
	a 59 83 0.9838770771494869
	a 83 59 0.9838770771494869
0.8136945163095008 2
	a 60 96 0.973241378938998
	a 96 60 0.973241378938998
3.617766727870112 2
	a 60 76 0.8863953364196865
	a 76 60 0.8863953364196865
2.062323230828294 2
	a 60 62 0.9335655417544896
	a 62 60 0.9335655417544896
0.2701555345749592 2
	a 60 68 0.9910352407514
	a 68 60 0.9910352407514
0.9569120473074697 2
	a 61 77 0.9686062772936068
	a 77 61 0.9686062772936068
0.4068472581547501 2
	a 61 76 0.9865299685964932
	a 76 61 0.9865299685964932
0.4068472581547501 2
	a 62 76 0.9865299685964932
	a 76 62 0.9865299685964932
2.712315054365003 2
	a 62 68 0.913556091857009
	a 68 62 0.913556091857009
0.4068472581547501 2
	a 63 74 0.9865299685964932
	a 74 63 0.9865299685964932
0.6780787635912512 2
	a 63 101 0.9776509001783111
	a 101 63 0.9776509001783111
3.342004770269905 2
	a 63 124 0.8945807027686228
	a 124 63 0.8945807027686228
0.9583507903075323 2
	a 64 119 0.9685598258907672
	a 119 64 0.9685598258907672
1.301572290685483 2
	a 64 108 0.9575419536901376
	a 108 64 0.9575419536901376
11.35127597022107 2
	a 64 149 0.684972994438775
	a 149 64 0.684972994438775
0.4217785570495555 2
	a 65 92 0.9860390849711355
	a 92 65 0.9860390849711355
0.1917896373478611 2
	a 66 77 0.9936274037579175
	a 77 66 0.9936274037579175
2.255077037411157 2
	a 66 69 0.9275864933336478
	a 69 66 0.9275864933336478
8.491340379858274 2
	a 66 96 0.7534861218535949
	a 96 66 0.7534861218535949
6.577717014639457 2
	a 66 111 0.8031151032136349
	a 111 66 0.8031151032136349
0.1917896373478611 2
	a 67 77 0.9936274037579175
	a 77 67 0.9936274037579175
0.2701555345749592 2
	a 67 70 0.9910352407514
	a 70 67 0.9910352407514
0.5575248444503217 2
	a 67 69 0.9815874592603586
	a 69 67 0.9815874592603586
0.4498654971040983 2
	a 68 96 0.9851163562932524
	a 96 68 0.9851163562932524
0.1516230224745966 2
	a 69 77 0.9949586497282615
	a 77 69 0.9949586497282615
0.1356157527182506 2
	a 70 77 0.9954896771040572
	a 77 70 0.9954896771040572
2.29338812139153 2
	a 71 154 0.9264026879075085
	a 154 71 0.9264026879075085
2.795313938305914 2
	a 71 158 0.9110321137216901
	a 158 71 0.9110321137216901
8.248276415438681 2
	a 71 214 0.7596157640380936
	a 214 71 0.7596157640380936
2.877924708044644 2
	a 72 152 0.9085268625112356
	a 152 72 0.9085268625112356
0.1917896373478611 2
	a 72 86 0.9936274037579175
	a 86 72 0.9936274037579175
3.402711679242001 2
	a 72 146 0.892772292126346
	a 146 72 0.892772292126346
0.3787603181002073 2
	a 73 99 0.9874540213622399
	a 99 73 0.9874540213622399
1.843510156679232 2
	a 73 112 0.940399646184204
	a 112 73 0.940399646184204
3.234940314984555 2
	a 74 154 0.8977789996275878
	a 154 74 0.8977789996275878
0.8249184195643712 2
	a 74 122 0.9728773281417317
	a 122 74 0.9728773281417317
0.9493102690277512 2
	a 75 126 0.9688517460642906
	a 126 75 0.9688517460642906
0.4362744118444816 2
	a 75 89 0.9855627507483367
	a 89 75 0.9855627507483367
1.362871831455907 2
	a 75 90 0.9555873885349738
	a 90 75 0.9555873885349738
0.2712315054364995 2
	a 76 96 0.9909996972207403
	a 96 76 0.9909996972207403
3.526836374713576 2
	a 76 79 0.8890860869071188
	a 79 76 0.8890860869071188
0.2712315054364995 2
	a 77 96 0.9909996972207403
	a 96 77 0.9909996972207403
1.654092624187943 2
	a 78 119 0.9463560364934274
	a 119 78 0.9463560364934274
0.2701555345749592 2
	a 78 97 0.9910352407514
	a 97 78 0.9910352407514
1.934862283867773 2
	a 79 152 0.9375404180668441
	a 152 79 0.9375404180668441
0.3403795954308141 2
	a 80 104 0.9887181364487514
	a 104 80 0.9887181364487514
3.655671624588996 2
	a 81 126 0.8852760861970183
	a 126 81 0.8852760861970183
3.116950871645429 2
	a 81 98 0.9013169004632239
	a 98 81 0.9013169004632239
0.3403795954308141 2
	a 81 104 0.9887181364487514
	a 104 81 0.9887181364487514
1.485391383398834 2
	a 82 145 0.9516927421641365
	a 145 82 0.9516927421641365
4.525654919193809 2
	a 83 172 0.8599722446027472
	a 172 83 0.8599722446027472
4.271909921377481 2
	a 83 178 0.8672768814834179
	a 178 83 0.8672768814834179
0.8546955794297674 2
	a 84 126 0.9719121564311943
	a 126 84 0.9719121564311943
1.392998929689093 2
	a 85 142 0.9546282343869431
	a 142 85 0.9546282343869431
1.963890817655014 2
	a 86 152 0.9366336760373601
	a 152 86 0.9366336760373601
0.6623180749170225 2
	a 86 119 0.9781646501663815
	a 119 86 0.9781646501663815
0.7671585448709205 2
	a 87 126 0.9747522415608111
	a 126 87 0.9747522415608111
0.8266086393752234 2
	a 87 121 0.9728225171346718
	a 121 87 0.9728225171346718
13.52154403763716 2
	a 87 159 0.6371704131704505
	a 159 87 0.6371704131704505
2.175060339351996 2
	a 88 151 0.9300638760100108
	a 151 88 0.9300638760100108
0.4068472581547501 2
	a 88 112 0.9865299685964932
	a 112 88 0.9865299685964932
0.7522177754760512 2
	a 89 126 0.975237814079835
	a 126 89 0.975237814079835
0.2591518306177774 2
	a 89 90 0.9913988093706936
	a 90 89 0.9913988093706936
0.8136945163095008 2
	a 89 104 0.973241378938998
	a 104 89 0.973241378938998
0.1917896373478611 2
	a 90 104 0.9936274037579175
	a 104 90 0.9936274037579175
2.768344467533243 2
	a 91 111 0.9118514837649142
	a 111 91 0.9118514837649142
0.572507812946912 2
	a 91 119 0.9810973451939815
	a 119 91 0.9810973451939815
0.3981115513613038 2
	a 92 109 0.986817278310307
	a 109 92 0.986817278310307
0.6915073676175353 2
	a 92 126 0.9772133818794684
	a 126 92 0.9772133818794684
1.669793565082048 2
	a 93 107 0.9458608767395049
	a 107 93 0.9458608767395049
0.6780787635912512 2
	a 93 126 0.9776509001783111
	a 126 93 0.9776509001783111
1.250070526955394 2
	a 94 126 0.9591872021547203
	a 126 94 0.9591872021547203
0.99986533083179 2
	a 94 137 0.9672204422980087
	a 137 94 0.9672204422980087
0.487629339878578 2
	a 95 119 0.9838770771494869
	a 119 95 0.9838770771494869
0.1356157527182506 2
	a 95 97 0.9954896771040572
	a 97 95 0.9954896771040572
0.4068472581547501 2
	a 96 117 0.9865299685964932
	a 117 96 0.9865299685964932
1.632650752044516 2
	a 96 150 0.9470326664393917
	a 150 96 0.9470326664393917
1.705283674146453 2
	a 96 141 0.9447425814877588
	a 141 96 0.9447425814877588
1.069165333071772 2
	a 96 111 0.9649887416108403
	a 111 96 0.9649887416108403
0.479922938566163 2
	a 97 119 0.9841298480006107
	a 119 97 0.9841298480006107
0.6308226318210105 2
	a 98 126 0.9791921137149343
	a 126 98 0.9791921137149343
2.095098294441181 2
	a 99 156 0.9325461763513846
	a 156 99 0.9325461763513846
1.331452545646097 2
	a 99 112 0.9565887085653398
	a 112 99 0.9565887085653398
0.7671585448709205 2
	a 100 123 0.9747522415608111
	a 123 100 0.9747522415608111
0.3897640175368631 2
	a 100 118 0.9870918995356759
	a 118 100 0.9870918995356759
0.4261984914158477 2
	a 101 122 0.9858938214043831
	a 122 101 0.9858938214043831
3.393052949032928 2
	a 101 124 0.893059773292506
	a 124 101 0.893059773292506
0.726203378641899 2
	a 102 126 0.9760838549643137
	a 126 102 0.9760838549643137
0.4151947874586657 2
	a 102 120 0.9862555038559035
	a 120 102 0.9862555038559035
1.428089202829759 2
	a 103 149 0.9535122816492002
	a 149 103 0.9535122816492002
6.058148275416244 2
	a 103 143 0.8171453639909596
	a 143 103 0.8171453639909596
0.5424630108730013 2
	a 104 126 0.9820803998915988
	a 126 104 0.9820803998915988
8.857090134010475 2
	a 105 211 0.744355647299712
	a 211 105 0.744355647299712
5.595553015821196 2
	a 105 206 0.8298432645952039
	a 206 105 0.8298432645952039
12.33669766284326 2
	a 105 163 0.6628389326908771
	a 163 105 0.6628389326908771
10.39355231235936 2
	a 105 216 0.7071929449467412
	a 216 105 0.7071929449467412
10.96304550917752 2
	a 105 202 0.6938948448769494
	a 202 105 0.6938948448769494
13.460495607515 2
	a 105 165 0.6384683417791001
	a 165 105 0.6384683417791001
1.545598435309036 2
	a 106 152 0.9497847036164766
	a 152 106 0.9497847036164766
0.8266086393752234 2
	a 106 126 0.9728225171346718
	a 126 106 0.9728225171346718
1.227679281255588 2
	a 107 109 0.9599033826015307
	a 109 107 0.9599033826015307
0.4889695489932395 2
	a 107 126 0.9838331247637007
	a 126 107 0.9838331247637007
0.3835792746957232 2
	a 108 119 0.9872954174986995
	a 119 108 0.9872954174986995
1.555485357104156 2
	a 108 153 0.9494717402871466
	a 153 108 0.9494717402871466
0.4068472581547501 2
	a 109 126 0.9865299685964932
	a 126 109 0.9865299685964932
0.3981115513613038 2
	a 110 126 0.986817278310307
	a 126 110 0.986817278310307
0.9583507903075323 2
	a 110 137 0.9685598258907672
	a 137 110 0.9685598258907672
1.604933260944054 2
	a 110 131 0.9479080497510697
	a 131 110 0.9479080497510697
1.392998929689093 2
	a 111 117 0.9546282343869431
	a 117 111 0.9546282343869431
1.402932530426299 2
	a 111 132 0.9543121901896832
	a 132 111 0.9543121901896832
0.7321141143751978 2
	a 111 138 0.9758915614508636
	a 138 111 0.9758915614508636
1.28340913278765 2
	a 112 151 0.9581218620785064
	a 151 112 0.9581218620785064
2.503074246341606 2
	a 113 152 0.9199501380207048
	a 152 113 0.9199501380207048
0.9589481822187813 2
	a 113 146 0.9685405390892792
	a 146 113 0.9685405390892792
2.590581228449648 2
	a 113 136 0.9172706458162029
	a 136 113 0.9172706458162029
0.8241254245324514 2
	a 114 130 0.9729030447112115
	a 130 114 0.9729030447112115
0.9260422855687234 2
	a 114 144 0.9696034784282659
	a 144 114 0.9696034784282659
1.356157527182502 2
	a 115 152 0.9558012826194622
	a 152 115 0.9558012826194622
2.552089680587133 2
	a 115 126 0.91844830672004
	a 126 115 0.91844830672004
1.84378686706108 2
	a 115 133 0.9403909722793672
	a 133 115 0.9403909722793672
0.8746873575346277 2
	a 115 137 0.9712646971139117
	a 137 115 0.9712646971139117
0.9260422855687234 2
	a 116 145 0.9696034784282659
	a 145 116 0.9696034784282659
0.487629339878578 2
	a 116 134 0.9838770771494869
	a 134 116 0.9838770771494869
0.3981115513613038 2
	a 117 132 0.986817278310307
	a 132 117 0.986817278310307
0.1356157527182506 2
	a 118 123 0.9954896771040572
	a 123 118 0.9954896771040572
1.381814599110866 2
	a 119 152 0.9549841966612392
	a 152 119 0.9549841966612392
1.279870325610445 2
	a 119 153 0.9582348890287904
	a 153 119 0.9582348890287904
0.1356157527182506 2
	a 120 126 0.9954896771040572
	a 126 120 0.9954896771040572
0.4068472581547501 2
	a 120 133 0.9865299685964932
	a 133 120 0.9865299685964932
0.1356157527182506 2
	a 121 126 0.9954896771040572
	a 126 121 0.9954896771040572
13.48347382531572 2
	a 121 159 0.6379795001942635
	a 159 121 0.6379795001942635
0.7241308354215087 2
	a 122 144 0.9761512898261859
	a 144 122 0.9761512898261859
0.6780787635912512 2
	a 123 145 0.9776509001783111
	a 145 123 0.9776509001783111
2.527911742550517 2
	a 123 134 0.9191888112861742
	a 134 123 0.9191888112861742
5.303537112451497 2
	a 124 210 0.8379602865162898
	a 210 124 0.8379602865162898
0.9397593081368385 2
	a 125 150 0.969160244007073
	a 150 125 0.969160244007073
0.5424630108730013 2
	a 125 132 0.9820803998915988
	a 132 125 0.9820803998915988
2.552089680587133 2
	a 126 152 0.91844830672004
	a 152 126 0.91844830672004
0.9493102690277512 2
	a 126 133 0.9688517460642906
	a 133 126 0.9688517460642906
0.4068472581547501 2
	a 126 137 0.9865299685964932
	a 137 126 0.9865299685964932
0.1356157527182506 2
	a 126 131 0.9954896771040572
	a 131 126 0.9954896771040572
2.392227806752325 2
	a 127 145 0.923355531989717
	a 145 127 0.923355531989717
0.4498654971040983 2
	a 127 135 0.9851163562932524
	a 135 127 0.9851163562932524
0.5227236001223743 2
	a 127 142 0.9827268021417233
	a 142 127 0.9827268021417233
0.5753689120435835 2
	a 128 145 0.981003782431322
	a 145 128 0.981003782431322
1.754926729054513 2
	a 128 142 0.943180543987861
	a 142 128 0.943180543987861
5.45649859007702 2
	a 129 213 0.833698638760486
	a 213 129 0.833698638760486
6.358689871024731 2
	a 129 174 0.809000026607596
	a 174 129 0.809000026607596
5.948523019515993 2
	a 129 200 0.8201368186330714
	a 200 129 0.8201368186330714
1.779636127143931 2
	a 129 158 0.9424040163728733
	a 158 129 0.9424040163728733
3.30072683402889 2
	a 129 169 0.8958124314683215
	a 169 129 0.8958124314683215
5.090413182416317 2
	a 129 196 0.8439344617013456
	a 196 129 0.8439344617013456
3.561354525678251 2
	a 130 149 0.8880636882828001
	a 149 130 0.8880636882828001
1.768027563368052 2
	a 130 140 0.942768752173526
	a 140 130 0.942768752173526
0.515017203330483 2
	a 130 144 0.9829792773240782
	a 144 130 0.9829792773240782
0.1917896373478611 2
	a 131 137 0.9936274037579175
	a 137 131 0.9936274037579175
2.195973933892282 2
	a 132 150 0.9294157359919035
	a 150 132 0.9294157359919035
0.8746873575346277 2
	a 132 152 0.9712646971139117
	a 152 132 0.9712646971139117
1.428089202829759 2
	a 132 138 0.9535122816492002
	a 138 132 0.9535122816492002
1.469582609899217 2
	a 132 148 0.9521943774899192
	a 148 132 0.9521943774899192
0.1356157527182506 2
	a 133 137 0.9954896771040572
	a 137 133 0.9954896771040572
0.4151947874586657 2
	a 134 145 0.9862555038559035
	a 145 134 0.9862555038559035
0.9493102690277512 2
	a 135 145 0.9688517460642906
	a 145 135 0.9688517460642906
0.2701555345749592 2
	a 135 142 0.9910352407514
	a 142 135 0.9910352407514
3.648982807036052 2
	a 136 152 0.8854734898769724
	a 152 136 0.8854734898769724
1.44523730846217 2
	a 136 157 0.9529674064127537
	a 157 136 0.9529674064127537
6.059714108458707 2
	a 136 166 0.8171027146636169
	a 166 136 0.8171027146636169
0.7109846647618342 2
	a 137 152 0.9765791386104156
	a 152 137 0.9765791386104156
0.6981164340668319 2
	a 138 152 0.9769981233187751
	a 152 138 0.9769981233187751
1.64751219978562 2
	a 138 148 0.946563640073117
	a 148 138 0.946563640073117
4.108853686295268 2
	a 139 142 0.8720035451493506
	a 142 139 0.8720035451493506
0.487629339878578 2
	a 139 149 0.9838770771494869
	a 149 139 0.9838770771494869
0.1917896373478611 2
	a 140 145 0.9936274037579175
	a 145 140 0.9936274037579175
0.4068472581547501 2
	a 141 150 0.9865299685964932
	a 150 141 0.9865299685964932
1.604933260944054 2
	a 141 152 0.9479080497510697
	a 152 141 0.9479080497510697
0.3403795954308141 2
	a 142 145 0.9887181364487514
	a 145 142 0.9887181364487514
0.3403795954308141 2
	a 142 149 0.9887181364487514
	a 149 142 0.9887181364487514
11.99346786730177 2
	a 143 166 0.6704660159096721
	a 166 143 0.6704660159096721
0.9397593081368385 2
	a 143 147 0.969160244007073
	a 147 143 0.969160244007073
5.688735345400547 2
	a 143 173 0.8272697058815314
	a 173 143 0.8272697058815314
0.7336719054035223 2
	a 143 154 0.9758408882625441
	a 154 143 0.9758408882625441
2.460325435208182 2
	a 143 161 0.9212619649394984
	a 161 143 0.9212619649394984
1.330050418899266 2
	a 144 149 0.9566334182306084
	a 149 144 0.9566334182306084
0.6780787635912512 2
	a 144 154 0.9776509001783111
	a 154 144 0.9776509001783111
0.2701555345749592 2
	a 145 149 0.9910352407514
	a 149 145 0.9910352407514
0.4217785570495555 2
	a 146 152 0.9860390849711355
	a 152 146 0.9860390849711355
0.4068472581547501 2
	a 147 149 0.9865299685964932
	a 149 147 0.9865299685964932
0.6027356872459425 2
	a 147 154 0.9801092934817696
	a 154 147 0.9801092934817696
0.2701555345749592 2
	a 148 152 0.9910352407514
	a 152 148 0.9910352407514
0.3981115513613038 2
	a 149 154 0.986817278310307
	a 154 149 0.986817278310307
0.1356157527182506 2
	a 150 152 0.9954896771040572
	a 152 150 0.9954896771040572
0.5575248444503217 2
	a 151 156 0.9815874592603586
	a 156 151 0.9815874592603586
5.682253147487918 2
	a 151 184 0.8274484760599187
	a 184 151 0.8274484760599187
8.57959761091298 2
	a 151 171 0.7512726926770701
	a 171 151 0.7512726926770701
0.6773268194476793 2
	a 152 157 0.9776754051143772
	a 157 152 0.9776754051143772
1.392998929689093 2
	a 153 166 0.9546282343869431
	a 166 153 0.9546282343869431
3.388674174047587 2
	a 154 161 0.8931901330657334
	a 161 154 0.8931901330657334
0.9493102690277512 2
	a 154 164 0.9688517460642906
	a 164 154 0.9688517460642906
4.448527446938434 2
	a 154 158 0.8621860052606684
	a 158 154 0.8621860052606684
1.385168937220699 2
	a 155 163 0.9548774246343368
	a 163 155 0.9548774246343368
1.219789830320679 2
	a 155 167 0.9601558528189085
	a 167 155 0.9601558528189085
1.088420984350353 2
	a 156 167 0.9643695574554602
	a 167 156 0.9643695574554602
3.062137488767611 2
	a 156 179 0.9029652134434908
	a 179 156 0.9029652134434908
2.717946227265123 2
	a 157 166 0.9133846282062967
	a 166 157 0.9133846282062967
0.7088461309161707 2
	a 157 159 0.9766487560097351
	a 159 157 0.9766487560097351
1.622482124687325 2
	a 157 176 0.9473537215904914
	a 176 157 0.9473537215904914
4.095611734749976 2
	a 158 164 0.8723885310655871
	a 164 158 0.8723885310655871
5.658593573542915 2
	a 158 174 0.8281013027329317
	a 174 158 0.8281013027329317
1.545598435309036 2
	a 158 169 0.9497847036164766
	a 169 158 0.9497847036164766
2.087886402409477 2
	a 158 185 0.9327703840442803
	a 185 158 0.9327703840442803
1.468948059271724 2
	a 159 176 0.9522145182209147
	a 176 159 0.9522145182209147
3.656829019148468 2
	a 159 213 0.8852419330649735
	a 213 159 0.8852419330649735
4.476208285621463 2
	a 159 190 0.8613908377745855
	a 190 159 0.8613908377745855
5.611670871182834 2
	a 160 213 0.8293975412172885
	a 213 160 0.8293975412172885
0.8266086393752234 2
	a 160 169 0.9728225171346718
	a 169 160 0.9728225171346718
4.500216098216819 2
	a 160 196 0.8607017765320907
	a 196 160 0.8607017765320907
3.884061847030821 2
	a 160 168 0.8785620621735756
	a 168 160 0.8785620621735756
3.364966008978386 2
	a 160 162 0.8938962753550455
	a 162 160 0.8938962753550455
6.101423791010076 2
	a 160 224 0.8159674675317615
	a 224 160 0.8159674675317615
12.36031307577865 2
	a 160 175 0.66231736416524
	a 175 160 0.66231736416524
4.914543686224204 2
	a 161 173 0.8488964026784852
	a 173 161 0.8488964026784852
2.597649950931209 2
	a 161 195 0.9170545402225186
	a 195 161 0.9170545402225186
2.010524034629345 2
	a 161 164 0.9351788656570947
	a 164 161 0.9351788656570947
1.633168994081954 2
	a 162 180 0.9470163068427434
	a 180 162 0.9470163068427434
0.5488408072586609 2
	a 162 168 0.9818716384555221
	a 168 162 0.9818716384555221
1.441427748955187 2
	a 162 177 0.9530884269646057
	a 177 162 0.9530884269646057
0.4498654971040983 2
	a 163 167 0.9851163562932524
	a 167 163 0.9851163562932524
3.634272154970918 2
	a 163 165 0.8859077927636637
	a 165 163 0.8859077927636637
2.340769394857855 2
	a 164 195 0.9249407047519482
	a 195 164 0.9249407047519482
0.9763801406626829 2
	a 164 174 0.9679779172841535
	a 174 164 0.9679779172841535
0.5753689120435835 2
	a 165 167 0.981003782431322
	a 167 165 0.981003782431322
9.759609008370452 2
	a 165 202 0.7222959649880081
	a 202 165 0.7222959649880081
2.163030286337194 2
	a 165 193 0.9304369080561187
	a 193 165 0.9304369080561187
0.8266086393752234 2
	a 166 176 0.9728225171346718
	a 176 166 0.9728225171346718
1.151286064329106 2
	a 166 173 0.9623508343353896
	a 173 166 0.9623508343353896
3.119162312519755 2
	a 167 193 0.9012504626108302
	a 193 167 0.9012504626108302
3.788187481472661 2
	a 167 205 0.8813742727723615
	a 205 167 0.8813742727723615
2.234721917581615 2
	a 167 199 0.9282160780381652
	a 199 167 0.9282160780381652
2.032393751869971 2
	a 167 179 0.9344973775077826
	a 179 167 0.9344973775077826
2.369655030326457 2
	a 168 169 0.9240505500312143
	a 169 168 0.9240505500312143
0.7912195278823925 2
	a 168 180 0.9739707717474136
	a 180 168 0.9739707717474136
2.112908977956649 2
	a 169 196 0.9319926978378004
	a 196 169 0.9319926978378004
0.6780787635912512 2
	a 169 180 0.9776509001783111
	a 180 169 0.9776509001783111
0.9569120473074697 2
	a 170 184 0.9686062772936068
	a 184 170 0.9686062772936068
0.5753689120435835 2
	a 170 171 0.981003782431322
	a 171 170 0.981003782431322
0.9302638502529895 2
	a 171 184 0.9694670465676806
	a 184 171 0.9694670465676806
1.604933260944054 2
	a 172 186 0.9479080497510697
	a 186 172 0.9479080497510697
0.5294379043957786 2
	a 172 178 0.9825068825271878
	a 178 172 0.9825068825271878
5.506377286396478 2
	a 172 243 0.8323136637178651
	a 243 172 0.8323136637178651
0.4068472581547501 2
	a 173 176 0.9865299685964932
	a 176 173 0.9865299685964932
4.947742417969109 2
	a 173 195 0.8479575128084579
	a 195 173 0.8479575128084579
1.610305792001114 2
	a 174 195 0.9477383094358911
	a 195 174 0.9477383094358911
3.316888434511829 2
	a 174 213 0.895329969348489
	a 213 174 0.895329969348489
3.119927528924991 2
	a 174 200 0.9012274745160387
	a 200 174 0.9012274745160387
5.577685581633741 2
	a 175 224 0.8303376508013419
	a 224 175 0.8303376508013419
4.490797552546863 2
	a 175 239 0.8609720375873217
	a 239 175 0.8609720375873217
11.42145799471411 2
	a 175 188 0.6833724409543719
	a 188 175 0.6833724409543719
3.603951429086528 2
	a 175 219 0.8868036243032232
	a 219 175 0.8868036243032232
1.847293601112768 2
	a 175 201 0.9402810553355041
	a 201 175 0.9402810553355041
5.160912922974297 2
	a 175 231 0.8419535514873101
	a 231 175 0.8419535514873101
3.023254192200745 2
	a 176 195 0.9041363143567446
	a 195 176 0.9041363143567446
2.178482869582822 2
	a 176 213 0.9299577763378734
	a 213 176 0.9299577763378734
1.511850541135075 2
	a 177 180 0.9508537459247081
	a 180 177 0.9508537459247081
0.1356157527182506 2
	a 177 181 0.9954896771040572
	a 181 177 0.9954896771040572
0.8136945163095008 2
	a 177 188 0.973241378938998
	a 188 177 0.973241378938998
3.498595067768239 2
	a 178 243 0.8899234460832782
	a 243 178 0.8899234460832782
10.2576694418135 2
	a 178 182 0.710403390446834
	a 182 178 0.710403390446834
9.273626902629639 2
	a 178 234 0.7340920153192682
	a 234 178 0.7340920153192682
1.754926729054513 2
	a 179 205 0.943180543987861
	a 205 179 0.943180543987861
1.027006667447879 2
	a 179 192 0.9663457828279073
	a 192 179 0.9663457828279073
1.92183740793733 2
	a 179 184 0.9379475513622964
	a 184 179 0.9379475513622964
0.4068472581547501 2
	a 180 185 0.9865299685964932
	a 185 180 0.9865299685964932
2.68422811431046 2
	a 180 214 0.9144117922008579
	a 214 180 0.9144117922008579
1.150737819566642 2
	a 180 181 0.9623684212895742
	a 181 180 0.9623684212895742
2.820674875156118 2
	a 181 214 0.9102622848970527
	a 214 181 0.9102622848970527
0.487629339878578 2
	a 181 187 0.9838770771494869
	a 187 181 0.9838770771494869
0.5753689120435835 2
	a 181 188 0.981003782431322
	a 188 181 0.981003782431322
2.158276447905609 2
	a 181 209 0.9305843579627501
	a 209 181 0.9305843579627501
2.032516646865084 2
	a 182 217 0.9344935493472689
	a 217 182 0.9344935493472689
1.355312686248317 2
	a 183 207 0.9558281996667543
	a 207 183 0.9558281996667543
2.483102688545475 2
	a 184 192 0.9205627698299736
	a 192 184 0.9205627698299736
2.706277563108164 2
	a 184 232 0.9137399632556618
	a 232 184 0.9137399632556618
1.675599139840163 2
	a 185 214 0.9456778522484259
	a 214 185 0.9456778522484259
2.790713662111656 2
	a 186 238 0.9111718244113776
	a 238 186 0.9111718244113776
3.937500502064382 2
	a 186 243 0.8769984826812268
	a 243 186 0.8769984826812268
1.555485357104156 2
	a 187 214 0.9494717402871466
	a 214 187 0.9494717402871466
1.954180946745591 2
	a 187 209 0.9369368781717311
	a 209 187 0.9369368781717311
1.334528378725622 2
	a 188 209 0.9564906366865277
	a 209 188 0.9564906366865277
1.441427748955187 2
	a 188 212 0.9530884269646057
	a 212 188 0.9530884269646057
1.487236494481392 2
	a 189 213 0.951634211336561
	a 213 189 0.951634211336561
2.305467796210252 2
	a 189 190 0.9260297415563544
	a 190 189 0.9260297415563544
1.126971100135943 2
	a 189 211 0.96313113471154
	a 211 189 0.96313113471154
1.35813735895381 2
	a 190 213 0.9557382071759183
	a 213 190 0.9557382071759183
0.6981164340668319 2
	a 191 207 0.9769981233187751
	a 207 191 0.9769981233187751
1.178382435282119 2
	a 191 204 0.9614820195834309
	a 204 191 0.9614820195834309
5.298354348517217 2
	a 191 247 0.8381050640334352
	a 247 191 0.8381050640334352
0.5753689120435835 2
	a 192 205 0.981003782431322
	a 205 192 0.981003782431322
3.92122283709974 2
	a 192 222 0.8774744613824327
	a 222 192 0.8774744613824327
10.463427619225 2
	a 193 202 0.7055476842740724
	a 202 193 0.7055476842740724
5.277301485639939 2
	a 193 205 0.8386934208188633
	a 205 193 0.8386934208188633
0.3002129760370238 2
	a 193 199 0.990042805211115
	a 199 193 0.990042805211115
2.931309039928191 2
	a 194 247 0.9069115967837168
	a 247 194 0.9069115967837168
1.027006667447879 2
	a 194 218 0.9663457828279073
	a 218 194 0.9663457828279073
0.9493102690277512 2
	a 195 213 0.9688517460642906
	a 213 195 0.9688517460642906
0.5424630108730013 2
	a 196 208 0.9820803998915988
	a 208 196 0.9820803998915988
2.427625710666457 2
	a 197 247 0.9222666794876507
	a 247 197 0.9222666794876507
3.38616584316741 2
	a 197 243 0.8932648167343004
	a 243 197 0.8932648167343004
4.412538271904028 2
	a 197 217 0.8632209380113344
	a 217 197 0.8632209380113344
4.152317355184421 2
	a 198 247 0.8707411107587915
	a 247 198 0.8707411107587915
0.2701555345749592 2
	a 198 205 0.9910352407514
	a 205 198 0.9910352407514
3.075020090211878 2
	a 198 245 0.9025775453202525
	a 245 198 0.9025775453202525
0.1917896373478611 2
	a 199 205 0.9936274037579175
	a 205 199 0.9936274037579175
0.6780787635912512 2
	a 200 213 0.9776509001783111
	a 213 200 0.9776509001783111
1.824403406976611 2
	a 201 239 0.9409987696409867
	a 239 201 0.9409987696409867
5.034709843763912 2
	a 201 231 0.8455029162906975
	a 231 201 0.8455029162906975
6.696444921916338 2
	a 202 206 0.7999429784991859
	a 206 202 0.7999429784991859
0.683690715218685 2
	a 202 216 0.9774680329641998
	a 216 202 0.9774680329641998
8.710794423780461 2
	a 202 205 0.7479943802085812
	a 205 202 0.7479943802085812
0.2701555345749592 2
	a 203 210 0.9910352407514
	a 210 203 0.9910352407514
0.7218667123477758 2
	a 204 220 0.9762249634948802
	a 220 204 0.9762249634948802
2.1739616031261 2
	a 204 247 0.9300979397962246
	a 247 204 0.9300979397962246
1.763004785337253 2
	a 205 216 0.942926609327066
	a 216 205 0.942926609327066
3.077787700329151 2
	a 205 245 0.9024942830694006
	a 245 205 0.9024942830694006
1.62663708847543 2
	a 205 237 0.947222523329177
	a 237 205 0.947222523329177
4.94968204419026 2
	a 206 211 0.847902690559846
	a 211 206 0.847902690559846
1.604933260944054 2
	a 206 239 0.9479080497510697
	a 239 206 0.9479080497510697
2.445793352925181 2
	a 206 216 0.9217083348648015
	a 216 206 0.9217083348648015
0.5463906058106239 2
	a 207 220 0.98195183450743
	a 220 207 0.98195183450743
0.4068472581547501 2
	a 208 213 0.9865299685964932
	a 213 208 0.9865299685964932
0.5424630108730013 2
	a 209 214 0.9820803998915988
	a 214 209 0.9820803998915988
0.5294379043957786 2
	a 209 221 0.9825068825271878
	a 221 209 0.9825068825271878
2.503074246341606 2
	a 209 212 0.9199501380207048
	a 212 209 0.9199501380207048
1.241928224970066 2
	a 210 214 0.959447570548437
	a 214 210 0.959447570548437
0.2701555345749592 2
	a 210 215 0.9910352407514
	a 215 210 0.9910352407514
1.381814599110866 2
	a 211 213 0.9549841966612392
	a 213 211 0.9549841966612392
1.41110167981014 2
	a 211 239 0.9540523616062478
	a 239 211 0.9540523616062478
0.5753689120435835 2
	a 212 221 0.981003782431322
	a 221 212 0.981003782431322
0.5753689120435835 2
	a 212 225 0.981003782431322
	a 225 212 0.981003782431322
1.491773279900752 2
	a 212 236 0.9514903102104922
	a 236 212 0.9514903102104922
0.4518359985116184 2
	a 213 224 0.9850516526460312
	a 224 213 0.9850516526460312
1.653786295325702 2
	a 213 239 0.9463656997483607
	a 239 213 0.9463656997483607
0.1356157527182506 2
	a 214 221 0.9954896771040572
	a 221 214 0.9954896771040572
0.1356157527182506 2
	a 215 221 0.9954896771040572
	a 221 215 0.9954896771040572
1.116507928925421 2
	a 216 239 0.9634671068290531
	a 239 216 0.9634671068290531
7.00551853397821 2
	a 216 247 0.79174391075132
	a 247 216 0.79174391075132
0.9157485029538716 2
	a 217 234 0.9699362317608271
	a 234 217 0.9699362317608271
1.564988034266576 2
	a 218 247 0.9491710371336511
	a 247 218 0.9491710371336511
0.4217785570495555 2
	a 219 225 0.9860390849711355
	a 225 219 0.9860390849711355
0.4217785570495555 2
	a 220 221 0.9860390849711355
	a 221 220 0.9860390849711355
0.9583507903075323 2
	a 220 236 0.9685598258907672
	a 236 220 0.9685598258907672
0.9569120473074697 2
	a 221 236 0.9686062772936068
	a 236 221 0.9686062772936068
4.120209041899249 2
	a 222 237 0.8716735439298737
	a 237 222 0.8716735439298737
2.699987130390406 2
	a 222 241 0.9139315773358974
	a 241 222 0.9139315773358974
0.8136945163095008 2
	a 222 232 0.973241378938998
	a 232 222 0.973241378938998
0.9094841310632604 2
	a 223 239 0.9701387876170422
	a 239 223 0.9701387876170422
3.597458264380029 2
	a 223 247 0.8869955838093827
	a 247 223 0.8869955838093827
0.6981164340668319 2
	a 224 239 0.9769981233187751
	a 239 224 0.9769981233187751
0.5753689120435835 2
	a 225 236 0.981003782431322
	a 236 225 0.981003782431322
0.487629339878578 2
	a 225 231 0.9838770771494869
	a 231 225 0.9838770771494869
0.6034558520981271 2
	a 226 239 0.9800857657553526
	a 239 226 0.9800857657553526
2.449486834388885 2
	a 227 239 0.9215948647616148
	a 239 227 0.9215948647616148
3.938497707296744 2
	a 227 231 0.8769693315831999
	a 231 227 0.8769693315831999
2.500368558377023 2
	a 227 235 0.9200331116962117
	a 235 227 0.9200331116962117
1.088420984350353 2
	a 227 247 0.9643695574554602
	a 247 227 0.9643695574554602
3.285007182681434 2
	a 228 247 0.896281949771826
	a 247 228 0.896281949771826
0.8272569866452942 2
	a 228 243 0.9728014931344119
	a 243 228 0.9728014931344119
0.4068472581547501 2
	a 229 239 0.9865299685964932
	a 239 229 0.9865299685964932
0.69040501949209 2
	a 230 247 0.9772492901838444
	a 247 230 0.9772492901838444
3.372931151585412 2
	a 231 239 0.8936589731485683
	a 239 231 0.8936589731485683
0.1356157527182506 2
	a 231 236 0.9954896771040572
	a 236 231 0.9954896771040572
5.224629913988475 2
	a 231 247 0.840167224252936
	a 247 231 0.840167224252936
1.213897940656483 2
	a 232 241 0.9603444424156286
	a 241 232 0.9603444424156286
0.5424630108730013 2
	a 232 246 0.9820803998915988
	a 246 232 0.9820803998915988
0.6780787635912512 2
	a 233 247 0.9776509001783111
	a 247 233 0.9776509001783111
0.3981115513613038 2
	a 234 243 0.986817278310307
	a 243 234 0.986817278310307
2.328550370332689 2
	a 235 239 0.9253175105885914
	a 239 235 0.9253175105885914
0.5753689120435835 2
	a 235 247 0.981003782431322
	a 247 235 0.981003782431322
0.5424630108730013 2
	a 236 247 0.9820803998915988
	a 247 236 0.9820803998915988
1.555485357104156 2
	a 237 245 0.9494717402871466
	a 245 237 0.9494717402871466
0.2701555345749592 2
	a 237 244 0.9910352407514
	a 244 237 0.9910352407514
0.9006357637435058 2
	a 237 241 0.9704249679635806
	a 241 237 0.9704249679635806
1.226919570849912 2
	a 238 247 0.9599276911955945
	a 247 238 0.9599276911955945
0.5424630108730013 2
	a 238 248 0.9820803998915988
	a 248 238 0.9820803998915988
2.239509420363549 2
	a 238 243 0.9280679619550541
	a 243 238 0.9280679619550541
0.487629339878578 2
	a 239 247 0.9838770771494869
	a 247 239 0.9838770771494869
0.4068472581547501 2
	a 240 247 0.9865299685964932
	a 247 240 0.9865299685964932
0.9771047220678813 2
	a 240 248 0.967954538273171
	a 248 240 0.967954538273171
1.255322192733106 2
	a 240 243 0.9590193058306061
	a 243 240 0.9590193058306061
0.2822352093936812 2
	a 241 247 0.9906362749650008
	a 247 241 0.9906362749650008
0.8136945163095008 2
	a 241 246 0.973241378938998
	a 246 241 0.973241378938998
0.2701555345749592 2
	a 242 247 0.9910352407514
	a 247 242 0.9910352407514
0.4518359985116184 2
	a 243 247 0.9850516526460312
	a 247 243 0.9850516526460312
0.3002129760370238 2
	a 243 248 0.990042805211115
	a 248 243 0.990042805211115
