12.29006771119488 1
	a 88 322 0.940399646184204
9.041050181216679 1
	a 275 344 0.9558012826194622
3.658938715057739 1
	a 140 210 0.9818716384555221
9.691626974261686 1
	a 353 395 0.9526972232628116
5.785892542555228 1
	a 472 469 0.9714849879654753
8.136945163095014 1
	a 303 135 0.9601317870014974
28.93157132677309 1
	a 25 346 0.8653183053863182
2.001419840246826 1
	a 303 265 0.990042805211115
6.096055292261394 1
	a 6 5 0.9699795633079904
13.32430421113171 1
	a 48 30 0.9355492200194143
6.328735126851674 1
	a 357 337 0.9688517460642906
37.3036867721413 1
	a 471 469 0.8298432645952039
8.518002373555337 1
	a 303 192 0.9583042028874746
28.15755999887683 1
	a 341 160 0.8686736246894048
14.89814611721076 1
	a 362 433 0.9282160780381652
2.811857046997037 1
	a 391 396 0.9860390849711355
9.943204683172242 1
	a 34 37 0.9514995897419016
2.001419840246826 1
	a 195 183 0.990042805211115
7.232840144973345 1
	a 388 420 0.9644819118512427
2.712315054365001 1
	a 220 274 0.9865299685964932
2.654077009075358 1
	a 490 483 0.986817278310307
17.9001006770969 1
	a 387 317 0.9143878048346405
13.72896037077504 1
	a 51 303 0.9336582548685839
20.85246950685365 1
	a 450 344 0.9009888941978634
1.801036897166395 1
	a 258 277 0.9910352407514
45.05422049431134 1
	a 283 246 0.7982997683803353
6.063227540421736 1
	a 170 303 0.9701387876170422
20.19952308469297 1
	a 107 94 0.9039351883859337
3.012239990077456 1
	a 453 436 0.9850516526460312
2.712315054365001 1
	a 43 100 0.9865299685964932
6.799916900843761 1
	a 297 147 0.9665719062439725
9.812135765000638 1
	a 189 33 0.9521233542192563
0.9041050181216709 1
	a 292 303 0.9954896771040572
38.91233063377757 1
	a 61 173 0.8231954240854527
6.665768872211933 1
	a 51 179 0.9672204422980087
3.616420072486676 1
	a 227 303 0.9820803998915988
14.823479730321 1
	a 460 459 0.9285626754360786
25.14355570813017 1
	a 274 103 0.8818636925252117
41.97510150537035 1
	a 35 223 0.8106851638892932
11.65138297309524 1
	a 391 346 0.9434075408777538
1.278597582319074 1
	a 82 101 0.9936274037579175
1.278597582319074 1
	a 352 349 0.9936274037579175
8.129772024018063 1
	a 332 211 0.9601662234132384
8.853803914186384 1
	a 369 412 0.9566965527550114
4.023039013987514 1
	a 449 471 0.9800857657553526
8.136945163095014 1
	a 181 152 0.9601317870014974
5.078392303053766 1
	a 301 194 0.974927702987868
3.835792746957224 1
	a 428 453 0.981003782431322
0.9041050181216709 1
	a 425 430 0.9954896771040572
2.811857046997037 1
	a 243 174 0.9860390849711355
17.54457662795852 1
	a 274 158 0.9160146846677901
13.59073986136275 1
	a 114 209 0.9343037314861845
7.417122122880718 1
	a 305 333 0.963593637974396
3.529586029305191 1
	a 23 85 0.9825068825271878
16.24077781140649 1
	a 291 322 0.9220056854092961
12.70505363231226 1
	a 377 438 0.9384504060845924
4.018237914972951 1
	a 448 470 0.9801092934817696
1.801036897166395 1
	a 423 402 0.9910352407514
33.78510171187561 1
	a 133 239 0.8445718144140031
3.529586029305191 1
	a 85 23 0.9825068825271878
8.770921804449614 1
	a 167 4 0.9570931000593805
13.78463648381167 1
	a 241 247 0.9333983787298171
9.609518326367915 1
	a 358 398 0.9530884269646057
2.841323276105651 1
	a 148 89 0.9858938214043831
17.17799534431169 1
	a 186 221 0.9176951934997476
12.96042722614141 1
	a 337 250 0.9372528935158532
14.30583105700686 1
	a 345 401 0.9309691345287064
9.041050181216679 1
	a 226 45 0.9558012826194622
12.50139987837095 1
	a 94 234 0.9394064875163473
13.77091735317202 1
	a 422 350 0.9334624079973399
13.43982659146422 1
	a 470 474 0.9350089916915159
25.52134301183461 1
	a 94 241 0.8801994802825188
16.97013837600428 1
	a 237 297 0.9186494359824862
13.78463648381167 1
	a 303 110 0.9333983787298171
9.035417908322115 1
	a 282 146 0.9558281996667543
20.77967247763619 1
	a 471 358 0.9013169004632239
30.95079667152047 1
	a 125 384 0.8566258957891186
2.654077009075358 1
	a 329 307 0.986817278310307
3.429173805456379 1
	a 336 324 0.9830002848809992
13.39373763817658 1
	a 398 449 0.9352244844488592
11.53374670481987 1
	a 499 496 0.9439625988119702
23.31996835237027 1
	a 127 373 0.889941239239625
3.829850305767785 1
	a 447 420 0.9810329306507674
14.823479730321 1
	a 91 62 0.9285626754360786
6.173615237124822 1
	a 237 329 0.9696034784282659
2.811857046997037 1
	a 438 418 0.9860390849711355
25.14355570813017 1
	a 103 274 0.8818636925252117
9.273389258625631 1
	a 210 34 0.9546915773730436
3.616420072486676 1
	a 87 56 0.9820803998915988
14.71046539758244 1
	a 259 124 0.9290875281676677
9.914258043217545 1
	a 258 184 0.9516373132884525
14.79204369747257 1
	a 456 371 0.9287086385408646
6.328735126851674 1
	a 133 266 0.9688517460642906
4.520525090608341 1
	a 448 443 0.9776509001783111
14.02113058678923 1
	a 490 496 0.9322953149670414
2.001419840246826 1
	a 289 245 0.990042805211115
15.93820541510629 1
	a 402 453 0.9234016084106551
4.515512129651196 1
	a 261 325 0.9776754051143772
2.712315054365001 1
	a 329 337 0.9865299685964932
6.701277777619665 1
	a 405 457 0.9670487328455266
13.77091735317202 1
	a 350 422 0.9334624079973399
8.325714816943993 1
	a 465 487 0.9592259958080578
21.35843690223898 1
	a 172 322 0.8987124199460248
26.21988794044741 1
	a 294 228 0.8771305484536935
16.08728702851179 1
	a 236 11 0.9227135538751992
21.00525246592967 1
	a 429 420 0.9003008782773416
28.9658782848329 1
	a 361 387 0.8651698859221766
17.0538423774762 1
	a 355 450 0.9182650432574118
27.52441260264483 1
	a 350 244 0.8714279743806651
8.058147197093438 1
	a 15 159 0.9605101436904928
2.001419840246826 1
	a 494 496 0.990042805211115
14.2784340229164 1
	a 45 64 0.9310966722294731
6.004238424956706 1
	a 278 213 0.9704249679635806
21.80590291667971 1
	a 340 332 0.8967039512641141
5.439439017421669 1
	a 447 476 0.9731693183932977
1.278597582319074 1
	a 433 422 0.9936274037579175
25.76012751419142 1
	a 499 446 0.879149217399157
2.712315054365001 1
	a 472 464 0.9865299685964932
2.654077009075358 1
	a 251 303 0.986817278310307
4.41545383278015 1
	a 490 478 0.9781646501663815
2.841323276105651 1
	a 247 303 0.9858938214043831
16.37978275246933 1
	a 392 348 0.9213650913196427
4.712003171860111 1
	a 129 221 0.9767153544984992
15.39626214407138 1
	a 95 26 0.9259071579825908
1.278597582319074 1
	a 320 329 0.9936274037579175
19.80375264998874 1
	a 0 17 0.9057257135061698
4.018237914972951 1
	a 496 491 0.9801092934817696
12.16268937984407 1
	a 236 237 0.9409987696409867
6.431807498895298 1
	a 338 360 0.9683525654665325
6.201759001686598 1
	a 404 453 0.9694670465676806
14.30583105700686 1
	a 401 345 0.9309691345287064
2.712315054365001 1
	a 53 10 0.9865299685964932
3.429173805456379 1
	a 324 336 0.9830002848809992
11.77893058304227 1
	a 130 246 0.9428060857983084
4.712003171860111 1
	a 221 129 0.9767153544984992
7.048545600006224 1
	a 453 406 0.9653710652289879
2.811857046997037 1
	a 158 103 0.9860390849711355
4.520525090608341 1
	a 166 83 0.9776509001783111
25.17261722969584 1
	a 380 402 0.8817355603311369
5.51072426250149 1
	a 165 296 0.9728225171346718
42.23181727323577 1
	a 9 106 0.809645253114079
6.328735126851674 1
	a 469 430 0.9688517460642906
15.36978530806835 1
	a 393 416 0.9260297415563544
2.811857046997037 1
	a 222 293 0.9860390849711355
5.556298478665466 1
	a 108 217 0.9726008642713443
22.74989798244275 1
	a 96 170 0.8924815035005621
4.827538902810058 1
	a 152 130 0.9761512898261859
1.801036897166395 1
	a 63 33 0.9910352407514
19.05537601440797 1
	a 473 465 0.909121182078843
30.95079667152047 1
	a 384 125 0.8566258957891186
11.77484854888545 1
	a 364 349 0.9428253288279119
21.35843690223898 1
	a 322 172 0.8987124199460248
20.416175668806 1
	a 303 59 0.9029565190875446
7.216561764258896 1
	a 179 134 0.9645604160647696
12.29006771119488 1
	a 74 296 0.940399646184204
0.9041050181216709 1
	a 293 303 0.9954896771040572
10.30641763316357 1
	a 303 96 0.9497731729941628
40.51058699176599 1
	a 342 80 0.81664325247698
8.718997847785532 1
	a 99 281 0.9573416126206281
37.27429079199259 1
	a 410 20 0.8299652438398958
3.727720493342387 1
	a 303 221 0.9815340221267772
5.799122672927416 1
	a 177 303 0.9714207257257663
7.059062390671677 1
	a 293 283 0.9653203035365874
11.64829397775349 1
	a 303 67 0.9434221118977737
1.010820149830644 1
	a 238 259 0.9949586497282615
11.89749343841388 1
	a 205 344 0.9422473425221973
13.22852263236472 1
	a 246 152 0.9359973692284843
13.91924268272985 1
	a 216 174 0.9327703840442803
11.53374670481987 1
	a 496 499 0.9439625988119702
3.816718752979413 1
	a 149 234 0.9810973451939815
10.10098472109392 1
	a 334 371 0.9507492475466075
14.08605985304433 1
	a 350 368 0.9319926978378004
9.421705848501611 1
	a 496 477 0.9539838568265261
22.13249277237579 1
	a 446 481 0.89524087408441
5.835890966488555 1
	a 251 126 0.971242154728572
26.85269120417268 1
	a 484 362 0.8743596789346053
10.68382545385507 1
	a 471 398 0.9479826038456471
3.429173805456379 1
	a 91 156 0.9830002848809992
6.379413648716464 1
	a 189 63 0.9686062772936068
5.530815917087698 1
	a 285 215 0.9727247939733642
17.96125075423941 1
	a 11 297 0.91410827314626
19.64029398872193 1
	a 322 279 0.9064662596496744
27.2653711753045 1
	a 432 386 0.8725573853648999
1.278597582319074 1
	a 453 442 0.9936274037579175
2.811857046997037 1
	a 396 391 0.9860390849711355
2.712315054365001 1
	a 247 183 0.9865299685964932
17.04337654819692 1
	a 17 273 0.9183130965405737
20.1214389096032 1
	a 339 353 0.9042881724552232
5.256394638736764 1
	a 238 124 0.9740603919623205
7.443386192836144 1
	a 357 331 0.9634671068290531
13.49062466614923 1
	a 337 171 0.934771538565241
29.10714846101865 1
	a 357 326 0.8645589881905775
22.09369361784928 1
	a 3 34 0.8954145638764682
2.712315054365001 1
	a 493 496 0.9865299685964932
11.43612439837281 1
	a 423 434 0.9444234703116458
8.368814618220709 1
	a 353 369 0.9590193058306061
15.05973210575354 1
	a 5 303 0.9274664473407298
2.811857046997037 1
	a 281 318 0.9860390849711355
12.29006771119488 1
	a 296 74 0.940399646184204
6.392987881458542 1
	a 484 496 0.9685405390892792
11.83497900652536 1
	a 311 356 0.9425419088429957
21.28902815726109 1
	a 339 18 0.899024366578277
14.67249274572666 1
	a 159 337 0.929263944500881
4.654109560445545 1
	a 201 303 0.9769981233187751
12.29666641208015 1
	a 174 320 0.9403686196161555
14.79204369747257 1
	a 63 221 0.9287086385408646
7.256139895669023 1
	a 364 389 0.9643695574554602
15.23261301801407 1
	a 36 324 0.9266650875126363
2.712315054365001 1
	a 95 148 0.9865299685964932
4.018237914972951 1
	a 167 94 0.9801092934817696
16.68716164227737 1
	a 257 339 0.9199501380207048
2.598426783579088 1
	a 280 212 0.9870918995356759
14.52321913055215 1
	a 90 19 0.9299577763378734
4.515512129651196 1
	a 388 390 0.9776754051143772
11.69951152703009 1
	a 303 66 0.943180543987861
3.616420072486676 1
	a 180 114 0.9820803998915988
40.03094505506683 1
	a 467 345 0.8186040845364525
21.33083623356158 1
	a 0 129 0.8988364538230688
14.52321913055215 1
	a 19 90 0.9299577763378734
2.712315054365001 1
	a 260 203 0.9865299685964932
28.93157132677309 1
	a 346 25 0.8653183053863182
6.531151040475846 1
	a 287 336 0.9678716870400742
7.289127674096885 1
	a 74 217 0.9642105085260783
7.235791897173338 1
	a 110 262 0.9644676773982586
1.278597582319074 1
	a 303 286 0.9936274037579175
3.250862265857187 1
	a 76 109 0.9838770771494869
2.811857046997037 1
	a 438 457 0.9860390849711355
10.36990238069438 1
	a 387 444 0.9494717402871466
23.92612125220269 1
	a 148 41 0.8872481200918274
7.974735884552721 1
	a 227 292 0.9609108142948072
14.46568028994668 1
	a 412 353 0.9302253582882283
10.22878062841577 1
	a 353 312 0.9501419322846545
1.801036897166395 1
	a 241 195 0.9910352407514
15.23261301801407 1
	a 324 36 0.9266650875126363
0.9041050181216709 1
	a 121 109 0.9954896771040572
5.439439017421669 1
	a 476 447 0.9731693183932977
2.654077009075358 1
	a 103 50 0.986817278310307
7.880994509169629 1
	a 231 148 0.9613613053674542
14.03193217053541 1
	a 329 174 0.9322449649970983
3.529586029305191 1
	a 386 376 0.9825068825271878
13.29816379260593 1
	a 445 380 0.9356715062515873
2.712315054365001 1
	a 50 7 0.9865299685964932
11.83497900652536 1
	a 356 311 0.9425419088429957
3.658938715057739 1
	a 141 208 0.9818716384555221
16.89007559721918 1
	a 355 175 0.9190172577325233
6.701277777619665 1
	a 457 405 0.9670487328455266
10.88587876109333 1
	a 329 248 0.9470253723549772
2.712315054365001 1
	a 490 482 0.9865299685964932
9.520594685531725 1
	a 463 444 0.9535122816492002
25.50877333017817 1
	a 317 408 0.8802548011572217
14.14347052169505 1
	a 196 113 0.9317252046122472
20.39559212081627 1
	a 480 464 0.9030494541140104
10.30641763316357 1
	a 96 303 0.9497731729941628
3.658938715057739 1
	a 93 54 0.9818716384555221
12.29666641208015 1
	a 320 174 0.9403686196161555
11.75336523558168 1
	a 430 429 0.942926609327066
7.364212149283868 1
	a 485 451 0.9638485902664232
11.30501708587476 1
	a 13 229 0.945042777393949
9.76840079981185 1
	a 337 210 0.9523315823943176
9.024851030238651 1
	a 496 474 0.9558787016011351
1.801036897166395 1
	a 273 228 0.9910352407514
23.92612125220269 1
	a 41 148 0.8872481200918274
16.76480651273884 1
	a 441 496 0.9195930602918365
5.256394638736764 1
	a 174 76 0.9740603919623205
18.0928878120044 1
	a 341 180 0.9135068184844999
2.712315054365001 1
	a 471 456 0.9865299685964932
4.520525090608341 1
	a 424 453 0.9776509001783111
5.51072426250149 1
	a 142 258 0.9728225171346718
12.16268937984407 1
	a 73 194 0.9409987696409867
15.58156072779796 1
	a 93 253 0.9250497088290283
21.33083623356158 1
	a 62 246 0.8988364538230688
3.250862265857187 1
	a 192 265 0.9838770771494869
13.91924268272985 1
	a 174 216 0.9327703840442803
4.654109560445545 1
	a 300 335 0.9769981233187751
40.03094505506683 1
	a 345 467 0.8186040845364525
2.001419840246826 1
	a 329 314 0.990042805211115
20.80373969294492 1
	a 419 388 0.9012084460493199
23.49805712049301 1
	a 494 490 0.8891491492527976
2.001419840246826 1
	a 485 490 0.990042805211115
24.41083548928503 1
	a 134 232 0.8851004147233326
2.811857046997037 1
	a 221 161 0.9860390849711355
27.28270931778437 1
	a 157 189 0.872481746022215
2.654077009075358 1
	a 122 174 0.986817278310307
26.19358336658717 1
	a 492 417 0.8772459187669289
10.07900360756717 1
	a 387 456 0.9508537459247081
12.5369849998317 1
	a 331 337 0.9392393579153095
26.13937750913101 1
	a 198 387 0.877483710325845
3.723135204195649 1
	a 238 156 0.9815565254712312
5.785892542555228 1
	a 357 352 0.9714849879654753
2.712315054365001 1
	a 1 47 0.9865299685964932
1.801036897166395 1
	a 316 329 0.9910352407514
12.29006771119488 1
	a 107 303 0.940399646184204
12.96042722614141 1
	a 78 17 0.9372528935158532
3.829850305767785 1
	a 420 447 0.9810329306507674
3.250862265857187 1
	a 303 239 0.9838770771494869
23.15268092689904 1
	a 180 65 0.8906859305335965
9.253642369419659 1
	a 260 107 0.954785842970619
13.21511924533423 1
	a 372 401 0.936060099005436
8.777385281360999 1
	a 174 116 0.9570621698134041
0.9041050181216709 1
	a 303 292 0.9954896771040572
46.36549803743645 1
	a 25 382 0.7930829260935622
5.515046577635295 1
	a 344 323 0.9728014931344119
11.70979077917045 1
	a 263 198 0.9431320692804533
27.91756489990075 1
	a 123 256 0.8697166374217844
2.712315054365001 1
	a 53 9 0.9865299685964932
2.811857046997037 1
	a 329 302 0.9860390849711355
31.64367563425837 1
	a 142 184 0.8536633401726876
12.16268937984407 1
	a 194 73 0.9409987696409867
21.33083623356158 1
	a 129 0 0.8988364538230688
2.598426783579088 1
	a 240 219 0.9870918995356759
6.915427226442687 1
	a 478 439 0.9660138222426223
10.52653770111577 1
	a 22 41 0.9487284273464371
23.80964178629801 1
	a 19 116 0.8877650015281677
3.616420072486676 1
	a 301 223 0.9820803998915988
2.811857046997037 1
	a 174 243 0.9860390849711355
1.801036897166395 1
	a 274 303 0.9910352407514
4.515512129651196 1
	a 207 303 0.9776754051143772
16.7555934415095 1
	a 424 407 0.9196354226493799
1.801036897166395 1
	a 383 387 0.9910352407514
15.34417481563052 1
	a 85 30 0.9261483295374004
4.515512129651196 1
	a 443 470 0.9776754051143772
16.7555934415095 1
	a 407 424 0.9196354226493799
7.698832476708746 1
	a 359 335 0.9622373218958472
4.018237914972951 1
	a 290 322 0.9801092934817696
8.853803914186384 1
	a 412 369 0.9566965527550114
19.55364914458389 1
	a 476 420 0.9068590478651339
4.544806548669531 1
	a 176 93 0.977532213436519
10.07900360756717 1
	a 55 114 0.9508537459247081
19.17488158008197 1
	a 16 162 0.9085781191369583
11.15385045561332 1
	a 375 333 0.9457573420663227
25.95511436674485 1
	a 312 386 0.8782925223835485
17.04337654819692 1
	a 471 373 0.9183130965405737
9.253642369419659 1
	a 107 260 0.954785842970619
6.328735126851674 1
	a 176 54 0.9688517460642906
40.51058699176599 1
	a 80 342 0.81664325247698
3.012239990077456 1
	a 454 471 0.9850516526460312
5.785892542555228 1
	a 296 308 0.9714849879654753
13.66854132281336 1
	a 17 294 0.9339403511908202
7.268194689517649 1
	a 338 277 0.9643114328261337
8.950183046096694 1
	a 46 221 0.9562356359045654
9.084102155337925 1
	a 400 402 0.9555955591018436
3.835792746957224 1
	a 219 303 0.981003782431322
19.73830602470544 1
	a 362 440 0.9060221454616089
12.70505363231226 1
	a 438 377 0.9384504060845924
1.010820149830644 1
	a 259 238 0.9949586497282615
2.811857046997037 1
	a 90 147 0.9860390849711355
9.807982909284057 1
	a 457 448 0.9521431245790866
7.235791897173338 1
	a 262 110 0.9644676773982586
8.058147197093438 1
	a 305 137 0.9605101436904928
2.712315054365001 1
	a 274 220 0.9865299685964932
41.61244427859687 1
	a 452 417 0.812156501630921
5.306923229852712 1
	a 284 249 0.9738143335497531
1.278597582319074 1
	a 221 196 0.9936274037579175
12.96042722614141 1
	a 250 337 0.9372528935158532
9.320276928423096 1
	a 458 490 0.9544677872893659
2.269197302872094 1
	a 259 303 0.9887181364487514
2.811857046997037 1
	a 456 444 0.9860390849711355
17.91690539761606 1
	a 61 339 0.9143109779047917
9.909716844258867 1
	a 274 199 0.9516589214056492
1.801036897166395 1
	a 303 273 0.9910352407514
4.25686019075267 1
	a 432 453 0.9789406112538208
20.80373969294492 1
	a 241 183 0.9012084460493199
17.96194221375727 1
	a 318 55 0.9141051128073939
16.99968380471249 1
	a 489 427 0.9185137365488845
4.444106457782956 1
	a 322 339 0.9780245252794247
6.799916900843761 1
	a 147 297 0.9665719062439725
2.712315054365001 1
	a 148 95 0.9865299685964932
10.36990238069438 1
	a 444 387 0.9494717402871466
14.8622686684608 1
	a 126 150 0.9283826030977979
8.368814618220709 1
	a 432 437 0.9590193058306061
2.712315054365001 1
	a 391 382 0.9865299685964932
2.712315054365001 1
	a 352 364 0.9865299685964932
12.23969248642684 1
	a 123 19 0.9406365402346707
11.68048810265961 1
	a 385 340 0.9432702608733305
8.333803513035958 1
	a 303 131 0.9591872021547203
2.654077009075358 1
	a 395 412 0.986817278310307
6.392987881458542 1
	a 366 391 0.9685405390892792
25.17261722969584 1
	a 402 380 0.8817355603311369
14.16829468386179 1
	a 66 221 0.9316095653011475
47.46197291586293 1
	a 318 278 0.7887468454380696
5.528757390508774 1
	a 60 84 0.9727348059241007
16.79492969469045 1
	a 55 209 0.9194545653764841
10.98341466523747 1
	a 174 93 0.946563640073117
11.15385045561332 1
	a 333 375 0.9457573420663227
13.55570127138545 1
	a 169 13 0.9344674292519221
4.055341028759133 1
	a 460 478 0.9799274848132655
12.05148714479334 1
	a 108 250 0.9415221209539136
1.278597582319074 1
	a 409 423 0.9936274037579175
14.12016396007491 1
	a 241 234 0.93183378749333
20.43405470718137 1
	a 344 175 0.9028758027241455
15.43947161328679 1
	a 88 309 0.925707139805871
7.264966522276778 1
	a 82 221 0.964326997744636
12.31529067408512 1
	a 186 252 0.9402810553355041
0.9041050181216709 1
	a 208 188 0.9954896771040572
3.658938715057739 1
	a 303 226 0.9818716384555221
8.339883498735496 1
	a 35 194 0.9591580433755735
16.08728702851179 1
	a 377 470 0.9227135538751992
4.25686019075267 1
	a 379 364 0.9789406112538208
22.43568252171919 1
	a 93 303 0.8938847629605179
24.91053806976829 1
	a 19 329 0.8828917402670086
2.654077009075358 1
	a 252 303 0.986817278310307
27.86892733484071 1
	a 142 80 0.8699281676392107
3.250862265857187 1
	a 283 206 0.9838770771494869
2.001419840246826 1
	a 344 336 0.990042805211115
2.712315054365001 1
	a 391 409 0.9865299685964932
27.24572858968079 1
	a 421 405 0.8726430859890537
10.29371983982606 1
	a 369 399 0.9498334750257403
3.250862265857187 1
	a 101 132 0.9838770771494869
1.801036897166395 1
	a 319 299 0.9910352407514
9.81817907417326 1
	a 42 33 0.952094584774915
2.712315054365001 1
	a 368 354 0.9865299685964932
6.328735126851674 1
	a 51 49 0.9688517460642906
4.654109560445545 1
	a 200 303 0.9769981233187751
5.424630108730006 1
	a 436 407 0.973241378938998
21.84418944366095 1
	a 342 8 0.8965323092934543
39.02261456936142 1
	a 491 350 0.8227416230587457
23.31996835237027 1
	a 373 127 0.889941239239625
14.12016396007491 1
	a 234 241 0.93183378749333
20.80373969294492 1
	a 183 241 0.9012084460493199
