2.712315054365001 1
	a 195 242 0.9865299685964932
1.801036897166395 1
	a 514 491 0.9910352407514
19.17896367451246 1
	a 287 84 0.9085595748178091
74.37743637253847 1
	a 707 982 0.6894320185730011
10.36990238069438 1
	a 945 966 0.9494717402871466
2.654077009075358 1
	a 568 613 0.986817278310307
9.234459581471329 1
	a 64 224 0.9548774246343368
1.80821003624333 1
	a 579 613 0.9909996972207403
14.96613728579389 1
	a 14 214 0.9279005791898248
7.544439246321797 1
	a 111 235 0.9629804233261519
2.712315054365001 1
	a 716 743 0.9865299685964932
3.658938715057739 1
	a 940 933 0.9818716384555221
23.39982222262252 1
	a 574 649 0.8895859839043762
9.025502980367216 1
	a 686 547 0.9558755856800016
11.36855782764302 1
	a 730 807 0.9447425814877588
7.098774630992835 1
	a 785 727 0.9651286474055482
12.16268937984407 1
	a 85 186 0.9409987696409867
11.49226335290505 1
	a 390 207 0.9441584127822225
41.18664628611508 1
	a 781 738 0.8138874165672659
19.14031146718822 1
	a 420 104 0.9087351809514357
2.712315054365001 1
	a 981 974 0.9865299685964932
8.058147197093438 1
	a 778 823 0.9605101436904928
26.75546634229159 1
	a 119 71 0.8747848297594024
5.424630108730006 1
	a 895 898 0.973241378938998
10.36990238069438 1
	a 492 584 0.9494717402871466
12.05148714479334 1
	a 527 462 0.9415221209539136
8.853803914186384 1
	a 331 210 0.9566965527550114
4.25686019075267 1
	a 225 156 0.9789406112538208
26.35407391135318 1
	a 907 888 0.8765422527570581
11.69951152703009 1
	a 102 274 0.943180543987861
2.598426783579088 1
	a 553 597 0.9870918995356759
13.5713229704884 1
	a 379 609 0.934394442257405
11.02728416125295 1
	a 543 623 0.9463560364934274
12.59448487351088 1
	a 140 212 0.9389693660062477
21.84608137382187 1
	a 121 276 0.8965238284509863
7.675240428860709 1
	a 434 484 0.9623508343353896
8.705248670722456 1
	a 922 894 0.9574074281795856
0.9041050181216709 1
	a 514 503 0.9954896771040572
27.17209767426828 1
	a 88 406 0.8729644126806194
15.94055786622661 1
	a 785 788 0.9233907471887904
16.29832557251479 1
	a 185 385 0.9217404267591077
9.79721739932811 1
	a 712 776 0.9521943774899192
3.616420072486676 1
	a 661 701 0.9820803998915988
3.616420072486676 1
	a 747 776 0.9820803998915988
6.846711116319194 1
	a 895 915 0.9663457828279073
2.712315054365001 1
	a 363 411 0.9865299685964932
33.5289133988778 1
	a 559 394 0.8456543547431356
15.94818537834883 1
	a 856 886 0.923355531989717
23.04931303306182 1
	a 850 753 0.8911463911590076
4.077407339115425 1
	a 466 390 0.9798193738573672
4.712003171860111 1
	a 516 438 0.9767153544984992
9.609518326367915 1
	a 237 319 0.9530884269646057
15.75421775351915 1
	a 613 456 0.9242514717748385
1.801036897166395 1
	a 60 20 0.9910352407514
9.054249059692065 1
	a 545 685 0.9557382071759183
15.29336667524297 1
	a 767 825 0.9263836387969339
12.16348900045894 1
	a 894 881 0.9409950074384337
24.12531324787959 1
	a 849 694 0.886364896374065
1.801036897166395 1
	a 277 258 0.9910352407514
18.07609755716554 1
	a 191 495 0.9135835117651011
4.25686019075267 1
	a 330 266 0.9789406112538208
7.675240428860709 1
	a 463 581 0.9623508343353896
12.89908189245182 1
	a 731 699 0.9375404180668441
4.654109560445545 1
	a 300 374 0.9769981233187751
2.001419840246826 1
	a 374 408 0.990042805211115
1.801036897166395 1
	a 679 654 0.9910352407514
6.064920838710179 1
	a 702 627 0.9701305739800695
10.80597977600067 1
	a 435 423 0.9474037797664057
3.529586029305191 1
	a 210 150 0.9825068825271878
25.52134301183461 1
	a 992 984 0.8801994802825188
12.34723044411281 1
	a 950 934 0.9401309055218555
8.058147197093438 1
	a 210 71 0.9605101436904928
30.2327140636029 1
	a 457 570 0.8597070645997842
15.20402111873164 1
	a 606 398 0.9267975725566617
25.27009762179187 1
	a 532 437 0.8813059054062385
23.47257633698844 1
	a 954 949 0.889262437554208
2.001419840246826 1
	a 262 231 0.990042805211115
5.014785169840341 1
	a 658 577 0.975237814079835
29.1349153343352 1
	a 677 845 0.8644389660228723
1.801036897166395 1
	a 809 812 0.9910352407514
3.250862265857187 1
	a 520 573 0.9838770771494869
15.693808590439 1
	a 266 352 0.924530680229016
13.09118480068162 1
	a 900 902 0.9366403292057967
5.029058064803587 1
	a 205 121 0.9751682192287419
1.650118925921766 1
	a 457 485 0.9917833481128457
15.94818537834883 1
	a 886 856 0.923355531989717
8.333803513035958 1
	a 220 75 0.9591872021547203
6.40209315323288 1
	a 418 523 0.968496445968822
31.26488748629886 1
	a 196 411 0.8552816599678631
4.602700129947267 1
	a 504 425 0.9772492901838444
6.328735126851674 1
	a 501 607 0.9688517460642906
12.93693056137279 1
	a 926 917 0.9373630115694558
22.43310672652257 1
	a 278 410 0.8938962753550455
6.392987881458542 1
	a 905 919 0.9685405390892792
6.265062054245591 1
	a 862 840 0.969160244007073
8.705248670722456 1
	a 547 401 0.9574074281795856
12.37730775780317 1
	a 819 852 0.9399895330916023
1.278597582319074 1
	a 510 531 0.9936274037579175
12.05795547373498 1
	a 658 482 0.9414916710723951
33.54112728507278 1
	a 824 925 0.8456027126897814
54.25377303308549 1
	a 718 535 0.7624114829563241
21.33083623356158 1
	a 944 954 0.8988364538230688
29.73440302128986 1
	a 340 83 0.8618517428997188
10.69955507296036 1
	a 554 690 0.9479080497510697
6.846711116319194 1
	a 459 563 0.9663457828279073
47.3108381703718 1
	a 874 961 0.7893431059676149
20.18633553766715 1
	a 740 588 0.9039947937900603
3.716832296335478 1
	a 728 757 0.9815874592603586
6.023137263655681 1
	a 720 700 0.9703332727712854
19.60680831966057 1
	a 36 163 0.9066180405014578
12.68561401826513 1
	a 563 351 0.9385416260862079
12.10009734560816 1
	a 107 194 0.9412933108644451
4.520525090608341 1
	a 529 460 0.9776509001783111
7.949698896064718 1
	a 697 765 0.9610311133894452
12.78481522357899 1
	a 908 911 0.938076219215331
21.37922568206782 1
	a 884 948 0.8986190091277128
1.010820149830644 1
	a 199 219 0.9949586497282615
12.10942014504987 1
	a 968 981 0.9412494344433157
7.443386192836144 1
	a 993 992 0.9634671068290531
0.9041050181216709 1
	a 553 537 0.9954896771040572
32.98494945312739 1
	a 484 742 0.8479575128084579
22.62035299355285 1
	a 806 587 0.893059773292506
11.69951152703009 1
	a 274 102 0.943180543987861
9.520594685531725 1
	a 212 363 0.9535122816492002
0.9041050181216709 1
	a 642 630 0.9954896771040572
8.335436417109188 1
	a 0 116 0.9591793708832427
26.46317841180404 1
	a 735 660 0.8760642096374971
4.520525090608341 1
	a 460 529 0.9776509001783111
20.41274016014765 1
	a 692 693 0.9029720297954594
7.675240428860709 1
	a 829 811 0.9623508343353896
17.01125463114491 1
	a 822 778 0.9184605982709269
2.654077009075358 1
	a 125 78 0.986817278310307
32.38412703593447 1
	a 653 793 0.8505087023320702
17.58440420194315 1
	a 276 49 0.9158322896161508
5.51072426250149 1
	a 431 522 0.9728225171346718
10.52653770111577 1
	a 931 934 0.9487284273464371
41.11156042463374 1
	a 320 127 0.8141930311211153
24.41083548928503 1
	a 332 415 0.8851004147233326
27.4686811583811 1
	a 785 591 0.8716708379148527
4.333278823578047 1
	a 331 268 0.9785666361893822
19.00723106603546 1
	a 22 152 0.909340056383894
26.34074752393339 1
	a 960 881 0.8766006604111943
2.712315054365001 1
	a 813 802 0.9865299685964932
12.71065100675313 1
	a 438 422 0.9384241421605314
3.438108532887474 1
	a 233 292 0.9829563716638375
6.023137263655681 1
	a 215 113 0.9703332727712854
17.36364755364769 1
	a 309 4 0.9168437280511406
3.012239990077456 1
	a 150 110 0.9850516526460312
2.999103314027322 1
	a 657 697 0.9851163562932524
37.12757525155637 1
	a 790 636 0.8305743112081689
32.76362457482803 1
	a 758 484 0.8488964026784852
9.041050181216679 1
	a 654 665 0.9558012826194622
29.84138857080975 1
	a 622 545 0.8613908377745855
44.64296614610892 1
	a 368 389 0.7999429784991859
2.712315054365001 1
	a 171 129 0.9865299685964932
2.712315054365001 1
	a 559 517 0.9865299685964932
5.424630108730006 1
	a 614 691 0.973241378938998
27.46454526970204 1
	a 707 617 0.8716888637689864
54.10643356977627 1
	a 217 281 0.7629733563898355
5.11439029913947 1
	a 846 861 0.9747522415608111
22.62035299355285 1
	a 587 806 0.893059773292506
9.123855080384898 1
	a 364 504 0.9554056393839486
4.520525090608341 1
	a 561 575 0.9776509001783111
10.36990238069438 1
	a 614 597 0.9494717402871466
9.035417908322115 1
	a 468 553 0.9558281996667543
13.21604122149488 1
	a 415 562 0.9360557838899011
6.004238424956706 1
	a 488 464 0.9704249679635806
2.557195164638154 1
	a 427 424 0.9872954174986995
8.058147197093438 1
	a 122 24 0.9605101436904928
16.00337616781173 1
	a 309 28 0.9231007635396862
22.11258956341219 1
	a 685 804 0.895329969348489
10.69955507296036 1
	a 731 730 0.9479080497510697
38.53617225608429 1
	a 922 928 0.824745140251665
75.29582519515728 1
	a 918 896 0.6862734428257197
17.82911764418779 1
	a 500 645 0.9147123925299923
6.566659915746747 1
	a 671 570 0.9676998621187332
8.853803914186384 1
	a 625 486 0.9566965527550114
9.691626974261686 1
	a 210 251 0.9526972232628116
5.835890966488555 1
	a 392 298 0.971242154728572
12.85776893419609 1
	a 554 337 0.9377341009109569
12.09747583283445 1
	a 30 254 0.9413056490074977
4.84135585761266 1
	a 658 608 0.9760838549643137
2.712315054365001 1
	a 992 981 0.9865299685964932
3.658938715057739 1
	a 941 951 0.9818716384555221
2.654077009075358 1
	a 826 813 0.986817278310307
48.93037740158145 1
	a 495 0 0.7829770552912109
16.40216956805455 1
	a 41 317 0.9212619649394984
6.581983893067228 1
	a 706 764 0.9676257199054527
6.514031480452543 1
	a 473 474 0.967954538273171
47.73935537924287 1
	a 748 394 0.7876536809600827
2.001419840246826 1
	a 698 674 0.990042805211115
14.38850965270406 1
	a 751 695 0.9305843579627501
10.36990238069438 1
	a 4 161 0.9494717402871466
5.51072426250149 1
	a 122 215 0.9728225171346718
12.16348900045894 1
	a 881 894 0.9409950074384337
20.15502794800496 1
	a 742 525 0.9041363143567446
31.39454310750614 1
	a 10 194 0.8547273792766419
9.81817907417326 1
	a 548 385 0.952094584774915
8.325714816943993 1
	a 568 594 0.9592259958080578
3.835792746957224 1
	a 274 218 0.981003782431322
3.616420072486676 1
	a 641 586 0.9820803998915988
9.864624033880197 1
	a 963 942 0.951873510472241
1.801036897166395 1
	a 327 305 0.9910352407514
18.96609278086921 1
	a 414 614 0.9095271190745933
5.51072426250149 1
	a 355 270 0.9728225171346718
4.515512129651196 1
	a 151 117 0.9776754051143772
24.74630935212069 1
	a 767 818 0.8836170188968322
15.75225702096636 1
	a 91 309 0.9242605328689927
17.8788129819822 1
	a 972 935 0.9144851360584718
2.811857046997037 1
	a 341 391 0.9860390849711355
8.904562147976938 1
	a 512 653 0.9564537824263405
5.662461654260877 1
	a 995 997 0.9720847292880961
10.24092260812497 1
	a 210 295 0.9500842510152709
2.654077009075358 1
	a 813 826 0.986817278310307
45.30465134600642 1
	a 601 853 0.7973007994879172
16.88980433557691 1
	a 376 258 0.9190185042040216
23.47257633698844 1
	a 949 954 0.889262437554208
34.99564827385937 1
	a 2 309 0.8394752864032303
12.31529067408512 1
	a 52 27 0.9402810553355041
2.811857046997037 1
	a 518 478 0.9860390849711355
9.041050181216679 1
	a 731 628 0.9558012826194622
13.21604122149488 1
	a 562 415 0.9360557838899011
10.52653770111577 1
	a 174 347 0.9487284273464371
4.515512129651196 1
	a 241 167 0.9776754051143772
2.654077009075358 1
	a 626 585 0.986817278310307
1.801036897166395 1
	a 179 210 0.9910352407514
18.67281054581957 1
	a 921 918 0.9108618381905319
2.557195164638154 1
	a 814 826 0.9872954174986995
15.75225702096636 1
	a 309 91 0.9242605328689927
15.36978530806835 1
	a 988 991 0.9260297415563544
14.30583105700686 1
	a 869 917 0.9309691345287064
13.7414360255096 1
	a 751 833 0.933600016694862
5.424630108730006 1
	a 485 570 0.973241378938998
9.084102155337925 1
	a 667 618 0.9555955591018436
6.521944930855156 1
	a 264 157 0.967916239729707
4.023039013987514 1
	a 567 506 0.9800857657553526
12.93693056137279 1
	a 227 391 0.9373630115694558
10.05187033104732 1
	a 989 963 0.9509827535636006
4.520525090608341 1
	a 685 620 0.9776509001783111
8.136945163095014 1
	a 811 764 0.9601317870014974
16.00337616781173 1
	a 932 969 0.9231007635396862
1.278597582319074 1
	a 122 100 0.9936274037579175
9.558653197227386 1
	a 757 700 0.9533308526204293
6.023137263655681 1
	a 300 204 0.9703332727712854
6.846711116319194 1
	a 756 699 0.9663457828279073
17.80691716464682 1
	a 736 741 0.9148139334343112
13.82190287896412 1
	a 680 526 0.9332244729683403
14.45113510868881 1
	a 63 46 0.9302930122305305
12.59448487351088 1
	a 276 128 0.9389693660062477
5.51072426250149 1
	a 658 611 0.9728225171346718
82.40208717185766 1
	a 410 165 0.66231736416524
21.82060830534679 1
	a 287 447 0.896638021787327
69.41774835701798 1
	a 217 329 0.7067426078742094
5.51072426250149 1
	a 215 122 0.9728225171346718
24.41083548928503 1
	a 992 939 0.8851004147233326
5.515046577635295 1
	a 910 930 0.9728014931344119
12.29191244707387 1
	a 628 675 0.9403909722793672
1.801036897166395 1
	a 34 81 0.9910352407514
6.284915657980528 1
	a 708 762 0.9690640421648343
6.837268101046925 1
	a 88 200 0.9663914099949715
7.513140667572952 1
	a 541 534 0.96313113471154
4.378040821930585 1
	a 103 50 0.9783476477054169
5.237383841699717 1
	a 932 912 0.9741529846849716
7.949698896064718 1
	a 370 418 0.9610311133894452
9.76840079981185 1
	a 729 764 0.9523315823943176
5.51072426250149 1
	a 222 309 0.9728225171346718
5.424630108730006 1
	a 898 895 0.973241378938998
10.88717988876173 1
	a 302 258 0.9470192113704445
12.56455402483346 1
	a 957 981 0.9391098972715689
14.96613728579389 1
	a 214 14 0.9279005791898248
5.424630108730006 1
	a 151 241 0.973241378938998
1.278597582319074 1
	a 407 431 0.9936274037579175
33.84157871127413 1
	a 366 518 0.8443333536751818
6.265062054245591 1
	a 592 570 0.969160244007073
4.654109560445545 1
	a 739 775 0.9769981233187751
4.725640872774471 1
	a 689 622 0.9766487560097351
16.94487695851395 1
	a 890 892 0.9187654752452705
17.00916090474394 1
	a 402 279 0.9184702133472693
5.256394638736764 1
	a 483 563 0.9740603919623205
6.328735126851674 1
	a 292 183 0.9688517460642906
3.429173805456379 1
	a 447 504 0.9830002848809992
5.515046577635295 1
	a 331 429 0.9728014931344119
5.51072426250149 1
	a 270 355 0.9728225171346718
13.86858908402673 1
	a 546 644 0.9330066548465109
15.53093681387626 1
	a 826 725 0.9252838866494377
2.999103314027322 1
	a 697 657 0.9851163562932524
9.035417908322115 1
	a 417 547 0.9558281996667543
1.881568062624541 1
	a 488 514 0.9906362749650008
16.27453329554207 1
	a 771 848 0.9218500847991665
16.11173872954789 1
	a 3 174 0.9226007511910769
4.41545383278015 1
	a 659 701 0.9781646501663815
7.544439246321797 1
	a 235 111 0.9629804233261519
30.13027577054531 1
	a 185 413 0.8601475120079928
21.16525958574248 1
	a 950 980 0.8995808935699521
7.997282274673643 1
	a 613 659 0.9608024950499893
1.278597582319074 1
	a 387 367 0.9936274037579175
0.9041050181216709 1
	a 527 542 0.9954896771040572
1.80821003624333 1
	a 801 807 0.9909996972207403
2.712315054365001 1
	a 949 944 0.9865299685964932
9.945155199338348 1
	a 632 740 0.9514903102104922
27.1949021260982 1
	a 72 18 0.8728648809806508
15.60512929905237 1
	a 742 835 0.9249407047519482
2.712315054365001 1
	a 536 581 0.9865299685964932
1.801036897166395 1
	a 274 256 0.9910352407514
12.37730775780317 1
	a 130 277 0.9399895330916023
4.178158903714367 1
	a 690 728 0.9793259064871245
11.82218332875122 1
	a 307 507 0.9426022130848302
2.001419840246826 1
	a 411 447 0.990042805211115
10.79021112969544 1
	a 283 190 0.9474784790866917
4.515512129651196 1
	a 495 563 0.9776754051143772
39.636524931344 1
	a 923 904 0.820220047054577
16.27389032619002 1
	a 59 331 0.9218530484106888
13.11091749543881 1
	a 54 185 0.936547921575933
2.712315054365001 1
	a 600 640 0.9865299685964932
8.548250532957281 1
	a 366 364 0.9581592791555188
4.018237914972951 1
	a 550 615 0.9801092934817696
7.671585463777614 1
	a 428 301 0.9623684212895742
5.029058064803587 1
	a 913 917 0.9751682192287419
43.85144676426304 1
	a 822 768 0.8031151032136349
5.424630108730006 1
	a 201 287 0.973241378938998
6.265062054245591 1
	a 635 710 0.969160244007073
8.333803513035958 1
	a 881 882 0.9591872021547203
24.11844485246742 1
	a 782 801 0.8863953364196865
31.65258851248485 1
	a 581 671 0.8536252980333695
1.278597582319074 1
	a 890 894 0.9936274037579175
13.3038169503264 1
	a 210 268 0.9356450591323665
8.043428939998254 1
	a 381 435 0.9605808314676499
37.24229291814906 1
	a 139 445 0.8300980400784403
33.19611644031664 1
	a 41 423 0.8470626821221157
21.10626760727821 1
	a 813 814 0.8998462729896723
51.87959777602309 1
	a 952 969 0.7715159071815179
7.514058786218862 1
	a 681 591 0.9631267133784222
11.54139540313634 1
	a 239 32 0.9439264990765629
18.10415169478317 1
	a 382 86 0.913455371764633
23.52990548550337 1
	a 193 148 0.8890075707924328
35.18200990426625 1
	a 274 226 0.8386934208188633
1.278597582319074 1
	a 593 613 0.9936274037579175
22.08054503774974 1
	a 47 130 0.8954734329621363
4.515512129651196 1
	a 731 689 0.9776754051143772
1.278597582319074 1
	a 118 136 0.9936274037579175
3.250862265857187 1
	a 871 853 0.9838770771494869
8.556060885251004 1
	a 449 360 0.9581218620785064
1.80821003624333 1
	a 788 800 0.9909996972207403
28.91383929587367 1
	a 606 616 0.8653950280420338
1.278597582319074 1
	a 531 510 0.9936274037579175
11.02728416125295 1
	a 212 330 0.9463560364934274
5.662461654260877 1
	a 997 995 0.9720847292880961
0.9041050181216709 1
	a 542 527 0.9954896771040572
1.801036897166395 1
	a 657 631 0.9910352407514
2.908496078963211 1
	a 556 577 0.9855627507483367
4.520525090608341 1
	a 658 588 0.9776509001783111
30.93079099732149 1
	a 574 617 0.8567115869677295
24.48530924153226 1
	a 975 936 0.884770892334062
19.54206026618794 1
	a 514 230 0.9069115967837168
10.23780673072735 1
	a 54 234 0.9500990528607903
4.610049117450235 1
	a 532 458 0.9772133818794684
11.57467128969665 1
	a 59 210 0.9437694621852569
16.03950339064135 1
	a 150 179 0.9229340332640011
4.003965020009698 1
	a 558 627 0.9801792409626143
12.27851023537989 1
	a 613 408 0.9404539909852466
7.269919902713232 1
	a 737 676 0.9643031146479676
6.665768872211933 1
	a 504 610 0.9672204422980087
40.59683116669679 1
	a 677 826 0.8162911747764493
15.56634313350128 1
	a 504 471 0.9251200966626941
37.41113914121889 1
	a 685 410 0.8293975412172885
13.55011097910056 1
	a 315 97 0.9344935493472689
5.835890966488555 1
	a 317 423 0.971242154728572
8.27952149980044 1
	a 538 644 0.959447570548437
22.20911775210315 1
	a 283 109 0.894897950710707
4.520525090608341 1
	a 599 669 0.9776509001783111
4.827538902810058 1
	a 981 989 0.9761512898261859
8.64547813729026 1
	a 781 709 0.9576935947017411
2.712315054365001 1
	a 982 992 0.9865299685964932
37.92490230267031 1
	a 840 484 0.8272697058815314
40.67615860673384 1
	a 639 410 0.8159674675317615
5.11439029913947 1
	a 980 970 0.9747522415608111
19.18715667418668 1
	a 807 800 0.9085223564386373
16.41406963939774 1
	a 886 817 0.9212071511546917
7.777405441108145 1
	a 170 300 0.9618593669491244
24.37467598990625 1
	a 678 735 0.8852604531296501
16.08728702851179 1
	a 974 957 0.9227135538751992
12.29006771119488 1
	a 142 21 0.940399646184204
2.712315054365001 1
	a 376 424 0.9865299685964932
20.75730898796045 1
	a 721 533 0.9014176890540708
33.74411356841605 1
	a 362 405 0.844744919304973
1.801036897166395 1
	a 572 543 0.9910352407514
10.55714864772466 1
	a 246 343 0.9485832310820291
39.636524931344 1
	a 904 923 0.820220047054577
5.51072426250149 1
	a 505 410 0.9728225171346718
13.75214888641666 1
	a 763 715 0.9335500103985418
5.256394638736764 1
	a 989 974 0.9740603919623205
6.837268101046925 1
	a 200 88 0.9663914099949715
8.87635030430731 1
	a 407 279 0.9565887085653398
4.602700129947267 1
	a 439 514 0.9772492901838444
33.46394040407667 1
	a 938 969 0.8459291228519576
7.949698896064718 1
	a 94 144 0.9610311133894452
13.7414360255096 1
	a 833 751 0.933600016694862
2.712315054365001 1
	a 836 823 0.9865299685964932
31.17659653815435 1
	a 216 248 0.8556593114631973
3.540474196175259 1
	a 53 124 0.9824533954887007
8.136945163095014 1
	a 526 642 0.9601317870014974
15.59089528060488 1
	a 313 511 0.9250065352097717
26.88028394686274 1
	a 581 270 0.8742390573473007
2.654077009075358 1
	a 766 785 0.986817278310307
2.767965249724438 1
	a 871 886 0.9862555038559035
30.13846904145103 1
	a 575 771 0.860112275621827
13.82190287896412 1
	a 818 848 0.9332244729683403
2.712315054365001 1
	a 234 186 0.9865299685964932
1.80821003624333 1
	a 996 994 0.9909996972207403
7.115133266096057 1
	a 110 195 0.9650497096970222
1.278597582319074 1
	a 816 822 0.9936274037579175
2.712315054365001 1
	a 128 171 0.9865299685964932
6.265062054245591 1
	a 431 318 0.969160244007073
8.904562147976938 1
	a 653 512 0.9564537824263405
5.515046577635295 1
	a 765 763 0.9728014931344119
15.53093681387626 1
	a 725 826 0.9252838866494377
55.81532161227529 1
	a 828 922 0.7564819483796402
3.250862265857187 1
	a 499 445 0.9838770771494869
1.801036897166395 1
	a 404 438 0.9910352407514
8.368814618220709 1
	a 660 565 0.9590193058306061
5.636829644123617 1
	a 115 180 0.9722093196998592
25.55395103601804 1
	a 489 785 0.8800559841509535
4.812444748985172 1
	a 282 359 0.9762249634948802
6.328735126851674 1
	a 897 914 0.9688517460642906
2.712315054365001 1
	a 658 682 0.9865299685964932
5.306923229852712 1
	a 390 303 0.9738143335497531
29.48376925829188 1
	a 745 781 0.8629324656496559
6.389005268716883 1
	a 110 153 0.9685598258907672
9.520594685531725 1
	a 964 989 0.9535122816492002
18.4384749332991 1
	a 509 539 0.9119297004976549
0.9041050181216709 1
	a 861 858 0.9954896771040572
7.115133266096057 1
	a 195 110 0.9650497096970222
13.02787297830394 1
	a 995 979 0.9369368781717311
3.616420072486676 1
	a 423 357 0.9820803998915988
2.654077009075358 1
	a 885 870 0.986817278310307
12.29866975811614 1
	a 241 160 0.9403592002445988
3.012239990077456 1
	a 238 287 0.9850516526460312
15.52366913555126 1
	a 567 454 0.9253175105885914
90.14362691758109 1
	a 576 622 0.6371704131704505
16.66912372251349 1
	a 393 454 0.9200331116962117
7.514058786218862 1
	a 591 681 0.9631267133784222
12.06880871201452 1
	a 197 394 0.9414405812914097
15.8161298706446 1
	a 910 844 0.9239654042278721
23.86754000864818 1
	a 420 399 0.8875080386469315
10.03124935310983 1
	a 765 821 0.9510808095904425
6.566659915746747 1
	a 399 510 0.9676998621187332
19.55596320137778 1
	a 489 472 0.906848555309131
6.392987881458542 1
	a 624 704 0.9685405390892792
11.2273422895372 1
	a 745 816 0.9454098787019549
25.97971223142556 1
	a 384 340 0.8781845084228883
17.95620901260585 1
	a 360 262 0.9141313169254022
22.66752117700061 1
	a 935 963 0.8928491780908825
2.712315054365001 1
	a 641 604 0.9865299685964932
7.059062390671677 1
	a 340 228 0.9653203035365874
6.846711116319194 1
	a 915 895 0.9663457828279073
18.67281054581957 1
	a 842 890 0.9108618381905319
7.443386192836144 1
	a 992 993 0.9634671068290531
9.212097327405774 1
	a 989 987 0.9549841966612392
2.654077009075358 1
	a 776 797 0.986817278310307
23.12361714507083 1
	a 615 773 0.8908153734464326
27.46806027932832 1
	a 464 348 0.8716735439298737
25.52134301183461 1
	a 984 992 0.8801994802825188
3.012239990077456 1
	a 639 685 0.9850516526460312
63.46372823433502 1
	a 949 707 0.7280987159311052
7.997282274673643 1
	a 318 437 0.9608024950499893
66.06369956079021 1
	a 346 420 0.7186947942618666
24.29335400378876 1
	a 679 555 0.8856204820117479
17.46344938606193 1
	a 276 87 0.9163863287633647
2.712315054365001 1
	a 395 445 0.9865299685964932
10.88779329387969 1
	a 992 964 0.9470163068427434
13.09260545103343 1
	a 557 731 0.9366336760373601
12.27851023537989 1
	a 431 458 0.9404539909852466
5.51072426250149 1
	a 321 243 0.9728225171346718
9.134368676545963 1
	a 381 523 0.9553554169586935
27.65301358534848 1
	a 996 955 0.8708678220210206
8.368814618220709 1
	a 467 473 0.9590193058306061
16.85274495033678 1
	a 861 871 0.9191888112861742
1.801036897166395 1
	a 82 35 0.9910352407514
5.306923229852712 1
	a 581 500 0.9738143335497531
8.950183046096694 1
	a 790 721 0.9562356359045654
5.499456130429141 1
	a 144 92 0.9728773281417317
23.4265897585257 1
	a 770 819 0.8894669317475705
3.658938715057739 1
	a 629 681 0.9818716384555221
8.138468549913707 1
	a 951 954 0.9601244737688071
33.15551459079449 1
	a 234 519 0.8472346611359669
11.86424084762621 1
	a 958 945 0.9424040163728733
35.03891364690172 1
	a 677 760 0.8392937049872774
6.175897891337746 1
	a 771 715 0.9695924121440928
33.63871647113933 1
	a 630 542 0.8451902049363703
11.58347995475138 1
	a 617 649 0.9437278963552059
10.88542414695338 1
	a 993 984 0.9470275250130495
0.9041050181216709 1
	a 346 325 0.9954896771040572
3.250862265857187 1
	a 445 499 0.9838770771494869
37.0553411181232 1
	a 956 824 0.830874344464623
13.511550478162 1
	a 157 309 0.9346737394141923
43.17968667009613 1
	a 905 625 0.8058171418645269
4.84135585761266 1
	a 354 438 0.9760838549643137
15.20837055701599 1
	a 904 949 0.9267774175316006
6.173615237124822 1
	a 841 815 0.9696034784282659
16.31149618263995 1
	a 283 240 0.9216797293386976
0.9041050181216709 1
	a 578 597 0.9954896771040572
7.457166169743509 1
	a 286 408 0.9634007263434677
22.61067946163779 1
	a 234 432 0.8931029695482434
9.286659531260621 1
	a 768 797 0.9546282343869431
4.5579381014579 1
	a 603 670 0.9774680329641998
48.62076696963084 1
	a 637 225 0.7841900832857466
1.801036897166395 1
	a 792 782 0.9910352407514
28.86906180718849 1
	a 154 182 0.8655888008132515
3.529586029305191 1
	a 641 691 0.9825068825271878
5.494169496883009 1
	a 456 542 0.9729030447112115
9.945155199338348 1
	a 923 954 0.9514903102104922
5.424630108730006 1
	a 782 807 0.973241378938998
15.39626214407138 1
	a 627 417 0.9259071579825908
5.515046577635295 1
	a 91 44 0.9728014931344119
7.256139895669023 1
	a 309 188 0.9643695574554602
4.654109560445545 1
	a 217 291 0.9769981233187751
14.84017285414409 1
	a 812 745 0.9284851756118162
7.86248669589099 1
	a 573 690 0.9614502729615451
0.9041050181216709 1
	a 652 637 0.9954896771040572
5.029058064803587 1
	a 554 636 0.9751682192287419
5.216304331833879 1
	a 436 350 0.9742556634331783
7.098774630992835 1
	a 241 153 0.9651286474055482
8.27952149980044 1
	a 304 324 0.959447570548437
8.896855858170815 1
	a 919 946 0.9564906366865277
33.0963212681427 1
	a 475 48 0.8474854514202037
12.75082406940201 1
	a 865 911 0.9382356642312331
1.801036897166395 1
	a 256 274 0.9910352407514
13.92283770565024 1
	a 719 693 0.9327536175404201
29.65684964625623 1
	a 863 664 0.8621860052606684
24.4372716104254 1
	a 555 400 0.8849834293461769
2.712315054365001 1
	a 171 128 0.9865299685964932
61.94838059690774 1
	a 499 127 0.733636281125735
20.80373969294492 1
	a 502 563 0.9012084460493199
5.11439029913947 1
	a 903 894 0.9747522415608111
0.9041050181216709 1
	a 630 642 0.9954896771040572
16.58941583508484 1
	a 402 310 0.9203998542505316
3.250862265857187 1
	a 759 786 0.9838770771494869
37.18457054422494 1
	a 165 639 0.8303376508013419
14.82451465933524 1
	a 616 370 0.9285578704662388
1.801036897166395 1
	a 772 785 0.9910352407514
6.201759001686598 1
	a 143 16 0.9694670465676806
25.39739512615407 1
	a 378 353 0.8807451436724034
57.70643376911314 1
	a 955 649 0.7493626986268405
17.58321159701375 1
	a 561 771 0.9158377507629487
24.41083548928503 1
	a 939 992 0.8851004147233326
10.84926021746001 1
	a 212 8 0.9471987816790822
6.389005268716883 1
	a 630 526 0.9685598258907672
2.811857046997037 1
	a 799 777 0.9860390849711355
4.812444748985172 1
	a 359 282 0.9762249634948802
1.801036897166395 1
	a 654 679 0.9910352407514
28.35899336130415 1
	a 722 591 0.8677991658809042
21.53009335493661 1
	a 898 960 0.8979414019388796
12.59448487351088 1
	a 212 140 0.9389693660062477
25.44962304292524 1
	a 107 134 0.8805151762802031
4.515512129651196 1
	a 689 731 0.9776754051143772
10.93720296462521 1
	a 210 37 0.9467823769203756
16.57515128802459 1
	a 705 820 0.9204655020267692
23.17499122506289 1
	a 432 361 0.8905865787317175
8.136945163095014 1
	a 828 867 0.9601317870014974
27.35547159923229 1
	a 297 340 0.8721643849436944
38.41834449836608 1
	a 982 949 0.8252311727607332
10.07900360756717 1
	a 248 76 0.9508537459247081
47.73935537924287 1
	a 394 748 0.7876536809600827
4.654109560445545 1
	a 826 845 0.9769981233187751
35.35691408300998 1
	a 587 304 0.8379602865162898
21.90004788454289 1
	a 371 514 0.896281949771826
10.23780673072735 1
	a 234 54 0.9500990528607903
3.012239990077456 1
	a 719 696 0.9850516526460312
6.50920093775122 1
	a 33 87 0.9679779172841535
9.256213613954358 1
	a 152 288 0.9547735681101206
3.538860127623241 1
	a 616 614 0.982461324256342
2.712315054365001 1
	a 394 444 0.9865299685964932
2.811857046997037 1
	a 347 394 0.9860390849711355
25.03716301040749 1
	a 956 925 0.8823329366108635
21.3331067124936 1
	a 405 564 0.8988262499348295
29.62141201446076 1
	a 753 845 0.8623387879468783
9.024851030238651 1
	a 170 2 0.9558787016011351
13.40349356419563 1
	a 835 758 0.9351788656570947
12.31529067408512 1
	a 365 165 0.9402810553355041
25.27241565664784 1
	a 548 333 0.8812956909763946
17.29133892196101 1
	a 762 719 0.917175266557498
16.58656470977335 1
	a 737 802 0.9204129752206609
12.59448487351088 1
	a 431 437 0.9389693660062477
9.520594685531725 1
	a 363 212 0.9535122816492002
1.278597582319074 1
	a 816 809 0.9936274037579175
2.671784809960295 1
	a 681 642 0.9867299103587291
9.914258043217545 1
	a 703 737 0.9516373132884525
10.88542414695338 1
	a 580 593 0.9470275250130495
2.712315054365001 1
	a 331 295 0.9865299685964932
24.02634286057686 1
	a 165 339 0.8868036243032232
2.654077009075358 1
	a 173 132 0.986817278310307
13.57678337301901 1
	a 883 929 0.9343689317567651
24.37886012765646 1
	a 685 622 0.8852419330649735
6.389005268716883 1
	a 934 920 0.9685598258907672
1.278597582319074 1
	a 271 295 0.9936274037579175
31.99000999835055 1
	a 633 612 0.8521863546185665
22.8235275115609 1
	a 766 755 0.8921529990091028
2.712315054365001 1
	a 156 202 0.9865299685964932
7.443386192836144 1
	a 833 869 0.9634671068290531
9.286659531260621 1
	a 90 55 0.9546282343869431
3.716832296335478 1
	a 181 124 0.9815874592603586
1.801036897166395 1
	a 987 992 0.9910352407514
12.16268937984407 1
	a 567 365 0.9409987696409867
19.17896367451246 1
	a 84 287 0.9085595748178091
16.11107927534766 1
	a 967 930 0.9226037932607947
4.378040821930585 1
	a 50 103 0.9783476477054169
1.278597582319074 1
	a 859 867 0.9936274037579175
3.816718752979413 1
	a 623 560 0.9810973451939815
5.216304331833879 1
	a 942 929 0.9742556634331783
5.51072426250149 1
	a 559 477 0.9728225171346718
2.712315054365001 1
	a 262 290 0.9865299685964932
4.712003171860111 1
	a 438 516 0.9767153544984992
1.278597582319074 1
	a 822 816 0.9936274037579175
114.7773960496347 1
	a 499 419 0.5633315191127787
2.712315054365001 1
	a 990 981 0.9865299685964932
3.250862265857187 1
	a 573 520 0.9838770771494869
7.446270378254452 1
	a 586 692 0.9634532128403328
22.08224318806845 1
	a 605 492 0.895465829751937
10.06888585871987 1
	a 44 7 0.95090184963841
23.28653970219874 1
	a 916 825 0.8900899993432011
12.97886373567096 1
	a 533 497 0.9371664991384268
5.029058064803587 1
	a 156 223 0.9751682192287419
23.23244688800669 1
	a 176 188 0.8903307692662835
6.328735126851674 1
	a 518 453 0.9688517460642906
1.278597582319074 1
	a 785 773 0.9936274037579175
3.529586029305191 1
	a 372 433 0.9825068825271878
11.53485899508683 1
	a 316 258 0.9439573490245133
20.79951685949994 1
	a 804 620 0.9012274745160387
27.4371501342321 1
	a 849 946 0.8718082721193724
25.32870704328613 1
	a 713 867 0.8810476790979462
9.158394845486875 1
	a 438 287 0.9552406561987526
0.9041050181216709 1
	a 637 652 0.9954896771040572
19.57206326244582 1
	a 455 396 0.9067755566617774
2.712315054365001 1
	a 406 359 0.9865299685964932
9.234459581471329 1
	a 453 604 0.9548774246343368
23.15268092689904 1
	a 501 599 0.8906859305335965
4.654109560445545 1
	a 790 757 0.9769981233187751
20.49644868214465 1
	a 175 36 0.9025941766047116
9.041050181216679 1
	a 943 913 0.9558012826194622
25.89374564687214 1
	a 410 334 0.8785620621735756
19.7852391408485 1
	a 49 232 0.9058095581931361
10.69955507296036 1
	a 224 27 0.9479080497510697
17.36364755364769 1
	a 299 295 0.9168437280511406
14.93006280242366 1
	a 409 467 0.9280679619550541
6.328735126851674 1
	a 658 675 0.9688517460642906
2.712315054365001 1
	a 912 900 0.9865299685964932
20.79936331233103 1
	a 0 362 0.9012281664209406
42.52204122237744 1
	a 903 867 0.8084712129427231
6.514031480452543 1
	a 474 473 0.967954538273171
2.001419840246826 1
	a 947 952 0.990042805211115
5.51072426250149 1
	a 175 269 0.9728225171346718
5.556298478665466 1
	a 391 435 0.9726008642713443
19.98105921658663 1
	a 85 234 0.9049231137415517
40.60714712550092 1
	a 930 836 0.816249071731636
15.60512929905237 1
	a 835 742 0.9249407047519482
26.35664413123552 1
	a 867 894 0.8765309882978098
16.30528901950121 1
	a 357 290 0.9217083348648015
20.41424992511741 1
	a 229 443 0.9029652134434908
16.18417140444305 1
	a 514 255 0.9222666794876507
6.141488859821383 1
	a 233 131 0.9697592401739961
5.256394638736764 1
	a 941 923 0.9740603919623205
4.654109560445545 1
	a 567 639 0.9769981233187751
22.59654263447977 1
	a 707 634 0.8931660999909516
13.11091749543881 1
	a 185 54 0.936547921575933
5.424630108730006 1
	a 503 488 0.973241378938998
0.9041050181216709 1
	a 537 553 0.9954896771040572
10.88542414695338 1
	a 621 697 0.9470275250130495
6.392987881458542 1
	a 744 790 0.9685405390892792
2.811857046997037 1
	a 339 388 0.9860390849711355
14.92550563094298 1
	a 667 714 0.928089109020222
3.835792746957224 1
	a 404 340 0.981003782431322
9.145119690684792 1
	a 522 458 0.9553040631409933
21.7177652444726 1
	a 570 216 0.8970992053442703
5.697970529531783 1
	a 569 658 0.9719121564311943
8.515051555597179 1
	a 62 215 0.9583183418980348
5.216304331833879 1
	a 350 436 0.9742556634331783
2.001419840246826 1
	a 210 242 0.990042805211115
15.47019753191716 1
	a 983 964 0.9255649347183394
2.712315054365001 1
	a 658 688 0.9865299685964932
17.12785648273221 1
	a 369 210 0.9179252833010394
7.059062390671677 1
	a 120 235 0.9653203035365874
2.744441431668442 1
	a 412 462 0.9863715131533709
20.02217468816959 1
	a 332 207 0.9047371011593554
7.286020898023116 1
	a 528 593 0.9642254865731014
4.023039013987514 1
	a 506 567 0.9800857657553526
3.250862265857187 1
	a 89 142 0.9838770771494869
6.379413648716464 1
	a 143 13 0.9686062772936068
5.256394638736764 1
	a 516 430 0.9740603919623205
2.712315054365001 1
	a 162 210 0.9865299685964932
6.50920093775122 1
	a 88 169 0.9679779172841535
5.499456130429141 1
	a 795 820 0.9728773281417317
23.04931303306182 1
	a 753 850 0.8911463911590076
1.278597582319074 1
	a 515 499 0.9936274037579175
9.945155199338348 1
	a 740 632 0.9514903102104922
6.665768872211933 1
	a 610 504 0.9672204422980087
27.30407823166651 1
	a 835 664 0.8723885310655871
1.278597582319074 1
	a 197 174 0.9936274037579175
7.671585463777614 1
	a 301 428 0.9623684212895742
16.11877043646316 1
	a 555 665 0.9225683144708831
19.82825880828378 1
	a 945 881 0.9056147410165468
6.665768872211933 1
	a 816 780 0.9672204422980087
15.54576705944636 1
	a 300 236 0.9252152782568622
66.06369956079021 1
	a 420 346 0.7186947942618666
4.654109560445545 1
	a 227 305 0.9769981233187751
3.616420072486676 1
	a 674 650 0.9820803998915988
2.712315054365001 1
	a 613 594 0.9865299685964932
9.084102155337925 1
	a 618 667 0.9555955591018436
10.07900360756717 1
	a 208 131 0.9508537459247081
12.90884911978359 1
	a 794 770 0.9374946333328481
9.036037220259526 1
	a 998 997 0.955825239892266
1.801036897166395 1
	a 976 981 0.9910352407514
7.511586179541625 1
	a 610 702 0.9631386206197394
1.801036897166395 1
	a 491 514 0.9910352407514
49.33784794973569 1
	a 445 613 0.7813834787316568
14.82389537753466 1
	a 125 209 0.9285607456656401
15.81904693534874 1
	a 426 593 0.9239519279918074
49.97960140108784 1
	a 598 412 0.7788802193463396
9.05806573902607 1
	a 766 686 0.9557199686186254
19.7852391408485 1
	a 232 49 0.9058095581931361
16.00337616781173 1
	a 28 309 0.9231007635396862
23.27902683059282 1
	a 927 980 0.8901234356306174
8.770921804449614 1
	a 521 661 0.9570931000593805
1.278597582319074 1
	a 274 260 0.9936274037579175
24.9690855600688 1
	a 48 476 0.882633322615118
7.127768887145147 1
	a 768 807 0.9649887416108403
46.70345689318808 1
	a 514 448 0.79174391075132
9.945155199338348 1
	a 461 319 0.9514903102104922
2.654077009075358 1
	a 803 814 0.986817278310307
7.256139895669023 1
	a 514 393 0.9643695574554602
16.71948363776989 1
	a 665 697 0.9198014769125152
26.93688598398526 1
	a 888 953 0.8739916737970944
50.06659875577244 1
	a 993 955 0.7785414904294834
2.712315054365001 1
	a 823 836 0.9865299685964932
28.17512811553645 1
	a 311 232 0.8685973232427472
26.55956164232375 1
	a 769 522 0.8756421218577876
3.616420072486676 1
	a 276 221 0.9820803998915988
27.8553330912409 1
	a 950 899 0.869987299725954
8.184528541703919 1
	a 632 682 0.9599033826015307
27.58171562252474 1
	a 495 149 0.8711783328727044
9.945155199338348 1
	a 954 923 0.9514903102104922
8.515051555597179 1
	a 967 962 0.9583183418980348
1.278597582319074 1
	a 316 302 0.9936274037579175
11.1280062520283 1
	a 665 657 0.9458795616892766
10.22878062841577 1
	a 586 691 0.9501419322846545
10.79021112969544 1
	a 190 283 0.9474784790866917
55.81532161227529 1
	a 922 828 0.7564819483796402
18.55032872669958 1
	a 198 186 0.9114198291069916
30.43421963388433 1
	a 948 906 0.8588413219912792
14.10790923846993 1
	a 204 2 0.9318908860608689
22.31366179615843 1
	a 834 677 0.8944302916948469
3.529586029305191 1
	a 333 395 0.9825068825271878
15.7623339645405 1
	a 353 613 0.9242139654359585
17.56142504688689 1
	a 326 299 0.9159375209222944
30.5820144948912 1
	a 581 815 0.8582068947638064
11.08982375739781 1
	a 57 113 0.946060159134307
22.20911775210315 1
	a 109 283 0.894897950710707
1.010820149830644 1
	a 852 857 0.9949586497282615
32.7513650916033 1
	a 952 869 0.8489484394293688
2.598426783579088 1
	a 597 553 0.9870918995356759
33.13363895618651 1
	a 958 997 0.8473273351835047
22.08054503774974 1
	a 130 47 0.8954734329621363
18.80449916770745 1
	a 809 794 0.9102622848970527
23.5617255821635 1
	a 201 84 0.8888661405093732
10.88717988876173 1
	a 147 116 0.9470192113704445
2.712315054365001 1
	a 973 980 0.9865299685964932
2.654077009075358 1
	a 243 200 0.986817278310307
1.278597582319074 1
	a 990 984 0.9936274037579175
10.77274891387026 1
	a 267 91 0.947561208066675
5.256394638736764 1
	a 510 511 0.9740603919623205
13.09260545103343 1
	a 731 557 0.9366336760373601
2.269197302872094 1
	a 514 480 0.9887181364487514
21.7173396219669 1
	a 945 979 0.89710111447436
29.65684964625623 1
	a 664 863 0.8621860052606684
78.3190615132018 1
	a 840 605 0.6759776216426744
21.21521696330796 1
	a 369 37 0.8993562181198571
11.1280062520283 1
	a 657 665 0.9458795616892766
12.73082828008454 1
	a 667 781 0.9383294727339531
1.727678870785183 1
	a 577 582 0.9913988093706936
10.07900360756717 1
	a 131 208 0.9508537459247081
2.841323276105651 1
	a 738 764 0.9858938214043831
3.250862265857187 1
	a 786 760 0.9838770771494869
1.278597582319074 1
	a 302 316 0.9936274037579175
2.841323276105651 1
	a 820 806 0.9858938214043831
5.424630108730006 1
	a 711 651 0.973241378938998
19.19602271977322 1
	a 897 861 0.9084820823281813
9.041050181216679 1
	a 665 654 0.9558012826194622
0.9041050181216709 1
	a 934 935 0.9954896771040572
4.5579381014579 1
	a 368 448 0.9774680329641998
1.010820149830644 1
	a 219 199 0.9949586497282615
3.658938715057739 1
	a 933 940 0.9818716384555221
3.658938715057739 1
	a 508 561 0.9818716384555221
1.278597582319074 1
	a 673 688 0.9936274037579175
16.68716164227737 1
	a 624 731 0.9199501380207048
14.12257186296967 1
	a 753 828 0.9318225687344927
14.08605985304433 1
	a 832 764 0.9319926978378004
5.424630108730006 1
	a 463 510 0.973241378938998
2.712315054365001 1
	a 655 691 0.9865299685964932
2.654077009075358 1
	a 613 568 0.986817278310307
20.02217468816959 1
	a 207 332 0.9047371011593554
19.75006481457114 1
	a 295 117 0.9059688784074037
10.3039895687269 1
	a 772 678 0.9497847036164766
10.69955507296036 1
	a 389 567 0.9479080497510697
29.42801298127698 1
	a 765 665 0.8631730686939221
14.08605985304433 1
	a 505 590 0.9319926978378004
11.38596269307322 1
	a 282 397 0.9446603694775482
11.53485899508683 1
	a 258 316 0.9439573490245133
6.328735126851674 1
