4.075814651140242 2
	a 0 6 0.8729644126806194
	a 6 0 0.8729644126806194
1.736729025303938 2
	a 0 22 0.9437528415494307
	a 22 0 0.9437528415494307
2.742305664384128 2
	a 0 13 0.9126432780476962
	a 13 0 0.9126432780476962
1.084926021746002 2
	a 0 24 0.9644819118512427
	a 24 0 0.9644819118512427
0.6981164340668319 2
	a 1 12 0.9769981233187751
	a 12 1 0.9769981233187751
0.4068472581547501 2
	a 1 5 0.9865299685964932
	a 5 1 0.9865299685964932
0.8678838813832842 2
	a 2 19 0.9714849879654753
	a 19 2 0.9714849879654753
0.7481213796110175 2
	a 3 17 0.9753709885101819
	a 17 3 0.9753709885101819
0.8266086393752234 2
	a 4 20 0.9728225171346718
	a 20 4 0.9728225171346718
0.3981115513613038 2
	a 4 9 0.986817278310307
	a 9 4 0.986817278310307
1.220541774464252 2
	a 5 25 0.9601317870014974
	a 25 5 0.9601317870014974
0.5753689120435835 2
	a 5 12 0.981003782431322
	a 12 5 0.981003782431322
0.8266086393752234 2
	a 6 22 0.9728225171346718
	a 22 6 0.9728225171346718
0.6981164340668319 2
	a 7 20 0.9769981233187751
	a 20 7 0.9769981233187751
4.170593779358923 2
	a 7 21 0.8702108045140107
	a 21 7 0.8702108045140107
0.5488408072586609 2
	a 7 19 0.9818716384555221
	a 19 7 0.9818716384555221
2.88852404199142 2
	a 8 27 0.9082059265558512
	a 27 8 0.9082059265558512
3.651173552946513 2
	a 8 39 0.8854088306569742
	a 39 8 0.8854088306569742
2.416981863109116 2
	a 8 40 0.9225939530731763
	a 40 8 0.9225939530731763
3.341840973563771 2
	a 8 45 0.8945855870943729
	a 45 8 0.8945855870943729
0.7671585448709205 2
	a 9 27 0.9747522415608111
	a 27 9 0.9747522415608111
4.619508958116898 2
	a 10 46 0.8572860530085463
	a 46 10 0.8572860530085463
0.4518359985116184 2
	a 10 23 0.9850516526460312
	a 23 10 0.9850516526460312
1.241928224970066 2
	a 10 22 0.959447570548437
	a 22 10 0.959447570548437
1.349584606851831 2
	a 10 32 0.9560107190848648
	a 32 10 0.9560107190848648
1.178824764141711 2
	a 11 34 0.9614678433130994
	a 34 11 0.9614678433130994
1.534943254795291 2
	a 11 31 0.9501221011123244
	a 31 11 0.9501221011123244
2.736967570687207 2
	a 11 25 0.9128056850073299
	a 25 11 0.9128056850073299
1.843510156679232 2
	a 12 31 0.940399646184204
	a 31 12 0.940399646184204
2.68422811431046 2
	a 12 44 0.9144117922008579
	a 44 12 0.9144117922008579
4.981971698339442 2
	a 12 14 0.8469905653636759
	a 14 12 0.8469905653636759
0.487629339878578 2
	a 12 25 0.9838770771494869
	a 25 12 0.9838770771494869
0.8272569866452942 2
	a 13 22 0.9728014931344119
	a 22 13 0.9728014931344119
0.9493102690277512 2
	a 13 32 0.9688517460642906
	a 32 13 0.9688517460642906
0.5488408072586609 2
	a 13 24 0.9818716384555221
	a 24 13 0.9818716384555221
2.95400151985846 2
	a 14 44 0.9062258537296367
	a 44 14 0.9062258537296367
1.768213081197247 2
	a 14 36 0.9427629221778077
	a 36 14 0.9427629221778077
1.675599139840163 2
	a 14 28 0.9456778522484259
	a 28 14 0.9456778522484259
5.53269285417374 2
	a 15 49 0.8315838902837133
	a 49 15 0.8315838902837133
3.666037450812214 2
	a 15 43 0.8849702517682004
	a 43 15 0.8849702517682004
1.090487985406985 2
	a 15 33 0.9643031146479676
	a 33 15 0.9643031146479676
0.7522177754760512 2
	a 16 21 0.975237814079835
	a 21 16 0.975237814079835
0.572507812946912 2
	a 16 19 0.9810973451939815
	a 19 16 0.9810973451939815
0.5294379043957786 2
	a 16 29 0.9825068825271878
	a 29 16 0.9825068825271878
0.3911042311720507 2
	a 17 24 0.9870478033865562
	a 24 17 0.9870478033865562
0.4068472581547501 2
	a 17 26 0.9865299685964932
	a 26 17 0.9865299685964932
3.179448491701141 2
	a 18 19 0.8994411828998289
	a 19 18 0.8994411828998289
1.907785025694843 2
	a 18 39 0.9383870008599716
	a 39 18 0.9383870008599716
1.583572297158699 2
	a 19 21 0.9485832310820291
	a 21 19 0.9485832310820291
1.804331113799363 2
	a 19 39 0.9416285804193901
	a 39 19 0.9416285804193901
1.506230154207823 2
	a 20 21 0.9510319014780169
	a 21 20 0.9510319014780169
0.4068472581547501 2
	a 20 29 0.9865299685964932
	a 29 20 0.9865299685964932
2.462725332253011 2
	a 20 39 0.9211882700916327
	a 39 20 0.9211882700916327
0.4068472581547501 2
	a 21 29 0.9865299685964932
	a 29 21 0.9865299685964932
0.6780787635912512 2
	a 22 32 0.9776509001783111
	a 32 22 0.9776509001783111
2.662300697087576 2
	a 23 46 0.9150803928118717
	a 46 23 0.9150803928118717
0.5753689120435835 2
	a 24 32 0.981003782431322
	a 32 24 0.981003782431322
0.6780787635912512 2
	a 24 26 0.9776509001783111
	a 26 24 0.9776509001783111
0.4217785570495555 2
	a 25 31 0.9860390849711355
	a 31 25 0.9860390849711355
0.4217785570495555 2
	a 26 32 0.9860390849711355
	a 32 26 0.9860390849711355
1.220541774464252 2
	a 27 37 0.9601317870014974
	a 37 27 0.9601317870014974
1.648983906454645 2
	a 27 40 0.9465172057446963
	a 40 27 0.9465172057446963
3.397982464110585 2
	a 28 32 0.8929130402942884
	a 32 28 0.8929130402942884
3.538775307504127 2
	a 28 41 0.8887323326680358
	a 41 28 0.8887323326680358
2.561361069603818 2
	a 28 47 0.9181645075244006
	a 47 28 0.9181645075244006
1.388432042093154 2
	a 29 39 0.9547735681101206
	a 39 29 0.9547735681101206
0.9872975839600842 2
	a 30 37 0.9676257199054527
	a 37 30 0.9676257199054527
2.270465085640592 2
	a 31 47 0.9271108238146223
	a 47 31 0.9271108238146223
1.834850738267215 2
	a 31 34 0.9406711291640917
	a 34 31 0.9406711291640917
4.619976113700288 2
	a 31 44 0.8572727035802769
	a 44 31 0.8572727035802769
2.059344055616256 2
	a 32 46 0.9336582548685839
	a 46 32 0.9336582548685839
3.003368913146494 2
	a 32 41 0.9047358131186
	a 41 32 0.9047358131186
2.239509420363549 2
	a 33 43 0.9280679619550541
	a 43 33 0.9280679619550541
0.5424630108730013 2
	a 33 35 0.9820803998915988
	a 35 33 0.9820803998915988
2.044883601053316 2
	a 34 43 0.93410840077417
	a 43 34 0.93410840077417
0.5424630108730013 2
	a 34 35 0.9820803998915988
	a 35 34 0.9820803998915988
0.9493102690277512 2
	a 35 43 0.9688517460642906
	a 43 35 0.9688517460642906
1.381814599110866 2
	a 36 47 0.9549841966612392
	a 47 36 0.9549841966612392
1.856596163670476 2
	a 36 44 0.9399895330916023
	a 44 36 0.9399895330916023
0.3981115513613038 2
	a 37 40 0.986817278310307
	a 40 37 0.986817278310307
0.6981164340668319 2
	a 38 43 0.9769981233187751
	a 43 38 0.9769981233187751
2.098997934451645 2
	a 38 48 0.9324249644169069
	a 48 38 0.9324249644169069
2.503074246341606 2
	a 38 47 0.9199501380207048
	a 47 38 0.9199501380207048
0.6773268194476793 2
	a 39 45 0.9776754051143772
	a 45 39 0.9776754051143772
2.851084659905319 2
	a 39 46 0.909340056383894
	a 46 39 0.909340056383894
0.8136945163095008 2
	a 40 46 0.973241378938998
	a 46 40 0.973241378938998
0.8136945163095008 2
	a 41 46 0.973241378938998
	a 46 41 0.973241378938998
1.935871965749386 2
	a 41 47 0.9375088646787151
	a 47 41 0.9375088646787151
0.6034558520981271 2
	a 42 46 0.9800857657553526
	a 46 42 0.9800857657553526
1.356157527182502 2
	a 43 49 0.9558012826194622
	a 49 43 0.9558012826194622
0.5310711294262889 2
	a 44 47 0.9824533954887007
	a 47 44 0.9824533954887007
0.3002129760370238 2
	a 45 46 0.990042805211115
	a 46 45 0.990042805211115
0.9779391025070049 2
	a 46 49 0.9679276172364559
	a 49 46 0.9679276172364559
1.220541774464252 2
	a 47 49 0.9601317870014974
	a 49 47 0.9601317870014974
0.4068472581547501 2
	a 47 48 0.9865299685964932
	a 48 47 0.9865299685964932
0.4068472581547501 2
	a 48 49 0.9865299685964932
	a 49 48 0.9865299685964932
