8.135382887705797 2
	a 0 563 0.7624796727151173
	a 563 0 0.7624796727151173
3.119904496849654 2
	a 0 362 0.9012281664209406
	a 362 0 0.9012281664209406
4.166832951112418 2
	a 0 220 0.8703199017979379
	a 220 0 0.8703199017979379
1.250315462566378 2
	a 0 116 0.9591793708832427
	a 116 0 0.9591793708832427
7.339556610237217 2
	a 0 495 0.7829770552912109
	a 495 0 0.7829770552912109
0.9569120473074697 2
	a 1 128 0.9686062772936068
	a 128 1 0.9686062772936068
5.249347241078905 2
	a 2 309 0.8394752864032303
	a 309 2 0.8394752864032303
6.005098634169356 2
	a 2 72 0.8185916179485306
	a 72 2 0.8185916179485306
3.229514003240491 2
	a 2 300 0.8979414019388796
	a 300 2 0.8979414019388796
1.353727654535798 2
	a 2 170 0.9558787016011351
	a 170 2 0.9558787016011351
5.834495481899927 2
	a 2 275 0.8232600231261975
	a 275 2 0.8232600231261975
2.11618638577049 2
	a 2 204 0.9318908860608689
	a 204 2 0.9318908860608689
1.048074475181108 2
	a 3 40 0.9656673948197082
	a 40 3 0.9656673948197082
2.416760809432184 2
	a 3 174 0.9226007511910769
	a 174 3 0.9226007511910769
0.4068472581547501 2
	a 3 58 0.9865299685964932
	a 58 3 0.9865299685964932
2.604547133047154 2
	a 4 309 0.9168437280511406
	a 309 4 0.9168437280511406
3.913956260276017 2
	a 4 423 0.8776870283114417
	a 423 4 0.8776870283114417
1.555485357104156 2
	a 4 161 0.9494717402871466
	a 161 4 0.9494717402871466
0.2701555345749592 2
	a 5 38 0.9910352407514
	a 38 5 0.9910352407514
0.4068472581547501 2
	a 6 68 0.9865299685964932
	a 68 6 0.9865299685964932
3.697805716638496 2
	a 7 189 0.884033615437374
	a 189 7 0.884033615437374
2.55657915871142 2
	a 7 309 0.9183108718844311
	a 309 7 0.9183108718844311
1.51033287880798 2
	a 7 44 0.95090184963841
	a 44 7 0.95090184963841
1.627389032619001 2
	a 8 212 0.9471987816790822
	a 212 8 0.9471987816790822
1.453744046139253 2
	a 8 133 0.9526972232628116
	a 133 8 0.9526972232628116
1.127108817932829 2
	a 9 154 0.9631267133784222
	a 154 9 0.9631267133784222
4.709181466125921 2
	a 10 194 0.8547273792766419
	a 194 10 0.8547273792766419
1.064816194648925 2
	a 10 149 0.9651286474055482
	a 149 10 0.9651286474055482
0.2591518306177774 2
	a 11 53 0.9913988093706936
	a 53 11 0.9913988093706936
1.661255938657022 2
	a 12 222 0.9461300952729973
	a 222 12 0.9461300952729973
0.9569120473074697 2
	a 13 143 0.9686062772936068
	a 143 13 0.9686062772936068
0.5753689120435835 2
	a 13 16 0.981003782431322
	a 16 13 0.981003782431322
1.841776535306984 2
	a 14 241 0.9404539909852466
	a 241 14 0.9404539909852466
2.244920592869084 2
	a 14 214 0.9279005791898248
	a 214 14 0.9279005791898248
1.927156565154648 2
	a 15 171 0.9377812630883801
	a 171 15 0.9377812630883801
0.8136945163095008 2
	a 15 128 0.973241378938998
	a 128 15 0.973241378938998
0.9302638502529895 2
	a 16 143 0.9694670465676806
	a 143 16 0.9694670465676806
0.4068472581547501 2
	a 17 88 0.9865299685964932
	a 88 17 0.9865299685964932
2.457969812186092 2
	a 18 309 0.9213343059760644
	a 309 18 0.9213343059760644
4.079235318914731 2
	a 18 72 0.8728648809806508
	a 72 18 0.8728648809806508
1.398041539263464 2
	a 19 122 0.9544677872893659
	a 122 19 0.9544677872893659
0.5308290191434861 2
	a 19 100 0.982461324256342
	a 100 19 0.982461324256342
0.2701555345749592 2
	a 20 60 0.9910352407514
	a 60 20 0.9910352407514
3.840668259842148 2
	a 20 122 0.8798337803402542
	a 122 20 0.8798337803402542
0.4217785570495555 2
	a 21 89 0.9860390849711355
	a 89 21 0.9860390849711355
1.843510156679232 2
	a 21 142 0.940399646184204
	a 142 21 0.940399646184204
2.851084659905319 2
	a 22 152 0.909340056383894
	a 152 22 0.909340056383894
0.3002129760370238 2
	a 22 73 0.990042805211115
	a 73 22 0.990042805211115
2.289316054992536 2
	a 23 297 0.926528442217226
	a 297 23 0.926528442217226
1.208722079564016 2
	a 24 122 0.9605101436904928
	a 122 24 0.9605101436904928
0.4217785570495555 2
	a 24 93 0.9860390849711355
	a 93 24 0.9860390849711355
3.399399870232219 2
	a 25 420 0.8928708539439028
	a 420 25 0.8928708539439028
4.455323952440088 2
	a 26 535 0.861990698987233
	a 535 26 0.861990698987233
11.14005524905692 2
	a 26 718 0.689812694858587
	a 718 26 0.689812694858587
1.604933260944054 2
	a 27 224 0.9479080497510697
	a 224 27 0.9479080497510697
1.847293601112768 2
	a 27 52 0.9402810553355041
	a 52 27 0.9402810553355041
1.130614557468996 2
	a 28 95 0.9630141709077124
	a 95 28 0.9630141709077124
2.40050642517176 2
	a 28 309 0.9231007635396862
	a 309 28 0.9231007635396862
1.45910641505591 2
	a 29 210 0.9525269480153429
	a 210 29 0.9525269480153429
1.362615323300689 2
	a 29 119 0.9555955591018436
	a 119 29 0.9555955591018436
0.4498654971040983 2
	a 30 47 0.9851163562932524
	a 47 30 0.9851163562932524
1.814621374925168 2
	a 30 254 0.9413056490074977
	a 254 30 0.9413056490074977
0.9056588220468618 2
	a 31 122 0.9702624981924419
	a 122 31 0.9702624981924419
1.481830990714321 2
	a 31 215 0.951805695529213
	a 215 31 0.951805695529213
2.301626222344578 2
	a 31 57 0.9261483295374004
	a 57 31 0.9261483295374004
1.731209310470452 2
	a 32 239 0.9439264990765629
	a 239 32 0.9439264990765629
1.58238540617301 2
	a 32 175 0.9486207606539543
	a 175 32 0.9486207606539543
2.443119864660818 2
	a 33 89 0.9217904777387615
	a 89 33 0.9217904777387615
0.9763801406626829 2
	a 33 87 0.9679779172841535
	a 87 33 0.9679779172841535
1.126737926931244 2
	a 33 172 0.9631386206197394
	a 172 33 0.9631386206197394
2.413093054276768 2
	a 33 257 0.9227135538751992
	a 257 33 0.9227135538751992
3.243369444286881 2
	a 33 276 0.8975267852192855
	a 276 33 0.8975267852192855
0.2701555345749592 2
	a 34 81 0.9910352407514
	a 81 34 0.9910352407514
2.226025928121614 2
	a 35 215 0.9284851756118162
	a 215 35 0.9284851756118162
0.2701555345749592 2
	a 35 82 0.9910352407514
	a 82 35 0.9910352407514
2.366721236665802 2
	a 35 244 0.9241409202381282
	a 244 35 0.9241409202381282
3.795324441280463 2
	a 35 286 0.8811646199527325
	a 286 35 0.8811646199527325
3.074467302321697 2
	a 36 175 0.9025941766047116
	a 175 36 0.9025941766047116
0.4068472581547501 2
	a 36 98 0.9865299685964932
	a 98 36 0.9865299685964932
3.363091916809471 2
	a 36 353 0.8939521185662649
	a 353 36 0.8939521185662649
2.941021247949086 2
	a 36 163 0.9066180405014578
	a 163 36 0.9066180405014578
3.30976525778503 2
	a 37 420 0.8955425810420168
	a 420 37 0.8955425810420168
3.182282544496195 2
	a 37 369 0.8993562181198571
	a 369 37 0.8993562181198571
1.640580444693782 2
	a 37 210 0.9467823769203756
	a 210 37 0.9467823769203756
0.5575248444503217 2
	a 38 118 0.9815874592603586
	a 118 38 0.9815874592603586
0.5575248444503217 2
	a 39 119 0.9815874592603586
	a 119 39 0.9815874592603586
1.090487985406985 2
	a 40 174 0.9643031146479676
	a 174 40 0.9643031146479676
4.979417466047495 2
	a 41 423 0.8470626821221157
	a 423 41 0.8470626821221157
2.573500139601705 2
	a 41 161 0.9177930605722641
	a 161 41 0.9177930605722641
2.460325435208182 2
	a 41 317 0.9212619649394984
	a 317 41 0.9212619649394984
4.839218294173052 2
	a 41 290 0.8510305292674142
	a 290 41 0.8510305292674142
0.6027356872459425 2
	a 42 126 0.9801092934817696
	a 126 42 0.9801092934817696
1.392998929689093 2
	a 43 215 0.9546282343869431
	a 215 43 0.9546282343869431
1.511850541135075 2
	a 43 62 0.9508537459247081
	a 62 43 0.9508537459247081
1.903296921810185 2
	a 44 267 0.9385273973064028
	a 267 44 0.9385273973064028
0.8272569866452942 2
	a 44 91 0.9728014931344119
	a 91 44 0.9728014931344119
0.572507812946912 2
	a 45 123 0.9810973451939815
	a 123 45 0.9810973451939815
5.29450156826984 2
	a 46 563 0.8382127054331294
	a 563 46 0.8382127054331294
2.167670266303321 2
	a 46 63 0.9302930122305305
	a 63 46 0.9302930122305305
2.585107487356334 2
	a 46 336 0.9174380244864535
	a 336 46 0.9174380244864535
4.436174117612828 2
	a 46 49 0.8625411072892863
	a 49 46 0.8625411072892863
2.552089680587133 2
	a 47 258 0.91844830672004
	a 258 47 0.91844830672004
3.312081755662462 2
	a 47 130 0.8954734329621363
	a 130 47 0.8954734329621363
1.864727250233053 2
	a 47 263 0.9397347964058796
	a 263 47 0.9397347964058796
3.74536283401032 2
	a 48 476 0.882633322615118
	a 476 48 0.882633322615118
4.964448190221405 2
	a 48 475 0.8474854514202037
	a 475 48 0.8474854514202037
4.881945551442842 2
	a 48 547 0.849819318654998
	a 547 48 0.849819318654998
4.130292226811703 2
	a 48 401 0.8713806183087934
	a 401 48 0.8713806183087934
2.921991532514533 2
	a 49 351 0.907193312380457
	a 351 49 0.907193312380457
2.312152689947419 2
	a 49 311 0.9258234175307859
	a 311 49 0.9258234175307859
2.967785871127275 2
	a 49 232 0.9058095581931361
	a 232 49 0.9058095581931361
2.637660630291472 2
	a 49 276 0.9158322896161508
	a 276 49 0.9158322896161508
1.064816194648925 2
	a 50 179 0.9651286474055482
	a 179 50 0.9651286474055482
0.6567061232895878 2
	a 50 103 0.9783476477054169
	a 103 50 0.9783476477054169
0.5310711294262889 2
	a 51 122 0.9824533954887007
	a 122 51 0.9824533954887007
1.465260119971778 2
	a 52 224 0.9523315823943176
	a 224 52 0.9523315823943176
0.5310711294262889 2
	a 53 124 0.9824533954887007
	a 124 53 0.9824533954887007
0.5784051408027918 2
	a 53 125 0.9809045023921182
	a 125 53 0.9809045023921182
6.389707657357569 2
	a 54 385 0.8081640125382149
	a 385 54 0.8081640125382149
1.535671009609103 2
	a 54 234 0.9500990528607903
	a 234 54 0.9500990528607903
1.966637624315821 2
	a 54 185 0.936547921575933
	a 185 54 0.936547921575933
0.479922938566163 2
	a 55 121 0.9841298480006107
	a 121 55 0.9841298480006107
2.355074501576059 2
	a 55 180 0.9244997640390528
	a 180 55 0.9244997640390528
1.392998929689093 2
	a 55 90 0.9546282343869431
	a 90 55 0.9546282343869431
0.487629339878578 2
	a 56 122 0.9838770771494869
	a 122 56 0.9838770771494869
2.520882000556814 2
	a 57 215 0.9194042251964868
	a 215 57 0.9194042251964868
0.2701555345749592 2
	a 57 96 0.9910352407514
	a 96 57 0.9910352407514
1.663473563609672 2
	a 57 113 0.946060159134307
	a 113 57 0.946060159134307
1.969416047529112 2
	a 58 283 0.9364611880428472
	a 283 58 0.9364611880428472
2.441083548928503 2
	a 59 331 0.9218530484106888
	a 331 59 0.9218530484106888
1.736200693454497 2
	a 59 210 0.9437694621852569
	a 210 59 0.9437694621852569
4.915104606539023 2
	a 59 162 0.8488805307189528
	a 162 59 0.8488805307189528
0.4518359985116184 2
	a 60 122 0.9850516526460312
	a 122 60 0.9850516526460312
0.487629339878578 2
	a 61 126 0.9838770771494869
	a 126 61 0.9838770771494869
4.271909921377481 2
	a 61 79 0.8672768814834179
	a 79 61 0.8672768814834179
1.277257733339577 2
	a 62 215 0.9583183418980348
	a 215 62 0.9583183418980348
6.484398025066096 2
	a 63 379 0.8056171890629337
	a 379 63 0.8056171890629337
2.472556149811231 2
	a 63 336 0.9208864517523493
	a 336 63 0.9208864517523493
1.385168937220699 2
	a 64 224 0.9548774246343368
	a 224 64 0.9548774246343368
3.193126881861831 2
	a 64 90 0.8990311794625049
	a 90 64 0.8990311794625049
2.140995922531718 2
	a 65 295 0.9311205452615725
	a 295 65 0.9311205452615725
0.8546955794297674 2
	a 65 167 0.9719121564311943
	a 167 65 0.9719121564311943
2.1739616031261 2
	a 66 309 0.9300979397962246
	a 309 66 0.9300979397962246
2.817230135585522 2
	a 66 183 0.9103668114484639
	a 183 66 0.9103668114484639
1.434637079451427 2
	a 67 95 0.9533041883335995
	a 95 67 0.9533041883335995
1.084926021746002 2
	a 67 189 0.9644819118512427
	a 189 67 0.9644819118512427
0.5308290191434861 2
	a 68 131 0.982461324256342
	a 131 68 0.982461324256342
2.059344055616256 2
	a 69 300 0.9336582548685839
	a 300 69 0.9336582548685839
2.178295172860535 2
	a 69 307 0.9299635946902909
	a 307 69 0.9299635946902909
0.1356157527182506 2
	a 70 92 0.9954896771040572
	a 92 70 0.9954896771040572
1.208722079564016 2
	a 71 210 0.9605101436904928
	a 210 71 0.9605101436904928
4.013319951343738 2
	a 71 119 0.8747848297594024
	a 119 71 0.8747848297594024
12.30437985486381 2
	a 71 97 0.6635533674828265
	a 97 71 0.6635533674828265
15.02447027567202 2
	a 71 315 0.6060361290135379
	a 315 71 0.6060361290135379
0.1917896373478611 2
	a 72 96 0.9936274037579175
	a 96 72 0.9936274037579175
0.7241308354215087 2
	a 72 113 0.9761512898261859
	a 113 72 0.9761512898261859
4.023315844916695 2
	a 72 170 0.8744934031113442
	a 170 72 0.8744934031113442
0.6773268194476793 2
	a 73 152 0.9776754051143772
	a 152 73 0.9776754051143772
3.229514003240491 2
	a 74 139 0.8979414019388796
	a 139 74 0.8979414019388796
4.699843304433126 2
	a 74 373 0.8549934734373632
	a 373 74 0.8549934734373632
2.309174816646606 2
	a 74 320 0.9259153215865654
	a 320 74 0.9259153215865654
4.133278277742407 2
	a 74 229 0.8712938897282544
	a 229 74 0.8712938897282544
2.897691477013118 2
	a 74 127 0.9079284383283313
	a 127 74 0.9079284383283313
5.231169251338248 2
	a 75 306 0.8399841063145069
	a 306 75 0.8399841063145069
0.99986533083179 2
	a 75 147 0.9672204422980087
	a 147 75 0.9672204422980087
1.250070526955394 2
	a 75 220 0.9591872021547203
	a 220 75 0.9591872021547203
2.224263723469218 2
	a 76 316 0.9285397165768777
	a 316 76 0.9285397165768777
1.511850541135075 2
	a 76 248 0.9508537459247081
	a 248 76 0.9508537459247081
1.917259675601701 2
	a 77 293 0.9380906847102877
	a 293 77 0.9380906847102877
0.3981115513613038 2
	a 78 125 0.986817278310307
	a 125 78 0.986817278310307
3.498595067768239 2
	a 79 467 0.8899234460832782
	a 467 79 0.8899234460832782
10.2576694418135 2
	a 79 97 0.710403390446834
	a 97 79 0.710403390446834
9.273626902629639 2
	a 79 421 0.7340920153192682
	a 421 79 0.7340920153192682
6.46612608525248 2
	a 80 122 0.8061080114787671
	a 122 80 0.8061080114787671
1.178427396424671 2
	a 80 215 0.9614805786068393
	a 215 80 0.9614805786068393
0.4217785570495555 2
	a 81 129 0.9860390849711355
	a 129 81 0.9860390849711355
1.166610816166222 2
	a 82 215 0.9618593669491244
	a 215 82 0.9618593669491244
8.106157656830813 2
	a 83 228 0.763222822784304
	a 228 83 0.763222822784304
4.460160453193478 2
	a 83 340 0.8618517428997188
	a 340 83 0.8618517428997188
1.925017800762202 2
	a 83 297 0.9378481219107194
	a 297 83 0.9378481219107194
3.534258837324526 2
	a 84 201 0.8888661405093732
	a 201 84 0.8888661405093732
0.6981164340668319 2
	a 84 159 0.9769981233187751
	a 159 84 0.9769981233187751
2.876844551176869 2
	a 84 287 0.9085595748178091
	a 287 84 0.9085595748178091
2.471011450223571 2
	a 85 244 0.9209338694038495
	a 244 85 0.9209338694038495
1.843510156679232 2
	a 85 286 0.940399646184204
	a 286 85 0.940399646184204
1.68410134343058 2
	a 85 198 0.9454098787019549
	a 198 85 0.9454098787019549
1.824403406976611 2
	a 85 186 0.9409987696409867
	a 186 85 0.9409987696409867
5.576650575770567 2
	a 85 408 0.830366298106741
	a 408 85 0.830366298106741
2.997158882487994 2
	a 85 234 0.9049231137415517
	a 234 85 0.9049231137415517
2.715622754217476 2
	a 86 382 0.913455371764633
	a 382 86 0.913455371764633
7.413966311164443 2
	a 86 535 0.7810374254562904
	a 535 86 0.7810374254562904
3.122047750123513 2
	a 87 89 0.9011637833801815
	a 89 87 0.9011637833801815
1.481545971607358 2
	a 87 257 0.9518147383324805
	a 257 87 0.9518147383324805
2.61951740790929 2
	a 87 276 0.9163863287633647
	a 276 87 0.9163863287633647
4.309936045017716 2
	a 88 109 0.8661782719640114
	a 109 88 0.8661782719640114
4.075814651140242 2
	a 88 406 0.8729644126806194
	a 406 88 0.8729644126806194
0.9763801406626829 2
	a 88 169 0.9679779172841535
	a 169 88 0.9679779172841535
3.82512655444436 2
	a 88 243 0.8802897023405833
	a 243 88 0.8802897023405833
1.025590215157039 2
	a 88 200 0.9663914099949715
	a 200 88 0.9663914099949715
0.487629339878578 2
	a 89 142 0.9838770771494869
	a 142 89 0.9838770771494869
1.220541774464252 2
	a 89 172 0.9601317870014974
	a 172 89 0.9601317870014974
1.220770282487056 2
	a 90 224 0.9601244737688071
	a 224 90 0.9601244737688071
1.356157527182502 2
	a 90 211 0.9558012826194622
	a 211 90 0.9558012826194622
2.362838553144954 2
	a 91 309 0.9242605328689927
	a 309 91 0.9242605328689927
1.61591233708054 2
	a 91 267 0.947561208066675
	a 267 91 0.947561208066675
2.034236290773753 2
	a 91 176 0.9344399843445016
	a 176 91 0.9344399843445016
0.8249184195643712 2
	a 92 144 0.9728773281417317
	a 144 92 0.9728773281417317
1.090487985406985 2
	a 92 212 0.9643031146479676
	a 212 92 0.9643031146479676
0.2701555345749592 2
	a 93 122 0.9910352407514
	a 122 93 0.9910352407514
1.192454834409708 2
	a 94 144 0.9610311133894452
	a 144 94 0.9610311133894452
2.793858180049409 2
	a 94 212 0.9110763228783618
	a 212 94 0.9110763228783618
0.4068472581547501 2
	a 94 137 0.9865299685964932
	a 137 94 0.9865299685964932
1.856596163670476 2
	a 95 189 0.9399895330916023
	a 189 95 0.9399895330916023
1.595847651947019 2
	a 95 265 0.9481951706235141
	a 265 95 0.9481951706235141
1.954180946745591 2
	a 95 309 0.9369368781717311
	a 309 95 0.9369368781717311
0.1356157527182506 2
	a 96 113 0.9954896771040572
	a 113 96 0.9954896771040572
2.032516646865084 2
	a 97 315 0.9344935493472689
	a 315 97 0.9344935493472689
1.754926729054513 2
	a 98 290 0.943180543987861
	a 290 98 0.943180543987861
1.202885742632658 2
	a 98 231 0.9606970238956529
	a 231 98 0.9606970238956529
0.5424630108730013 2
	a 99 135 0.9820803998915988
	a 135 99 0.9820803998915988
1.726106731610226 2
	a 99 287 0.9440870613775323
	a 287 99 0.9440870613775323
4.990187680363221 2
	a 99 404 0.8467586351487221
	a 404 99 0.8467586351487221
0.1917896373478611 2
	a 100 122 0.9936274037579175
	a 122 100 0.9936274037579175
0.9763801406626829 2
	a 101 210 0.9679779172841535
	a 210 101 0.9679779172841535
0.7241308354215087 2
	a 101 119 0.9761512898261859
	a 119 101 0.9761512898261859
1.754926729054513 2
	a 102 274 0.943180543987861
	a 274 102 0.943180543987861
1.027006667447879 2
	a 102 218 0.9663457828279073
	a 218 102 0.9663457828279073
1.92183740793733 2
	a 102 143 0.9379475513622964
	a 143 102 0.9379475513622964
0.953531833712017 2
	a 103 210 0.9687154199791561
	a 210 103 0.9687154199791561
1.220541774464252 2
	a 103 179 0.9601317870014974
	a 179 103 0.9601317870014974
2.871046720078233 2
	a 104 420 0.9087351809514357
	a 420 104 0.9087351809514357
4.070695789348641 2
	a 104 138 0.8731133781950726
	a 138 104 0.8731133781950726
2.790713662111656 2
	a 105 409 0.9111718244113776
	a 409 105 0.9111718244113776
3.937500502064382 2
	a 105 467 0.8769984826812268
	a 467 105 0.8769984826812268
3.896333097182356 2
	a 106 194 0.8782027671672809
	a 194 106 0.8782027671672809
0.2701555345749592 2
	a 106 134 0.9910352407514
	a 134 106 0.9910352407514
4.758517220258847 2
	a 107 351 0.8533229137714274
	a 351 107 0.8533229137714274
3.532908836752516 2
	a 107 495 0.8889061404026354
	a 495 107 0.8889061404026354
1.815014601841224 2
	a 107 194 0.9412933108644451
	a 194 107 0.9412933108644451
4.775931358792842 2
	a 107 224 0.8528277280580536
	a 224 107 0.8528277280580536
3.817443456438786 2
	a 107 134 0.8805151762802031
	a 134 107 0.8805151762802031
1.627389032619001 2
	a 108 166 0.9471987816790822
	a 166 108 0.9471987816790822
2.970738913183766 2
	a 108 381 0.9057203994573493
	a 381 108 0.9057203994573493
2.819843867028712 2
	a 108 418 0.9102874997581744
	a 418 108 0.9102874997581744
3.331367662815472 2
	a 109 283 0.894897950710707
	a 283 109 0.894897950710707
4.24925255236559 2
	a 109 406 0.8679321359692914
	a 406 109 0.8679321359692914
0.7884591958105146 2
	a 109 190 0.9740603919623205
	a 190 109 0.9740603919623205
1.220770282487056 2
	a 110 242 0.9601244737688071
	a 242 110 0.9601244737688071
1.067269989914409 2
	a 110 195 0.9650497096970222
	a 195 110 0.9650497096970222
0.4518359985116184 2
	a 110 150 0.9850516526460312
	a 150 110 0.9850516526460312
0.9583507903075323 2
	a 110 153 0.9685598258907672
	a 153 110 0.9685598258907672
1.13166588694827 2
	a 111 235 0.9629804233261519
	a 235 111 0.9629804233261519
0.8136945163095008 2
	a 112 133 0.973241378938998
	a 133 112 0.973241378938998
0.8266086393752234 2
	a 112 206 0.9728225171346718
	a 206 112 0.9728225171346718
2.207581231921138 2
	a 112 330 0.9290562053680281
	a 330 112 0.9290562053680281
0.9034705895483521 2
	a 113 215 0.9703332727712854
	a 215 113 0.9703332727712854
1.86217641285545 2
	a 113 300 0.9398147034911214
	a 300 113 0.9398147034911214
0.7671585448709205 2
	a 114 200 0.9747522415608111
	a 200 114 0.9747522415608111
1.211806067670806 2
	a 115 224 0.9604114087035521
	a 224 115 0.9604114087035521
0.7884591958105146 2
	a 115 205 0.9740603919623205
	a 205 115 0.9740603919623205
0.8455244466185425 2
	a 115 180 0.9722093196998592
	a 180 115 0.9722093196998592
1.63307698331426 2
	a 116 147 0.9470192113704445
	a 147 116 0.9470192113704445
0.9056588220468618 2
	a 116 220 0.9702624981924419
	a 220 116 0.9702624981924419
2.962509722185671 2
	a 117 295 0.9059688784074037
	a 295 117 0.9059688784074037
0.4518359985116184 2
	a 117 167 0.9850516526460312
	a 167 117 0.9850516526460312
1.206514340999738 2
	a 117 241 0.9605808314676499
	a 241 117 0.9605808314676499
0.6773268194476793 2
	a 117 151 0.9776754051143772
	a 151 117 0.9776754051143772
0.1917896373478611 2
	a 118 136 0.9936274037579175
	a 136 118 0.9936274037579175
0.8266086393752234 2
	a 119 210 0.9728225171346718
	a 210 119 0.9728225171346718
1.057281840000934 2
	a 120 209 0.9653710652289879
	a 209 120 0.9653710652289879
1.058859358600752 2
	a 120 235 0.9653203035365874
	a 235 120 0.9653203035365874
3.27691220607328 2
	a 121 276 0.8965238284509863
	a 276 121 0.8965238284509863
0.754358709720538 2
	a 121 205 0.9751682192287419
	a 205 121 0.9751682192287419
4.920525421324577 2
	a 121 128 0.8487271571051329
	a 128 121 0.8487271571051329
2.606228054137895 2
	a 121 180 0.916792358091655
	a 180 121 0.916792358091655
0.8266086393752234 2
	a 122 215 0.9728225171346718
	a 215 122 0.9728225171346718
1.726106731610226 2
	a 123 309 0.9440870613775323
	a 309 123 0.9440870613775323
0.5575248444503217 2
	a 124 181 0.9815874592603586
	a 181 124 0.9815874592603586
0.7884591958105146 2
	a 124 125 0.9740603919623205
	a 125 124 0.9740603919623205
2.223584306630199 2
	a 125 209 0.9285607456656401
	a 209 125 0.9285607456656401
0.5424630108730013 2
	a 125 181 0.9820803998915988
	a 181 125 0.9820803998915988
1.017007035400675 2
	a 125 155 0.9666679399244199
	a 155 125 0.9666679399244199
4.81540588579526 2
	a 126 312 0.8517063003110315
	a 312 126 0.8517063003110315
0.1356157527182506 2
	a 126 138 0.9954896771040572
	a 138 126 0.9954896771040572
6.166734063695062 2
	a 127 320 0.8141930311211153
	a 320 127 0.8141930311211153
9.292257089536161 2
	a 127 499 0.733636281125735
	a 499 127 0.733636281125735
0.9569120473074697 2
	a 127 229 0.9686062772936068
	a 229 127 0.9686062772936068
1.889172731026632 2
	a 128 276 0.9389693660062477
	a 276 128 0.9389693660062477
0.4068472581547501 2
	a 128 171 0.9865299685964932
	a 171 128 0.9865299685964932
0.4068472581547501 2
	a 129 171 0.9865299685964932
	a 171 129 0.9865299685964932
1.856596163670476 2
	a 130 277 0.9399895330916023
	a 277 130 0.9399895330916023
1.090487985406985 2
	a 130 258 0.9643031146479676
	a 258 130 0.9643031146479676
1.555485357104156 2
	a 131 292 0.9494717402871466
	a 292 131 0.9494717402871466
0.9212233289732074 2
	a 131 233 0.9697592401739961
	a 233 131 0.9697592401739961
1.511850541135075 2
	a 131 208 0.9508537459247081
	a 208 131 0.9508537459247081
3.227557510940227 2
	a 132 219 0.897999964363107
	a 219 132 0.897999964363107
0.3981115513613038 2
	a 132 173 0.986817278310307
	a 173 132 0.986817278310307
2.61015848344475 2
	a 132 364 0.9166722530411489
	a 364 132 0.9166722530411489
0.6981164340668319 2
	a 133 212 0.9769981233187751
	a 212 133 0.9769981233187751
0.8185134729050157 2
	a 134 224 0.9730850578956706
	a 224 134 0.9730850578956706
1.385168937220699 2
	a 135 287 0.9548774246343368
	a 287 135 0.9548774246343368
0.7824456497750818 2
	a 136 225 0.9742556634331783
	a 225 136 0.9742556634331783
1.637289402976268 2
	a 136 156 0.9468862459608889
	a 156 136 0.9468862459608889
0.1917896373478611 2
	a 137 144 0.9936274037579175
	a 144 137 0.9936274037579175
0.649991823536707 2
	a 137 212 0.9785666361893822
	a 212 137 0.9785666361893822
2.546331593945095 2
	a 138 420 0.9186246071362608
	a 420 138 0.9186246071362608
4.50019982884702 2
	a 139 633 0.8607022433014002
	a 633 139 0.8607022433014002
5.58634393772236 2
	a 139 445 0.8300980400784403
	a 445 139 0.8300980400784403
3.102601481863436 2
	a 139 373 0.9017481151668619
	a 373 139 0.9017481151668619
1.889172731026632 2
	a 140 212 0.9389693660062477
	a 212 140 0.9389693660062477
0.6780787635912512 2
	a 140 219 0.9776509001783111
	a 219 140 0.9776509001783111
2.124000872837822 2
	a 140 363 0.9316481760305716
	a 363 140 0.9316481760305716
1.355312686248317 2
	a 141 291 0.9558281996667543
	a 291 141 0.9558281996667543
6.701519912011936 2
	a 141 281 0.7998076665215268
	a 281 141 0.7998076665215268
0.5753689120435835 2
	a 142 172 0.981003782431322
	a 172 142 0.981003782431322
0.6981164340668319 2
	a 142 221 0.9769981233187751
	a 221 142 0.9769981233187751
2.483102688545475 2
	a 143 218 0.9205627698299736
	a 218 143 0.9205627698299736
2.706277563108164 2
	a 143 442 0.9137399632556618
	a 442 143 0.9137399632556618
0.6027356872459425 2
	a 144 212 0.9801092934817696
	a 212 144 0.9801092934817696
0.9493102690277512 2
	a 145 215 0.9688517460642906
	a 215 145 0.9688517460642906
1.42376155498319 2
	a 145 300 0.9536498404164719
	a 300 145 0.9536498404164719
2.1739616031261 2
	a 146 219 0.9300979397962246
	a 219 146 0.9300979397962246
0.2701555345749592 2
	a 146 173 0.9910352407514
	a 173 146 0.9910352407514
4.699843304433126 2
	a 147 658 0.8549934734373632
	a 658 147 0.8549934734373632
5.888554823110531 2
	a 147 646 0.8217778624545778
	a 646 147 0.8217778624545778
9.675281230189182 2
	a 147 622 0.7243291416677046
	a 622 147 0.7243291416677046
1.356157527182502 2
	a 147 220 0.9558012826194622
	a 220 147 0.9558012826194622
12.59385930968727 2
	a 147 545 0.6571813242818066
	a 545 147 0.6571813242818066
0.5753689120435835 2
	a 148 215 0.981003782431322
	a 215 148 0.981003782431322
3.529485822825506 2
	a 148 193 0.8890075707924328
	a 193 148 0.8890075707924328
4.13725734337871 2
	a 149 495 0.8711783328727044
	a 495 149 0.8711783328727044
0.4068472581547501 2
	a 149 191 0.9865299685964932
	a 191 149 0.9865299685964932
2.124012364012603 2
	a 149 194 0.9316478191729057
	a 194 149 0.9316478191729057
0.5294379043957786 2
	a 150 210 0.9825068825271878
	a 210 150 0.9825068825271878
2.405925508596202 2
	a 150 179 0.9229340332640011
	a 179 150 0.9229340332640011
0.8136945163095008 2
	a 151 241 0.973241378938998
	a 241 151 0.973241378938998
2.462725332253011 2
	a 152 321 0.9211882700916327
	a 321 152 0.9211882700916327
1.804331113799363 2
	a 152 343 0.9416285804193901
	a 343 152 0.9416285804193901
1.388432042093154 2
	a 152 288 0.9547735681101206
	a 288 152 0.9547735681101206
0.7952454894459889 2
	a 153 242 0.9738400748875814
	a 242 153 0.9738400748875814
0.3002129760370238 2
	a 153 167 0.990042805211115
	a 167 153 0.990042805211115
1.064816194648925 2
	a 153 241 0.9651286474055482
	a 241 153 0.9651286474055482
0.7671585448709205 2
	a 153 214 0.9747522415608111
	a 214 153 0.9747522415608111
1.413255877275242 2
	a 153 179 0.9539838568265261
	a 179 153 0.9539838568265261
0.7241308354215087 2
	a 154 235 0.9761512898261859
	a 235 154 0.9761512898261859
4.887902943515599 2
	a 154 332 0.8496505785139978
	a 332 154 0.8496505785139978
4.330359271078273 2
	a 154 182 0.8655888008132515
	a 182 154 0.8655888008132515
0.4518359985116184 2
	a 155 209 0.9850516526460312
	a 209 155 0.9850516526460312
0.6385290286129006 2
	a 156 225 0.9789406112538208
	a 225 156 0.9789406112538208
0.754358709720538 2
	a 156 223 0.9751682192287419
	a 223 156 0.9751682192287419
0.4068472581547501 2
	a 156 202 0.9865299685964932
	a 202 156 0.9865299685964932
2.026732571724301 2
	a 157 309 0.9346737394141923
	a 309 157 0.9346737394141923
0.9782917396282733 2
	a 157 264 0.967916239729707
	a 264 157 0.967916239729707
2.26136344234106 2
	a 158 332 0.9273921408871751
	a 332 158 0.9273921408871751
2.035573028125145 2
	a 158 382 0.9343983485777864
	a 382 158 0.9343983485777864
0.3403795954308141 2
	a 159 201 0.9887181364487514
	a 201 159 0.9887181364487514
1.200897963778241 2
	a 160 295 0.9607606811122241
	a 295 160 0.9607606811122241
1.84480046371742 2
	a 160 241 0.9403592002445988
	a 241 160 0.9403592002445988
2.37609855062641 2
	a 161 423 0.9238521000613404
	a 423 161 0.9238521000613404
1.227679281255588 2
	a 161 289 0.9599033826015307
	a 289 161 0.9599033826015307
3.649316525759815 2
	a 161 317 0.8854636399623252
	a 317 161 0.8854636399623252
0.4068472581547501 2
	a 162 210 0.9865299685964932
	a 210 162 0.9865299685964932
1.766150822171435 2
	a 163 353 0.9428277317835341
	a 353 163 0.9428277317835341
0.4217785570495555 2
	a 164 215 0.9860390849711355
	a 215 164 0.9860390849711355
12.36031307577865 2
	a 165 410 0.66231736416524
	a 410 165 0.66231736416524
5.577685581633741 2
	a 165 639 0.8303376508013419
	a 639 165 0.8303376508013419
4.490797552546863 2
	a 165 567 0.8609720375873217
	a 567 165 0.8609720375873217
11.42145799471411 2
	a 165 237 0.6833724409543719
	a 237 165 0.6833724409543719
3.603951429086528 2
	a 165 339 0.8868036243032232
	a 339 165 0.8868036243032232
1.847293601112768 2
	a 165 365 0.9402810553355041
	a 365 165 0.9402810553355041
5.160912922974297 2
	a 165 440 0.8419535514873101
	a 440 165 0.8419535514873101
1.28340913278765 2
	a 166 305 0.9581218620785064
	a 305 166 0.9581218620785064
0.6773268194476793 2
	a 167 241 0.9776754051143772
	a 241 167 0.9776754051143772
0.4068472581547501 2
	a 168 215 0.9865299685964932
	a 215 168 0.9865299685964932
2.604665358339847 2
	a 169 406 0.9168401149209898
	a 406 169 0.9168401149209898
1.494995591554789 2
	a 169 321 0.9513881157551204
	a 321 169 0.9513881157551204
1.247369671432133 2
	a 169 243 0.9592735602437666
	a 243 169 0.9592735602437666
1.166610816166222 2
	a 170 300 0.9618593669491244
	a 300 170 0.9618593669491244
2.007611500998192 2
	a 171 221 0.9352696613943631
	a 221 171 0.9352696613943631
0.953531833712017 2
	a 171 276 0.9687154199791561
	a 276 171 0.9687154199791561
0.4068472581547501 2
	a 172 221 0.9865299685964932
	a 221 172 0.9865299685964932
1.504934540073178 2
	a 172 276 0.9510729747107298
	a 276 172 0.9510729747107298
1.734917845282709 2
	a 173 364 0.9438098201457747
	a 364 173 0.9438098201457747
0.1917896373478611 2
	a 174 197 0.9936274037579175
	a 197 174 0.9936274037579175
1.578980655167365 2
	a 174 347 0.9487284273464371
	a 347 174 0.9487284273464371
1.57715557001096 2
	a 175 323 0.9487861461077872
	a 323 175 0.9487861461077872
0.8266086393752234 2
	a 175 269 0.9728225171346718
	a 269 175 0.9728225171346718
1.208722079564016 2
	a 176 309 0.9605101436904928
	a 309 176 0.9605101436904928
3.484867033201004 2
	a 176 188 0.8903307692662835
	a 188 176 0.8903307692662835
0.3002129760370238 2
	a 177 215 0.990042805211115
	a 215 177 0.990042805211115
2.31014525132938 2
	a 178 370 0.925885370726278
	a 370 178 0.925885370726278
0.4068472581547501 2
	a 178 199 0.9865299685964932
	a 199 178 0.9865299685964932
4.000233935311445 2
	a 178 616 0.8751664946047901
	a 616 178 0.8751664946047901
4.450715164097085 2
	a 178 490 0.8621231335825318
	a 490 178 0.8621231335825318
0.2701555345749592 2
	a 179 210 0.9910352407514
	a 210 179 0.9910352407514
0.3981115513613038 2
	a 180 224 0.986817278310307
	a 224 180 0.986817278310307
0.1917896373478611 2
	a 181 209 0.9936274037579175
	a 209 181 0.9936274037579175
5.243773266382755 2
	a 182 332 0.8396312746941765
	a 332 182 0.8396312746941765
1.590093611174937 2
	a 182 207 0.9483770531880067
	a 207 182 0.9483770531880067
1.889172731026632 2
	a 182 390 0.9389693660062477
	a 390 182 0.9389693660062477
1.455891132818389 2
	a 183 309 0.9526290415854629
	a 309 183 0.9526290415854629
0.9493102690277512 2
	a 183 292 0.9688517460642906
	a 292 183 0.9688517460642906
0.7218667123477758 2
	a 184 210 0.9762249634948802
	a 210 184 0.9762249634948802
0.5488408072586609 2
	a 184 251 0.9818716384555221
	a 251 184 0.9818716384555221
2.444748835877218 2
	a 185 385 0.9217404267591077
	a 385 185 0.9217404267591077
0.9493102690277512 2
	a 185 234 0.9688517460642906
	a 234 185 0.9688517460642906
3.280517844693427 2
	a 185 548 0.8964160835612768
	a 548 185 0.8964160835612768
4.519541365581797 2
	a 185 413 0.8601475120079928
	a 413 185 0.8601475120079928
2.782549309004937 2
	a 186 198 0.9114198291069916
	a 198 186 0.9114198291069916
0.4068472581547501 2
	a 186 234 0.9865299685964932
	a 234 186 0.9865299685964932
0.3002129760370238 2
	a 187 224 0.990042805211115
	a 224 187 0.990042805211115
1.088420984350353 2
	a 188 309 0.9643695574554602
	a 309 188 0.9643695574554602
1.515225646537176 2
	a 188 249 0.9507467775548303
	a 249 188 0.9507467775548303
0.6773268194476793 2
	a 189 265 0.9776754051143772
	a 265 189 0.9776754051143772
1.618531669454317 2
	a 190 283 0.9474784790866917
	a 283 190 0.9474784790866917
1.969416047529112 2
	a 190 406 0.9364611880428472
	a 406 190 0.9364611880428472
2.711414633574831 2
	a 191 495 0.9135835117651011
	a 495 191 0.9135835117651011
2.513759777660808 2
	a 192 411 0.9196225245025127
	a 411 192 0.9196225245025127
0.7602010544297412 2
	a 192 196 0.9749783287565621
	a 196 192 0.9749783287565621
2.265458970265276 2
	a 192 447 0.9272655441817207
	a 447 192 0.9272655441817207
1.362615323300689 2
	a 193 215 0.9555955591018436
	a 215 193 0.9555955591018436
0.953531833712017 2
	a 193 300 0.9687154199791561
	a 300 193 0.9687154199791561
2.693431351890878 2
	a 194 495 0.9141313169254022
	a 495 194 0.9141313169254022
0.4068472581547501 2
	a 195 242 0.9865299685964932
	a 242 195 0.9865299685964932
1.441427748955187 2
	a 196 330 0.9530884269646057
	a 330 196 0.9530884269646057
5.503276020842793 2
	a 196 352 0.8323997090217824
	a 352 196 0.8323997090217824
4.68973312294483 2
	a 196 411 0.8552816599678631
	a 411 196 0.8552816599678631
1.247552748177777 2
	a 196 266 0.9592677062389091
	a 266 196 0.9592677062389091
0.9849989873620122 2
	a 196 201 0.9676998621187332
	a 201 196 0.9676998621187332
0.8266086393752234 2
	a 196 287 0.9728225171346718
	a 287 196 0.9728225171346718
2.820674875156118 2
	a 196 447 0.9102622848970527
	a 447 196 0.9102622848970527
1.810321306802178 2
	a 197 394 0.9414405812914097
	a 394 197 0.9414405812914097
1.548267154419426 2
	a 197 347 0.9497002170880693
	a 347 197 0.9497002170880693
0.4068472581547501 2
	a 198 244 0.9865299685964932
	a 244 198 0.9865299685964932
3.062137488767611 2
	a 198 234 0.9029652134434908
	a 234 198 0.9029652134434908
0.1516230224745966 2
	a 199 219 0.9949586497282615
	a 219 199 0.9949586497282615
0.3981115513613038 2
	a 200 243 0.986817278310307
	a 243 200 0.986817278310307
0.5424630108730013 2
	a 201 238 0.9820803998915988
	a 238 201 0.9820803998915988
0.8136945163095008 2
	a 201 287 0.973241378938998
	a 287 201 0.973241378938998
0.1917896373478611 2
	a 202 223 0.9936274037579175
	a 223 202 0.9936274037579175
1.117831922916585 2
	a 203 316 0.9634245869453237
	a 316 203 0.9634245869453237
0.9034705895483521 2
	a 204 300 0.9703332727712854
	a 300 204 0.9703332727712854
0.6981164340668319 2
	a 205 276 0.9769981233187751
	a 276 205 0.9769981233187751
1.220541774464252 2
	a 206 330 0.9601317870014974
	a 330 206 0.9601317870014974
3.003326203225438 2
	a 207 332 0.9047371011593554
	a 332 207 0.9047371011593554
1.723839502935758 2
	a 207 390 0.9441584127822225
	a 390 207 0.9441584127822225
3.770965637034972 2
	a 207 415 0.8818803810476646
	a 415 207 0.8818803810476646
0.7884591958105146 2
	a 208 292 0.9740603919623205
	a 292 208 0.9740603919623205
0.4068472581547501 2
	a 209 235 0.9865299685964932
	a 235 209 0.9865299685964932
1.220770282487056 2
	a 209 332 0.9601244737688071
	a 332 209 0.9601244737688071
1.328070587127958 2
	a 210 331 0.9566965527550114
	a 331 210 0.9566965527550114
1.536138391218745 2
	a 210 295 0.9500842510152709
	a 295 210 0.9500842510152709
2.569178472409831 2
	a 210 369 0.9179252833010394
	a 369 210 0.9179252833010394
1.99557254254896 2
	a 210 268 0.9356450591323665
	a 268 210 0.9356450591323665
1.453744046139253 2
	a 210 251 0.9526972232628116
	a 251 210 0.9526972232628116
0.3002129760370238 2
	a 210 242 0.990042805211115
	a 242 210 0.990042805211115
0.1356157527182506 2
	a 211 224 0.9954896771040572
	a 224 211 0.9954896771040572
1.654092624187943 2
	a 212 330 0.9463560364934274
	a 330 212 0.9463560364934274
2.441083548928503 2
	a 212 352 0.9218530484106888
	a 352 212 0.9218530484106888
1.428089202829759 2
	a 212 363 0.9535122816492002
	a 363 212 0.9535122816492002
2.281255583552399 2
	a 212 411 0.9267774175316006
	a 411 212 0.9267774175316006
1.511850541135075 2
	a 213 373 0.9508537459247081
	a 373 213 0.9508537459247081
0.2712315054364995 2
	a 214 241 0.9909996972207403
	a 241 214 0.9909996972207403
0.8136945163095008 2
	a 215 300 0.973241378938998
	a 300 215 0.973241378938998
3.664091061885526 2
	a 215 374 0.8850276701741058
	a 374 215 0.8850276701741058
6.706219002364148 2
	a 216 400 0.7996823973829871
	a 400 216 0.7996823973829871
6.664220896750423 2
	a 216 494 0.8008026862262666
	a 494 216 0.8008026862262666
3.25766478667089 2
	a 216 570 0.8970992053442703
	a 570 216 0.8970992053442703
2.292869065659576 2
	a 216 316 0.9264187165336791
	a 316 216 0.9264187165336791
4.676489480723152 2
	a 216 248 0.8556593114631973
	a 248 216 0.8556593114631973
0.6981164340668319 2
	a 217 291 0.9769981233187751
	a 291 217 0.9769981233187751
8.11596503546644 2
	a 217 281 0.7629733563898355
	a 281 217 0.7629733563898355
1.178382435282119 2
	a 217 273 0.9614820195834309
	a 273 217 0.9614820195834309
10.4126622535527 2
	a 217 329 0.7067426078742094
	a 329 217 0.7067426078742094
5.298354348517217 2
	a 217 514 0.8381050640334352
	a 514 217 0.8381050640334352
0.5753689120435835 2
	a 218 274 0.981003782431322
	a 274 218 0.981003782431322
3.92122283709974 2
	a 218 348 0.8774744613824327
	a 348 218 0.8774744613824327
1.381814599110866 2
	a 219 363 0.9549841966612392
	a 363 219 0.9549841966612392
0.5424630108730013 2
	a 219 252 0.9820803998915988
	a 252 219 0.9820803998915988
1.368741294795127 2
	a 220 362 0.9554004473181662
	a 362 220 0.9554004473181662
0.5424630108730013 2
	a 221 276 0.9820803998915988
	a 276 221 0.9820803998915988
0.8266086393752234 2
	a 222 309 0.9728225171346718
	a 309 222 0.9728225171346718
1.342527456914504 2
	a 223 367 0.9562356359045654
	a 367 223 0.9562356359045654
1.220541774464252 2
	a 224 351 0.9601317870014974
	a 351 224 0.9601317870014974
7.293115045444626 2
	a 225 637 0.7841900832857466
	a 637 225 0.7841900832857466
2.321226816810722 2
	a 225 416 0.925543425239557
	a 416 225 0.925543425239557
3.798923873219659 2
	a 225 638 0.8810589032256372
	a 638 225 0.8810589032256372
10.463427619225 2
	a 226 368 0.7055476842740724
	a 368 226 0.7055476842740724
5.277301485639939 2
	a 226 274 0.8386934208188633
	a 274 226 0.8386934208188633
0.3002129760370238 2
	a 226 260 0.990042805211115
	a 260 226 0.990042805211115
1.940539584205918 2
	a 227 391 0.9373630115694558
	a 391 227 0.9373630115694558
0.6981164340668319 2
	a 227 305 0.9769981233187751
	a 305 227 0.9769981233187751
1.68410134343058 2
	a 228 404 0.9454098787019549
	a 404 228 0.9454098787019549
1.058859358600752 2
	a 228 340 0.9653203035365874
	a 340 228 0.9653203035365874
7.475884928804974 2
	a 229 373 0.7794270626283009
	a 373 229 0.7794270626283009
4.31515252754865 2
	a 229 625 0.8660276715969815
	a 625 229 0.8660276715969815
2.338634292090733 2
	a 229 486 0.9250065352097717
	a 486 229 0.9250065352097717
8.705478128055525 2
	a 229 419 0.7481269439315594
	a 419 229 0.7481269439315594
3.062137488767611 2
	a 229 443 0.9029652134434908
	a 443 229 0.9029652134434908
3.142676565144668 2
	a 229 574 0.9005443316807944
	a 574 229 0.9005443316807944
2.931309039928191 2
	a 230 514 0.9069115967837168
	a 514 230 0.9069115967837168
1.027006667447879 2
	a 230 335 0.9663457828279073
	a 335 230 0.9663457828279073
0.3002129760370238 2
	a 231 262 0.990042805211115
	a 262 231 0.990042805211115
4.226269217330468 2
	a 232 311 0.8685973232427472
	a 311 232 0.8685973232427472
0.4217785570495555 2
	a 232 276 0.9860390849711355
	a 276 232 0.9860390849711355
0.5157162799331211 2
	a 233 292 0.9829563716638375
	a 292 233 0.9829563716638375
8.093204159991551 2
	a 234 408 0.7635524407550249
	a 408 234 0.7635524407550249
1.754926729054513 2
	a 234 413 0.943180543987861
	a 413 234 0.943180543987861
