28.25617332497107 1
	a 56 136 0.868245416288612
6.328735126851674 1
	a 135 145 0.9688517460642906
6.379413648716464 1
	a 77 61 0.9686062772936068
10.8165474979155 1
	a 176 157 0.9473537215904914
10.69955507296036 1
	a 239 206 0.9479080497510697
6.392987881458542 1
	a 146 113 0.9685405390892792
56.61032553540834 1
	a 14 215 0.7534808863876701
75.67517313480717 1
	a 149 64 0.684972994438775
21.3331067124936 1
	a 3 81 0.8988262499348295
6.379413648716464 1
	a 29 62 0.9686062772936068
2.712315054365001 1
	a 176 173 0.9865299685964932
1.801036897166395 1
	a 237 244 0.9910352407514
9.79721739932811 1
	a 148 132 0.9521943774899192
22.0048455601926 1
	a 169 129 0.8958124314683215
61.82417935086426 1
	a 178 234 0.7340920153192682
19.54206026618794 1
	a 194 247 0.9069115967837168
8.136945163095014 1
	a 20 1 0.9601317870014974
37.3036867721413 1
	a 105 206 0.8298432645952039
6.846711116319194 1
	a 192 179 0.9663457828279073
6.173615237124822 1
	a 114 144 0.9696034784282659
20.50013393474586 1
	a 245 198 0.9025775453202525
15.36978530806835 1
	a 190 189 0.9260297415563544
2.712315054365001 1
	a 31 58 0.9865299685964932
3.642604038737493 1
	a 220 207 0.98195183450743
15.94818537834883 1
	a 127 145 0.923355531989717
2.712315054365001 1
	a 137 126 0.9865299685964932
3.816718752979413 1
	a 91 119 0.9810973451939815
6.379413648716464 1
	a 62 29 0.9686062772936068
27.46806027932832 1
	a 222 237 0.8716735439298737
6.392987881458542 1
	a 26 76 0.9685405390892792
27.39235790863512 1
	a 142 139 0.8720035451493506
22.62035299355285 1
	a 101 124 0.893059773292506
1.278597582319074 1
	a 140 145 0.9936274037579175
22.8235275115609 1
	a 37 27 0.8921529990091028
27.68211570122947 1
	a 247 198 0.8707411107587915
9.212097327405774 1
	a 119 152 0.9549841966612392
37.18457054422494 1
	a 224 175 0.8303376508013419
5.831249050230851 1
	a 132 152 0.9712646971139117
20.62640540045981 1
	a 20 19 0.9020078762237146
35.32236232344811 1
	a 191 247 0.8381050640334352
15.58350841110166 1
	a 54 61 0.9250407003535276
2.712315054365001 1
	a 173 176 0.9865299685964932
82.40208717185766 1
	a 160 175 0.66231736416524
20.41424992511741 1
	a 179 156 0.9029652134434908
7.443386192836144 1
	a 216 239 0.9634671068290531
3.199486257107753 1
	a 97 119 0.9841298480006107
78.3190615132018 1
	a 143 10 0.6759776216426744
3.616420072486676 1
	a 209 214 0.9820803998915988
3.642604038737493 1
	a 207 220 0.98195183450743
16.85274495033678 1
	a 123 134 0.9191888112861742
3.616420072486676 1
	a 132 125 0.9820803998915988
75.67517313480717 1
	a 64 149 0.684972994438775
12.89908189245182 1
	a 152 79 0.9375404180668441
4.654109560445545 1
	a 12 55 0.9769981233187751
9.520594685531725 1
	a 138 132 0.9535122816492002
3.835792746957224 1
	a 181 188 0.981003782431322
17.89485409540307 1
	a 214 180 0.9144117922008579
10.84424725650286 1
	a 205 237 0.947222523329177
5.494169496883009 1
	a 73 45 0.9729030447112115
1.80821003624333 1
	a 54 36 0.9909996972207403
2.712315054365001 1
	a 88 112 0.9865299685964932
2.841323276105651 1
	a 122 101 0.9858938214043831
20.79951685949994 1
	a 174 200 0.9012274745160387
1.80821003624333 1
	a 77 96 0.9909996972207403
7.692528423648898 1
	a 98 39 0.9622676523495237
3.658938715057739 1
	a 162 168 0.9818716384555221
25.25458320981774 1
	a 167 205 0.8813742727723615
5.831249050230851 1
	a 115 137 0.9712646971139117
6.566659915746747 1
	a 58 109 0.9676998621187332
11.75336523558168 1
	a 205 216 0.942926609327066
7.256139895669023 1
	a 227 247 0.9643695574554602
0.9041050181216709 1
	a 59 52 0.9954896771040572
2.557195164638154 1
	a 119 108 0.9872954174986995
2.269197302872094 1
	a 149 142 0.9887181364487514
0.9041050181216709 1
	a 133 137 0.9954896771040572
29.93865035031242 1
	a 239 175 0.8609720375873217
1.801036897166395 1
	a 68 60 0.9910352407514
18.11964151510082 1
	a 157 166 0.9133846282062967
22.43310672652257 1
	a 160 162 0.8938962753550455
1.278597582319074 1
	a 245 247 0.9936274037579175
3.43344802220322 1
	a 130 144 0.9829792773240782
1.010820149830644 1
	a 69 77 0.9949586497282615
6.328735126851674 1
	a 213 195 0.9688517460642906
41.7300923303743 1
	a 56 153 0.8116788989664742
24.91815491345129 1
	a 119 20 0.8828581166654038
16.68716164227737 1
	a 209 212 0.9199501380207048
0.9041050181216709 1
	a 61 55 0.9954896771040572
8.677148604569885 1
	a 108 64 0.9575419536901376
19.18715667418668 1
	a 54 96 0.9085223564386373
2.654077009075358 1
	a 126 110 0.986817278310307
6.328735126851674 1
	a 126 75 0.9688517460642906
56.61032553540834 1
	a 215 14 0.7534808863876701
54.98850943625787 1
	a 71 214 0.7596157640380936
9.945155199338348 1
	a 212 236 0.9514903102104922
58.07196282520307 1
	a 202 205 0.7479943802085812
1.801036897166395 1
	a 135 142 0.9910352407514
6.004238424956706 1
	a 237 241 0.9704249679635806
5.014785169840341 1
	a 126 89 0.975237814079835
15.2892541426102 1
	a 154 71 0.9264026879075085
26.14148558066493 1
	a 192 222 0.8774744613824327
2.999103314027322 1
	a 167 163 0.9851163562932524
6.846711116319194 1
	a 218 194 0.9663457828279073
5.014785169840341 1
	a 89 126 0.975237814079835
17.27054152299766 1
	a 136 113 0.9172706458162029
3.816718752979413 1
	a 119 91 0.9810973451939815
14.493077354174 1
	a 204 247 0.9300979397962246
3.835792746957224 1
	a 171 170 0.981003782431322
15.79770020217638 1
	a 168 169 0.9240505500312143
79.95645244867843 1
	a 166 143 0.6704660159096721
14.56182366140509 1
	a 7 27 0.9297782907424808
5.831249050230851 1
	a 137 115 0.9712646971139117
6.665768872211933 1
	a 25 81 0.9672204422980087
22.0048455601926 1
	a 129 169 0.8958124314683215
17.31766633954139 1
	a 161 195 0.9170545402225186
1.801036897166395 1
	a 210 203 0.9910352407514
35.18200990426625 1
	a 205 193 0.8386934208188633
9.945155199338348 1
	a 236 212 0.9514903102104922
6.063227540421736 1
	a 223 239 0.9701387876170422
5.11439029913947 1
	a 123 100 0.9747522415608111
2.767965249724438 1
	a 134 145 0.9862555038559035
5.499456130429141 1
	a 122 74 0.9728773281417317
9.035417908322115 1
	a 183 207 0.9558281996667543
10.43325356177717 1
	a 247 218 0.9491710371336511
2.712315054365001 1
	a 58 31 0.9865299685964932
57.19731740608653 1
	a 151 171 0.7512726926770701
7.098774630992835 1
	a 0 61 0.9651286474055482
14.89814611721076 1
	a 167 199 0.9282160780381652
2.712315054365001 1
	a 117 96 0.9865299685964932
24.37886012765646 1
	a 159 213 0.8852419330649735
76.14305329809407 1
	a 188 175 0.6833724409543719
26.25000334709588 1
	a 186 243 0.8769984826812268
5.424630108730006 1
	a 246 241 0.973241378938998
17.01393120391422 1
	a 152 126 0.91844830672004
18.08210036243335 1
	a 68 62 0.913556091857009
8.853803914186384 1
	a 109 35 0.9566965527550114
16.68716164227737 1
	a 212 209 0.9199501380207048
6.846711116319194 1
	a 80 23 0.9663457828279073
3.250862265857187 1
	a 83 59 0.9838770771494869
9.792987061811493 1
	a 176 159 0.9522145182209147
6.328735126851674 1
	a 82 30 0.9688517460642906
18.42201332063433 1
	a 4 41 0.9120047627542625
16.66912372251349 1
	a 235 227 0.9200331116962117
3.250862265857187 1
	a 181 187 0.9838770771494869
6.389005268716883 1
	a 110 137 0.9685598258907672
6.379413648716464 1
	a 61 77 0.9686062772936068
40.67615860673384 1
	a 224 160 0.8159674675317615
1.278597582319074 1
	a 77 67 0.9936274037579175
2.654077009075358 1
	a 37 61 0.986817278310307
1.801036897166395 1
	a 242 247 0.9910352407514
4.520525090608341 1
	a 247 233 0.9776509001783111
25.89374564687214 1
	a 168 160 0.8785620621735756
14.50040226234664 1
	a 151 88 0.9300638760100108
3.835792746957224 1
	a 145 128 0.981003782431322
2.811857046997037 1
	a 92 65 0.9860390849711355
8.27952149980044 1
	a 41 92 0.959447570548437
9.352883536175327 1
	a 132 111 0.9543121901896832
4.520525090608341 1
	a 144 154 0.9776509001783111
17.9999142026027 1
	a 222 241 0.9139315773358974
2.654077009075358 1
	a 58 35 0.986817278310307
3.835792746957224 1
	a 188 181 0.981003782431322
6.665768872211933 1
	a 137 94 0.9672204422980087
1.278597582319074 1
	a 90 104 0.9936274037579175
14.93006280242366 1
	a 243 238 0.9280679619550541
37.92490230267031 1
	a 143 173 0.8272697058815314
7.443386192836144 1
	a 239 216 0.9634671068290531
2.767965249724438 1
	a 102 120 0.9862555038559035
3.250862265857187 1
	a 119 95 0.9838770771494869
69.29034874906243 1
	a 105 216 0.7071929449467412
6.201759001686598 1
	a 29 76 0.9694670465676806
2.712315054365001 1
	a 76 61 0.9865299685964932
2.654077009075358 1
	a 154 149 0.986817278310307
16.66912372251349 1
	a 227 235 0.9200331116962117
34.40608615316198 1
	a 231 175 0.8419535514873101
2.654077009075358 1
	a 234 243 0.986817278310307
2.712315054365001 1
	a 120 133 0.9865299685964932
6.379413648716464 1
	a 221 236 0.9686062772936068
14.43702079374575 1
	a 144 44 0.9303586667899958
0.9041050181216709 1
	a 55 61 0.9954896771040572
30.17906100609166 1
	a 96 36 0.8599377251004027
36.37665726718014 1
	a 129 213 0.833698638760486
2.654077009075358 1
	a 5 29 0.986817278310307
2.712315054365001 1
	a 149 147 0.9865299685964932
6.328735126851674 1
	a 195 213 0.9688517460642906
32.99788029460174 1
	a 206 211 0.847902690559846
11.69951152703009 1
	a 179 205 0.943180543987861
11.02728416125295 1
	a 119 78 0.9463560364934274
14.29515550550023 1
	a 8 123 0.9310188288997154
20.41424992511741 1
	a 156 179 0.9029652134434908
17.27054152299766 1
	a 113 136 0.9172706458162029
9.234459581471329 1
	a 163 155 0.9548774246343368
22.59116116031725 1
	a 154 161 0.8931901330657334
1.801036897166395 1
	a 210 215 0.9910352407514
2.811857046997037 1
	a 1 19 0.9860390849711355
39.18805677676434 1
	a 28 16 0.8220613235219756
15.36978530806835 1
	a 189 190 0.9260297415563544
22.59116116031725 1
	a 161 154 0.8931901330657334
57.39550072193155 1
	a 2 189 0.7505286128317901
3.616420072486676 1
	a 232 246 0.9820803998915988
27.46806027932832 1
	a 237 222 0.8716735439298737
15.03384691607438 1
	a 66 69 0.9275864933336478
6.328735126851674 1
	a 145 135 0.9688517460642906
29.65684964625623 1
	a 154 158 0.8621860052606684
6.665768872211933 1
	a 77 43 0.9672204422980087
20.77967247763619 1
	a 98 81 0.9013169004632239
5.697970529531783 1
	a 84 126 0.9719121564311943
8.853803914186384 1
	a 35 109 0.9566965527550114
