25.24394578140604 1
	a 151 140 0.8814211517976839
49.69559208901973 1
	a 461 362 0.7799870512131354
11.30501708587476 1
	a 238 172 0.945042777393949
5.424630108730006 1
	a 679 671 0.973241378938998
30.71295623562359 1
	a 931 915 0.8576452031325255
28.9658782848329 1
	a 524 501 0.8651698859221766
14.08605985304433 1
	a 51 86 0.9319926978378004
7.364212149283868 1
	a 534 550 0.9638485902664232
1.278597582319074 1
	a 14 1 0.9936274037579175
4.003965020009698 1
	a 86 64 0.9801792409626143
12.29006771119488 1
	a 685 676 0.940399646184204
3.250862265857187 1
	a 926 930 0.9838770771494869
61.12230131855482 1
	a 530 452 0.7366727563804837
11.59960412528657 1
	a 653 665 0.9436518152744097
85.64078238415982 1
	a 701 800 0.6516785162314032
105.2458379154217 1
	a 763 599 0.590828677388179
4.003965020009698 1
	a 64 86 0.9801792409626143
28.23437453928964 1
	a 341 346 0.8683400549247794
18.94613098590045 1
	a 757 746 0.9096179025743695
6.201759001686598 1
	a 377 385 0.9694670465676806
21.69852043492003 1
	a 977 983 0.8971855320143377
15.2875991482377 1
	a 754 718 0.9264103538954022
16.0929124302082 1
	a 91 181 0.9226876010682319
4.827538902810058 1
	a 876 882 0.9761512898261859
37.17502087469735 1
	a 437 493 0.8303772989987097
175.4816509009017 1
	a 477 586 0.4158593177072419
11.89802896995295 1
	a 289 212 0.9422448195097276
8.058147197093438 1
	a 185 178 0.9605101436904928
17.3246503097117 1
	a 887 902 0.9170225173738712
12.56022833437425 1
	a 80 126 0.9391302089848375
17.19830106082936 1
	a 508 524 0.9176020259371687
5.97634304818024 1
	a 330 307 0.9705603292538197
28.12995327269581 1
	a 495 548 0.8687935391398153
17.77214748563873 1
	a 110 104 0.9149729861935322
9.63528176323798 1
	a 92 87 0.952965660704379
44.94486881154852 1
	a 390 258 0.7987363648409608
18.09237925293171 1
	a 903 925 0.9135091413483557
29.30465864054084 1
	a 462 366 0.8637056136305136
3.616420072486676 1
	a 68 47 0.9820803998915988
53.31943181988494 1
	a 766 669 0.7659815780303885
19.88714289688254 1
	a 144 200 0.9053481487703444
43.73363886671841 1
	a 682 663 0.8035883090774022
1.801036897166395 1
	a 626 622 0.9910352407514
33.60146475262501 1
	a 720 695 0.8453476435360879
23.64214035916899 1
	a 875 901 0.888508822485926
39.16307795236582 1
	a 314 84 0.8221640005609467
14.03254301402248 1
	a 514 539 0.9322421177226203
28.26047891416204 1
	a 838 783 0.8682267249494083
4.654109560445545 1
	a 834 822 0.9769981233187751
21.88192729944353 1
	a 416 398 0.8963631592173964
60.77510871770578 1
	a 464 263 0.7379527036809421
2.712315054365001 1
	a 195 211 0.9865299685964932
11.59960412528657 1
	a 568 551 0.9436518152744097
18.97276236358791 1
	a 48 64 0.9094967887485448
6.389005268716883 1
	a 498 509 0.9685598258907672
67.64476592897439 1
	a 744 656 0.7130356715143733
21.44328592257951 1
	a 874 884 0.8983312264694734
19.61512720089015 1
	a 832 878 0.9065803310467169
30.78360342365528 1
	a 228 69 0.857342305523185
192.4687151173607 1
	a 148 452 0.3819965982244525
29.65926876005323 1
	a 287 409 0.8621755766934337
2.712315054365001 1
	a 414 408 0.9865299685964932
104.919657769983 1
	a 701 859 0.5917930464891569
9.068967346924076 1
	a 256 192 0.9556678756165912
26.99514208123843 1
	a 326 371 0.8737371341503742
3.529586029305191 1
	a 643 648 0.9825068825271878
5.424630108730006 1
	a 671 679 0.973241378938998
7.511586179541625 1
	a 390 403 0.9631386206197394
23.15268092689904 1
	a 166 143 0.8906859305335965
9.084102155337925 1
	a 833 862 0.9555955591018436
51.58246812206882 1
	a 937 891 0.7726629603018883
22.63219161589165 1
	a 166 153 0.8930069118701275
29.65926876005323 1
	a 409 287 0.8621755766934337
16.46236581440295 1
	a 559 577 0.920984724102771
12.86118473336505 1
	a 483 462 0.9377180854909078
17.58440420194315 1
	a 941 951 0.9158322896161508
4.520525090608341 1
	a 213 185 0.9776509001783111
121.9628700422982 1
	a 621 426 0.5434517514125323
33.76110564963181 1
	a 639 641 0.8446731524823081
61.33287295258965 1
	a 788 768 0.7358975526116047
26.60344825606091 1
	a 468 520 0.8754499980998416
2.712315054365001 1
	a 217 198 0.9865299685964932
139.4236364967188 1
	a 879 957 0.4980184360392413
4.520525090608341 1
	a 160 132 0.9776509001783111
182.7539233451457 1
	a 409 697 0.4010097183326468
33.99320664605266 1
	a 866 786 0.8436934736516351
17.04337654819692 1
	a 180 289 0.9183130965405737
25.09894098848509 1
	a 370 309 0.8820604349754548
23.4731990543881 1
	a 152 3 0.8892596687625548
13.63465661193385 1
	a 448 407 0.9340985960895423
2.712315054365001 1
	a 445 435 0.9865299685964932
75.99276304696352 1
	a 907 958 0.6838861550245735
28.59280176005171 1
	a 229 349 0.8667852649756981
1.80821003624333 1
	a 883 882 0.9909996972207403
2.811857046997037 1
	a 843 834 0.9860390849711355
28.9658782848329 1
	a 501 524 0.8651698859221766
77.47595025246503 1
	a 799 677 0.6788332581861171
19.44407321363974 1
	a 453 486 0.9073560336189186
19.71596025548807 1
	a 981 986 0.9061233799257501
12.65747025370335 1
	a 806 778 0.9386737058518245
5.237383841699717 1
	a 685 684 0.9741529846849716
20.83797848148636 1
	a 929 905 0.9010541778275091
2.811857046997037 1
	a 298 314 0.9860390849711355
4.827538902810058 1
	a 509 518 0.9761512898261859
112.6897477357476 1
	a 410 607 0.5692425060777515
9.621685289512461 1
	a 855 845 0.9530304477693786
14.38850965270406 1
	a 713 729 0.9305843579627501
55.61891642990629 1
	a 698 806 0.7572251981403232
20.49490736390975 1
	a 689 659 0.9026011325558305
20.49333587870409 1
	a 29 152 0.9026082247053255
25.50115636594784 1
	a 517 466 0.8802883261422841
6.328735126851674 1
	a 82 113 0.9688517460642906
19.88714289688254 1
	a 478 521 0.9053481487703444
14.28568440269872 1
	a 663 645 0.9310629188188508
2.712315054365001 1
	a 886 893 0.9865299685964932
32.47302894811341 1
	a 865 790 0.8501307270952864
20.43405470718137 1
	a 156 31 0.9028758027241455
1.010820149830644 1
	a 961 962 0.9949586497282615
3.658938715057739 1
	a 436 425 0.9818716384555221
7.511586179541625 1
	a 507 521 0.9631386206197394
48.35559269658427 1
	a 430 478 0.7852305080443557
4.515512129651196 1
	a 784 794 0.9776754051143772
27.59813579704286 1
	a 223 144 0.8711068113074252
4.520525090608341 1
	a 170 196 0.9776509001783111
105.2458379154217 1
	a 599 763 0.590828677388179
37.72460913721816 1
	a 1 180 0.8280986032087961
4.515512129651196 1
	a 707 717 0.9776754051143772
35.15819514521541 1
	a 412 258 0.8387932931735071
14.64027589764773 1
	a 660 683 0.9294136463344864
58.53099222227822 1
	a 810 855 0.7462795917602854
40.26498300607849 1
	a 803 793 0.8176467226800437
11.59960412528657 1
	a 99 32 0.9436518152744097
55.43835062499173 1
	a 612 555 0.7579091517274595
43.60746784707197 1
	a 225 79 0.8040954167979908
168.7975362611671 1
	a 385 664 0.4299924273318195
2.001419840246826 1
	a 913 914 0.990042805211115
5.029058064803587 1
	a 273 294 0.9751682192287419
31.40128149261672 1
	a 291 147 0.854698582350526
7.135117904784957 1
	a 761 776 0.9649532836658753
7.592804012761039 1
	a 289 241 0.962747579864537
7.511586179541625 1
	a 20 64 0.9631386206197394
12.88754174531635 1
	a 949 959 0.9375945163994356
24.87521366205792 1
	a 792 741 0.8830476921778619
11.30501708587476 1
	a 393 429 0.945042777393949
43.70069451546825 1
	a 190 229 0.8037206884575587
19.01401474680742 1
	a 172 151 0.9093092135436885
1.278597582319074 1
	a 265 262 0.9936274037579175
9.035417908322115 1
	a 120 174 0.9558281996667543
10.69817784978625 1
	a 614 602 0.9479145771782092
8.466767766830733 1
	a 769 750 0.9585497260291234
1.010820149830644 1
	a 729 732 0.9949586497282615
43.25327530353063 1
	a 612 565 0.8055207014931364
28.78624485328671 1
	a 578 606 0.8659473021721794
6.392987881458542 1
	a 319 300 0.9685405390892792
10.29371983982606 1
	a 133 78 0.9498334750257403
14.49189113825338 1
	a 512 515 0.9301034562975036
84.41956192819529 1
	a 569 669 0.6556699054189843
5.256394638736764 1
	a 676 684 0.9740603919623205
9.147765312925651 1
	a 176 194 0.9552914263561927
6.379413648716464 1
	a 828 850 0.9686062772936068
73.22246008303053 1
	a 540 627 0.6934249249301215
8.003510925374981 1
	a 315 343 0.9607725730002534
16.75839851773872 1
	a 988 994 0.9196225245025127
67.2130602430727 1
	a 986 985 0.7145764415823529
2.631783888906859 1
	a 419 418 0.9869272806217786
23.66139972481234 1
	a 368 257 0.8884232660239521
15.94055786622661 1
	a 432 379 0.9233907471887904
36.61110920787961 1
	a 382 207 0.832721900048975
1.801036897166395 1
	a 94 86 0.9910352407514
34.47884753050489 1
	a 262 71 0.8416472986987998
29.16292354341794 1
	a 648 635 0.8643179175624484
16.0929124302082 1
	a 700 704 0.9226876010682319
53.52650869624589 1
	a 902 950 0.7651889031001806
33.74463140963361 1
	a 897 916 0.8447427320891169
100.4569403706757 1
	a 444 521 0.6051464997887225
63.91887431953634 1
	a 635 598 0.7264436434937704
2.811857046997037 1
	a 581 585 0.9860390849711355
25.8168471753768 1
	a 165 269 0.8788999275212099
12.16040937767254 1
	a 342 305 0.9410094970983242
34.8169733141797 1
	a 507 430 0.8402255875681548
3.658938715057739 1
	a 23 22 0.9818716384555221
67.33098281127053 1
	a 617 566 0.7141552423209764
10.05187033104732 1
	a 872 889 0.9509827535636006
8.136945163095014 1
	a 925 911 0.9601317870014974
32.05706599083978 1
	a 807 877 0.8519006815025049
43.44790202091851 1
	a 438 524 0.8047372035294607
16.62594291342715 1
	a 32 94 0.9202317720119693
59.47361136075104 1
	a 674 773 0.7427705802800563
32.56041271728275 1
	a 422 293 0.8497593700915294
4.25686019075267 1
	a 719 730 0.9789406112538208
1.801036897166395 1
	a 972 969 0.9910352407514
2.557195164638154 1
	a 721 716 0.9872954174986995
28.84049344477339 1
	a 9 8 0.8657124519171355
10.69955507296036 1
	a 94 136 0.9479080497510697
21.57049316712405 1
	a 860 813 0.897760036937308
10.12070837480092 1
	a 974 980 0.9506554909251372
29.16093041376865 1
	a 12 133 0.8643265310937075
7.997282274673643 1
	a 500 513 0.9608024950499893
155.5938943578065 1
	a 523 554 0.4593377632974709
1.278597582319074 1
	a 971 970 0.9936274037579175
63.91887431953634 1
	a 598 635 0.7264436434937704
5.588667487618936 1
	a 674 664 0.9724434663783036
8.138468549913707 1
	a 282 231 0.9601244737688071
12.74818185262339 1
	a 365 385 0.9382480594231816
43.10929923143613 1
	a 310 260 0.8061007887977728
16.85551642399616 1
	a 120 158 0.9191760738365359
15.34664133466729 1
	a 741 775 0.9261369077954021
67.22166030096292 1
	a 70 312 0.7145457152491552
15.68054714789635 1
	a 964 972 0.924591985313952
30.32978806049328 1
	a 297 361 0.8592898898454483
3.816718752979413 1
	a 455 445 0.9810973451939815
11.61121174879323 1
	a 499 521 0.9435970490887228
17.41058651633652 1
	a 163 233 0.9166285748320881
55.11104384415309 1
	a 791 704 0.7591505112369669
27.82609303907098 1
	a 552 504 0.8701145013943418
12.27851023537989 1
	a 326 264 0.9404539909852466
5.029058064803587 1
	a 931 927 0.9751682192287419
23.4731990543881 1
	a 3 152 0.8892596687625548
9.822161686914926 1
	a 40 32 0.9520756258435579
57.66322375743472 1
	a 464 544 0.7495246159721318
20.7381121562475 1
	a 995 998 0.9015042150249649
7.997282274673643 1
	a 513 500 0.9608024950499893
21.31136223338692 1
	a 136 91 0.8989239777903977
1.278597582319074 1
	a 196 202 0.9936274037579175
2.712315054365001 1
	a 582 588 0.9865299685964932
122.2934662886979 1
	a 139 427 0.5425541779074033
39.57165196069469 1
	a 897 817 0.82048614076316
28.53143294976848 1
	a 964 978 0.8670512736876194
23.32067472962094 1
	a 263 119 0.8899380960739465
11.2770700244281 1
	a 407 418 0.9451748424636586
1.278597582319074 1
	a 850 845 0.9936274037579175
3.658938715057739 1
	a 720 729 0.9818716384555221
26.64553844326389 1
	a 430 329 0.875265778213611
81.53449814172342 1
	a 630 523 0.6651967012512773
33.3490901052778 1
	a 214 260 0.846415038420086
7.511586179541625 1
	a 521 507 0.9631386206197394
4.520525090608341 1
	a 185 213 0.9776509001783111
14.45488138837874 1
	a 413 354 0.9302755867046462
150.7911439954255 1
	a 648 653 0.470501693793439
21.87542606107921 1
	a 787 809 0.896392297043769
15.53041722472235 1
	a 912 909 0.9252862904899193
9.456860826931582 1
	a 94 40 0.9538161851536465
255.9433302226819 1
	a 727 597 0.278116093175096
34.92176918161937 1
	a 255 46 0.8397854420453337
1.278597582319074 1
	a 726 731 0.9936274037579175
79.5511920756515 1
	a 705 762 0.6718259598113354
8.518002373555337 1
	a 641 631 0.9583042028874746
4.018237914972951 1
	a 50 22 0.9801092934817696
5.237383841699717 1
	a 227 193 0.9741529846849716
44.21462975824145 1
	a 615 580 0.80165803782898
30.32978806049328 1
	a 361 297 0.8592898898454483
8.49820759692023 1
	a 239 184 0.958399054669545
3.250862265857187 1
	a 176 195 0.9838770771494869
43.84877429010315 1
	a 171 299 0.8031258348071384
52.15548026890431 1
	a 624 564 0.7704524021973143
21.44328592257951 1
	a 884 874 0.8983312264694734
45.62507849039382 1
	a 585 541 0.7960244381210164
18.94477066949018 1
	a 27 26 0.9096240894362094
12.84686045509993 1
	a 961 951 0.9377852485699898
33.89912981757099 1
	a 68 270 0.8440904270356635
4.520525090608341 1
	a 490 499 0.9776509001783111
2.712315054365001 1
	a 81 61 0.9865299685964932
30.09094614746782 1
	a 910 882 0.8603166750274337
35.01384772705315 1
	a 319 407 0.8393988999228523
8.138468549913707 1
	a 697 713 0.9601244737688071
9.286659531260621 1
	a 181 130 0.9546282343869431
3.835792746957224 1
	a 873 878 0.981003782431322
18.29345787468676 1
	a 258 198 0.9125911670926614
78.80344605332087 1
	a 944 958 0.6743424370403707
8.368814618220709 1
	a 170 143 0.9590193058306061
3.658938715057739 1
	a 963 960 0.9818716384555221
10.07900360756717 1
	a 356 398 0.9508537459247081
12.9200584247561 1
	a 317 366 0.9374420914889801
57.66322375743472 1
	a 544 464 0.7495246159721318
7.256139895669023 1
	a 710 726 0.9643695574554602
8.867002792661776 1
	a 653 654 0.9566334182306084
6.037725480312412 1
	a 867 856 0.9702624981924419
30.55718605329402 1
	a 348 366 0.8583134410759414
24.71360244898512 1
	a 428 334 0.8837615325942288
12.19211055438596 1
	a 243 313 0.9408603533769324
22.3010606817842 1
	a 400 303 0.8944866475622222
22.60360719054404 1
	a 286 144 0.8931345514382057
15.37065171190722 1
	a 220 314 0.9260257299864285
32.84104688477086 1
	a 496 540 0.8485678486741254
17.46807710787085 1
	a 805 845 0.9163651251036822
167.7874126338425 1
	a 662 385 0.4321696484118702
77.83453948884629 1
	a 368 511 0.6776172371436013
34.8169733141797 1
	a 430 507 0.8402255875681548
23.38764573623846 1
	a 744 694 0.8896401457112131
6.665768872211933 1
	a 6 57 0.9672204422980087
142.2519847206147 1
	a 620 426 0.4910251533882788
20.86481584443378 1
	a 192 103 0.9009332763493544
1.801036897166395 1
	a 144 138 0.9910352407514
1.278597582319074 1
	a 873 871 0.9936274037579175
46.70494863633114 1
	a 567 484 0.7917380053805937
24.72350987286836 1
	a 336 410 0.8837177546779782
65.58822147975201 1
	a 475 222 0.7204054450066247
8.043428939998254 1
	a 775 795 0.9605808314676499
41.94186545970452 1
	a 317 363 0.8108198949294388
46.40003129298228 1
	a 588 636 0.7929459992384484
41.69495850800175 1
	a 55 5 0.8118214984025647
21.62785826888185 1
	a 712 744 0.8975025733832656
46.70494863633114 1
	a 484 567 0.7917380053805937
80.20967906432107 1
	a 222 422 0.6696176538920511
27.26082349692651 1
	a 101 269 0.8725772261422476
10.04048677490098 1
	a 654 657 0.9510368829318947
43.10929923143613 1
	a 260 310 0.8061007887977728
49.69559208901973 1
	a 362 461 0.7799870512131354
30.72241974394293 1
	a 234 222 0.8576046224300482
14.80158685744401 1
	a 436 456 0.9286643255225663
2.557195164638154 1
	a 900 898 0.9872954174986995
34.92176918161937 1
	a 46 255 0.8397854420453337
1.278597582319074 1
	a 43 52 0.9936274037579175
80.76649859987147 1
	a 551 453 0.6677559657002804
15.76416513884421 1
	a 316 379 0.9242055034903736
29.41809488895452 1
	a 502 437 0.8632158749062311
21.62246296191254 1
	a 383 290 0.8975267852192855
1.801036897166395 1
	a 886 883 0.9910352407514
24.86871447299832 1
	a 800 859 0.8830763881136107
3.529586029305191 1
	a 158 174 0.9825068825271878
81.35469401514982 1
	a 591 652 0.6657949957098522
104.919657769983 1
	a 859 701 0.5917930464891569
9.958325869737166 1
	a 754 775 0.9514276534472765
27.26160810939808 1
	a 532 479 0.872573802974092
24.05126279760184 1
	a 867 812 0.8866931357344308
4.023039013987514 1
	a 164 187 0.9800857657553526
27.19124628704692 1
	a 329 389 0.8728808363940683
15.41602889345092 1
	a 109 58 0.9258156516309203
9.822161686914926 1
	a 32 40 0.9520756258435579
87.00245639852088 1
	a 787 634 0.6472567174269994
85.29590034423192 1
	a 623 666 0.6528032467813872
44.81588801432675 1
	a 642 594 0.7992516392398951
19.71596025548807 1
	a 986 981 0.9061233799257501
6.328735126851674 1
	a 330 353 0.9688517460642906
71.07802225077695 1
	a 148 249 0.7008999609051821
40.45805333681452 1
	a 222 145 0.8168577869256636
2.001419840246826 1
	a 543 548 0.990042805211115
13.22852263236472 1
	a 35 112 0.9359973692284843
121.9914261691587 1
	a 701 763 0.5433741625659769
4.520525090608341 1
	a 89 110 0.9776509001783111
6.379413648716464 1
	a 850 828 0.9686062772936068
5.256394638736764 1
	a 402 417 0.9740603919623205
24.7094538124253 1
	a 764 711 0.8837798648113839
23.01475642146968 1
	a 555 538 0.8913003794604645
183.3532849697241 1
	a 477 459 0.3998097680597998
9.234459581471329 1
	a 169 195 0.9548774246343368
207.327549030584 1
	a 530 682 0.3546450867771683
4.520525090608341 1
	a 933 927 0.9776509001783111
1.278597582319074 1
	a 612 615 0.9936274037579175
8.077556945538147 1
	a 975 972 0.9604169319122707
35.67116423122939 1
	a 612 580 0.8366446746438244
13.1476734931717 1
	a 527 506 0.9363758186245457
11.18423275406312 1
	a 410 375 0.9456136815693004
2.712315054365001 1
	a 461 456 0.9865299685964932
8.043428939998254 1
	a 42 88 0.9605808314676499
26.41228757594416 1
	a 478 507 0.8762871562006135
20.26403031472561 1
	a 47 156 0.9036436836232137
8.043428939998254 1
	a 119 102 0.9605808314676499
14.10790923846993 1
	a 510 480 0.9318908860608689
53.77396609722052 1
	a 562 464 0.7642427302784763
14.71720821280759 1
	a 705 683 0.9290562053680281
2.811857046997037 1
	a 446 440 0.9860390849711355
54.46026344665801 1
	a 636 708 0.761624735853407
42.03399147065173 1
	a 907 947 0.810446492923552
51.34901964752896 1
	a 647 590 0.7735653718129868
44.89252435564049 1
	a 268 449 0.7989454393016473
27.26082349692651 1
	a 269 101 0.8725772261422476
19.0510421870036 1
	a 486 524 0.909140882163748
17.41058651633652 1
	a 233 163 0.9166285748320881
53.05404782461098 1
	a 548 494 0.7669986489244205
94.11899404107844 1
	a 837 947 0.6246305211549688
14.493077354174 1
	a 750 773 0.9300979397962246
38.84292008058966 1
	a 228 18 0.8234811659151685
9.035417908322115 1
	a 818 847 0.9558281996667543
34.7417165467131 1
	a 593 613 0.8405418103675033
3.716832296335478 1
	a 851 838 0.9815874592603586
9.424460234576152 1
	a 781 798 0.953970718717742
1.801036897166395 1
	a 864 867 0.9910352407514
42.00007104762402 1
	a 132 265 0.8105839580198145
20.89933879318241 1
	a 637 612 0.9007777754039916
9.068967346924076 1
	a 119 75 0.9556678756165912
11.53374670481987 1
	a 110 88 0.9439625988119702
0.9041050181216709 1
	a 325 328 0.9954896771040572
68.68638444638418 1
	a 686 791 0.7093317692244081
16.57515128802459 1
	a 314 382 0.9204655020267692
8.853803914186384 1
	a 524 511 0.9566965527550114
77.08998272710394 1
	a 203 29 0.6801445610439183
32.05706599083978 1
	a 877 807 0.8519006815025049
68.99012657375683 1
	a 447 511 0.7082553171379403
89.88944315609264 1
	a 731 619 0.637980719840018
2.811857046997037 1
	a 165 182 0.9860390849711355
15.54676938040628 1
	a 155 224 0.9252106414551519
3.250862265857187 1
	a 930 926 0.9838770771494869
67.18978809771694 1
	a 392 543 0.7146595950542398
15.23487038742331 1
	a 591 570 0.9266546284445556
18.3543485942364 1
	a 72 173 0.912313367719222
56.93783152071931 1
	a 810 849 0.7522480485670244
109.8247597518873 1
	a 814 954 0.5774555560552226
3.529586029305191 1
	a 174 158 0.9825068825271878
103.4932666526778 1
	a 41 451 0.5960287747720233
16.27453329554207 1
	a 473 441 0.9218500847991665
8.368814618220709 1
	a 267 314 0.9590193058306061
24.42419957788406 1
	a 533 575 0.8850412738974557
42.44531052263662 1
	a 734 807 0.8087814452592216
56.93783152071931 1
	a 849 810 0.7522480485670244
49.50946187936064 1
	a 527 563 0.7807132848626408
17.54073987749312 1
	a 793 829 0.9160322574351839
29.79913018993657 1
	a 190 311 0.8615728619145386
63.01069217956182 1
	a 647 577 0.7297498601435016
5.51072426250149 1
	a 84 72 0.9728225171346718
2.654077009075358 1
	a 946 948 0.986817278310307
38.78133338099708 1
	a 100 121 0.8237347823975966
24.42423405442208 1
	a 384 432 0.8850411213316732
4.827538902810058 1
	a 608 613 0.9761512898261859
119.5716879068345 1
	a 733 567 0.5499882087981912
52.07063685401491 1
	a 692 806 0.7707793105965348
52.07063685401491 1
	a 806 692 0.7707793105965348
30.09944699490071 1
	a 438 397 0.8602801087005593
8.898896694428222 1
	a 350 394 0.9564808765324688
24.32877683839876 1
	a 619 602 0.8854636399623252
14.7382593639127 1
	a 88 104 0.9289584220014278
11.41458855656749 1
	a 431 462 0.944525170559318
8.138468549913707 1
	a 231 282 0.9601244737688071
47.89105286983414 1
	a 869 920 0.787056482038375
27.6722136718395 1
	a 962 964 0.8707842223463621
27.18262588679381 1
	a 338 416 0.8729184601158063
73.64898138966366 1
	a 712 841 0.6919476981365813
12.84686045509993 1
	a 85 125 0.9377852485699898
19.01338642395667 1
	a 435 365 0.9093120702469623
10.29669579190371 1
	a 449 467 0.9498193418363727
36.85560304301535 1
	a 835 869 0.8317045451634438
17.55168198929594 1
	a 150 146 0.9159821421692342
12.65747025370335 1
	a 91 130 0.9386737058518245
59.10485790452451 1
	a 378 317 0.7441413396656952
29.37835941313441 1
	a 860 787 0.8633873934117148
9.234459581471329 1
	a 195 169 0.9548774246343368
12.20104531195387 1
	a 194 274 0.9408183225199648
26.60344825606091 1
	a 520 468 0.8754499980998416
47.17695386917374 1
	a 527 451 0.7898716861200765
26.60221807049959 1
	a 342 307 0.8754553829461391
68.72405708605814 1
	a 540 625 0.7091981698066535
6.665768872211933 1
	a 152 187 0.9672204422980087
30.09094614746782 1
	a 882 910 0.8603166750274337
26.99514208123843 1
	a 371 326 0.8737371341503742
55.59682139914723 1
	a 733 862 0.7573088573315913
17.17799534431169 1
	a 344 388 0.9176951934997476
5.877674571679896 1
	a 971 967 0.9710392659291819
14.55751819276147 1
	a 577 590 0.9297983066143058
15.39431446076767 1
	a 890 901 0.9259161748960579
22.87342340998518 1
	a 331 421 0.8919304528935157
80.83700748997225 1
	a 312 260 0.6675205935322955
167.9203049510147 1
	a 148 609 0.4318825836642361
36.79436379098122 1
	a 594 541 0.8319592489774275
2.811857046997037 1
	a 296 281 0.9860390849711355
15.68054714789635 1
	a 972 964 0.924591985313952
9.643850147315728 1
	a 819 850 0.9529248346999484
5.515046577635295 1
	a 909 917 0.9728014931344119
2.712315054365001 1
	a 254 235 0.9865299685964932
1.278597582319074 1
	a 745 747 0.9936274037579175
71.24400438969671 1
	a 567 434 0.7003185178380653
12.41677004322365 1
	a 413 362 0.9398040807119052
6.392987881458542 1
	a 159 125 0.9685405390892792
15.47285918695368 1
	a 592 572 0.9255526171274521
6.392987881458542 1
	a 937 935 0.9685405390892792
25.8168471753768 1
	a 269 165 0.8788999275212099
43.84877429010315 1
	a 299 171 0.8031258348071384
59.66882469161152 1
	a 637 605 0.7420459403907949
34.21746166844206 1
	a 950 953 0.8427479913294752
2.001419840246826 1
	a 343 339 0.990042805211115
40.89533997258255 1
	a 84 285 0.8150737330259759
26.68754692951006 1
	a 507 513 0.8750819545676404
38.98997643848089 1
	a 383 481 0.8228758977585069
7.769929035071291 1
	a 272 314 0.96189532387708
60.74522271263725 1
	a 329 114 0.7380629842115608
37.34036127987522 1
	a 525 586 0.8296911080801668
29.74890784932709 1
	a 414 348 0.861789240109605
29.51641353708654 1
	a 835 802 0.8627916281038707
28.66664577301698 1
	a 62 61 0.8664652895382842
10.3039895687269 1
	a 996 994 0.9497847036164766
4.515512129651196 1
	a 765 776 0.9776754051143772
2.712315054365001 1
	a 111 130 0.9865299685964932
2.712315054365001 1
	a 738 742 0.9865299685964932
8.868902889904698 1
	a 943 949 0.9566243297911785
4.520525090608341 1
	a 933 928 0.9776509001783111
6.665768872211933 1
	a 191 238 0.9672204422980087
64.18938389711589 1
	a 990 977 0.7254617578514493
64.49534433656098 1
	a 635 558 0.7243527933247452
7.256139895669023 1
	a 741 754 0.9643695574554602
18.24341870575394 1
	a 876 836 0.9128195221761005
31.56734409688307 1
	a 569 553 0.8539892095297862
15.75421775351915 1
	a 472 503 0.9242514717748385
65.66622910728357 1
	a 299 142 0.7201245141989219
1.278597582319074 1
	a 397 388 0.9936274037579175
6.037725480312412 1
	a 261 251 0.9702624981924419
3.835792746957224 1
	a 125 154 0.981003782431322
14.74077009368485 1
	a 738 749 0.9289467602567906
46.39400085223775 1
	a 308 30 0.7929699086682178
117.3489726018383 1
	a 985 901 0.5561346359761233
42.64697901264231 1
	a 817 862 0.8079663276230931
21.10654417300325 1
	a 890 867 0.8998450286573481
5.986368939957694 1
	a 527 517 0.9705116768091674
13.38938069582059 1
	a 236 314 0.9352448582666206
3.658938715057739 1
	a 191 172 0.9818716384555221
4.515512129651196 1
	a 735 728 0.9776754051143772
35.65794721037999 1
	a 551 504 0.8366999662213207
29.7713260072196 1
	a 922 945 0.8616926468870372
2.811857046997037 1
	a 765 760 0.9860390849711355
13.67787096331635 1
	a 123 202 0.9338967855683178
33.24083064165055 1
	a 593 608 0.8468733246337723
158.0867773380013 1
	a 405 620 0.4536479207800558
47.09773009984546 1
	a 41 4 0.7901846311589991
3.816718752979413 1
	a 751 762 0.9810973451939815
31.74873577159484 1
	a 580 602 0.8532150279935561
8.868902889904698 1
	a 949 943 0.9566243297911785
34.91352383426462 1
	a 263 62 0.8398200643723772
38.83713239204248 1
	a 174 13 0.8235049965225411
10.00058132733745 1
	a 971 972 0.951226659626389
6.037725480312412 1
	a 524 536 0.9702624981924419
95.62676087847606 1
	a 605 751 0.6199392408387364
27.82609303907098 1
	a 504 552 0.8701145013943418
12.10009734560816 1
	a 386 375 0.9412933108644451
8.368814618220709 1
	a 195 196 0.9590193058306061
28.88351603548154 1
	a 257 159 0.8655262459830588
5.785892542555228 1
	a 231 243 0.9714849879654753
17.20117750108135 1
	a 421 463 0.9175888288950566
6.389005268716883 1
	a 838 841 0.9685598258907672
9.707840982698835 1
	a 208 156 0.9526199911893775
11.9661768802094 1
	a 681 698 0.941923814125451
8.333803513035958 1
	a 836 813 0.9591872021547203
35.59665313944492 1
	a 505 427 0.8369564292538764
20.43937509398151 1
	a 133 126 0.9028517848010936
35.79804684179879 1
	a 438 420 0.8361140646723781
16.27453329554207 1
	a 441 473 0.9218500847991665
9.914258043217545 1
	a 125 77 0.9516373132884525
50.41251690005109 1
	a 583 636 0.7771960961175699
28.25600778334226 1
	a 347 385 0.8682461349427114
22.81936178741624 1
	a 724 774 0.8921715815190697
19.88317553337885 1
	a 128 126 0.9053661081744904
82.31403725811099 1
	a 567 547 0.6626090132936693
16.57860014730039 1
	a 740 776 0.9204496293837023
15.70968464442038 1
	a 111 20 0.924457293646844
56.92955223928953 1
	a 983 992 0.7522791895780784
104.0144669518714 1
	a 626 809 0.5944775450247466
70.00012483185233 1
	a 908 869 0.7046876498812529
20.26403031472561 1
	a 156 47 0.9036436836232137
6.392987881458542 1
	a 167 131 0.9685405390892792
21.10654417300325 1
	a 867 890 0.8998450286573481
6.566659915746747 1
	a 769 783 0.9676998621187332
32.09970433691522 1
	a 311 432 0.8517190826804771
1.80821003624333 1
	a 607 603 0.9909996972207403
15.79770020217638 1
	a 684 666 0.9240505500312143
22.60262545304169 1
	a 262 314 0.8931389355673849
63.46496643629415 1
	a 167 235 0.7280942082787761
7.671585463777614 1
	a 82 33 0.9623684212895742
177.2980224438278 1
	a 648 938 0.4120996408213077
0.9041050181216709 1
	a 163 160 0.9954896771040572
8.868902889904698 1
	a 667 683 0.9566243297911785
5.718062214254828 1
	a 384 356 0.9718145245721203
29.51641353708654 1
	a 802 835 0.8627916281038707
87.62757211755073 1
	a 249 522 0.6452368239976786
8.868902889904698 1
	a 683 667 0.9566243297911785
16.08728702851179 1
	a 204 296 0.9227135538751992
24.45841886789395 1
	a 342 239 0.8848898594309529
85.64078238415982 1
	a 800 701 0.6516785162314032
3.835792746957224 1
	a 535 529 0.981003782431322
19.18578767836823 1
	a 318 248 0.9085285752764558
20.41424992511741 1
	a 190 316 0.9029652134434908
7.390757757541942 1
	a 680 666 0.9637206690204927
3.250862265857187 1
	a 25 46 0.9838770771494869
17.77214748563873 1
	a 120 13 0.9149729861935322
119.5716879068345 1
	a 567 733 0.5499882087981912
3.835792746957224 1
	a 342 330 0.981003782431322
6.392987881458542 1
	a 300 319 0.9685405390892792
63.5092472398192 1
	a 785 663 0.7279330231400306
5.51072426250149 1
	a 349 378 0.9728225171346718
37.07677648372417 1
	a 715 655 0.830785298759816
3.529586029305191 1
	a 132 106 0.9825068825271878
36.89191717448904 1
	a 808 746 0.8315535457313901
6.281668775765782 1
	a 314 278 0.9690797744765537
28.43135183931415 1
	a 495 537 0.8674852595344845
7.256139895669023 1
	a 726 710 0.9643695574554602
73.43601779511923 1
	a 702 786 0.692684888899073
49.8948225392967 1
	a 383 114 0.7792104522256528
17.99987472335024 1
	a 313 386 0.9139317577425925
73.43601779511923 1
	a 786 702 0.692684888899073
16.10257857859895 1
	a 637 615 0.9226430079694982
168.7975362611671 1
	a 664 385 0.4299924273318195
25.16788791661971 1
	a 528 568 0.8817564105952304
5.515046577635295 1
	a 286 314 0.9728014931344119
2.811857046997037 1
	a 129 108 0.9860390849711355
4.827538902810058 1
	a 134 100 0.9761512898261859
18.48070417185387 1
	a 974 966 0.9117371703400377
33.76110564963181 1
	a 641 639 0.8446731524823081
14.36126523154064 1
	a 399 336 0.9307111327582009
16.89332091231858 1
	a 218 306 0.9190023453505964
37.34036127987522 1
	a 586 525 0.8296911080801668
3.250862265857187 1
	a 732 738 0.9838770771494869
6.392987881458542 1
	a 125 159 0.9685405390892792
2.712315054365001 1
	a 806 803 0.9865299685964932
39.03768545755049 1
	a 70 76 0.8226796281595223
25.24394578140604 1
	a 140 151 0.8814211517976839
40.76671237905453 1
	a 211 210 0.8155981064942798
66.97113635658783 1
	a 516 553 0.715441330119577
59.28246186139968 1
	a 63 265 0.7434808207540368
1.010820149830644 1
	a 693 695 0.9949586497282615
38.78269894121645 1
	a 40 56 0.8237291581195465
15.07308236154581 1
	a 830 802 0.9274045398354016
2.654077009075358 1
	a 573 568 0.986817278310307
29.97524294613171 1
	a 221 52 0.860814525988241
17.0217796190292 1
	a 508 536 0.9184122656093446
4.827538902810058 1
	a 210 183 0.9761512898261859
1.801036897166395 1
	a 388 382 0.9910352407514
40.90063742525205 1
	a 792 881 0.8150521442392769
20.21114116568101 1
	a 438 474 0.9038826799499335
36.49069112901081 1
	a 732 695 0.833223424872643
87.62757211755073 1
	a 522 249 0.6452368239976786
2.811857046997037 1
	a 534 536 0.9860390849711355
32.8836403571006 1
	a 921 903 0.8483871506602859
44.55587087685086 1
	a 33 130 0.8002914106061674
11.97273791005224 1
	a 195 194 0.9418929146810133
10.70543865691311 1
	a 477 460 0.9478801646782811
0.9041050181216709 1
	a 124 121 0.9954896771040572
2.908496078963211 1
	a 137 144 0.9855627507483367
44.06173170659662 1
	a 461 354 0.8022711319116942
16.75839851773872 1
	a 994 988 0.9196225245025127
4.827538902810058 1
	a 952 950 0.9761512898261859
35.43672440553719 1
	a 268 380 0.8376259638230721
12.65747025370335 1
	a 773 744 0.9386737058518245
73.50898922619467 1
	a 820 866 0.6924322039606935
88.84806693882771 1
	a 673 660 0.6413112729558876
7.059062390671677 1
	a 387 413 0.9653203035365874
2.557195164638154 1
	a 588 583 0.9872954174986995
4.520525090608341 1
	a 403 415 0.9776509001783111
34.18595918387481 1
	a 350 175 0.8428807450623365
7.884859769079934 1
	a 401 361 0.9613427259904254
22.87813430945577 1
	a 892 907 0.89190944416745
2.712315054365001 1
	a 761 765 0.9865299685964932
22.63264915330448 1
	a 136 32 0.8930048689521038
3.835792746957224 1
	a 582 579 0.981003782431322
16.35606536552895 1
	a 357 294 0.9214743596603344
23.01475642146968 1
	a 38 67 0.8913003794604645
13.69734204021812 1
	a 181 268 0.9338058701132935
1.278597582319074 1
	a 251 242 0.9936274037579175
11.08112967258572 1
	a 355 316 0.9461012856644986
129.7248882187345 1
	a 610 539 0.52276437560296
108.8505649867513 1
	a 537 559 0.5802751885573472
31.92956895050009 1
	a 0 93 0.8524439287179124
20.80373969294492 1
	a 307 197 0.9012084460493199
2.712315054365001 1
	a 419 424 0.9865299685964932
40.76050087621169 1
	a 284 41 0.8156234373374198
63.38411289712337 1
	a 931 843 0.7283886127518209
6.566659915746747 1
	a 338 358 0.9676998621187332
11.57467128969665 1
	a 64 111 0.9437694621852569
12.50253697125224 1
	a 983 982 0.9394011465693822
37.99978238984952 1
	a 807 854 0.8269600337173597
22.35334290513014 1
	a 839 888 0.894252849368838
64.55694872647507 1
	a 308 495 0.7241297111240396
21.20082427442982 1
	a 186 210 0.8994209412198679
38.73369036159379 1
	a 457 453 0.8239310318325622
30.84358660258774 1
	a 188 214 0.8570852134935123
13.59073986136275 1
	a 433 464 0.9343037314861845
14.49189113825338 1
	a 515 512 0.9301034562975036
31.17919855239649 1
	a 668 671 0.8556481793470381
8.368814618220709 1
	a 143 170 0.9590193058306061
2.811857046997037 1
	a 440 446 0.9860390849711355
14.10790923846993 1
	a 480 510 0.9318908860608689
18.37606176117262 1
	a 570 575 0.9122143270332795
50.61106321406089 1
	a 707 702 0.7764249318597203
5.029058064803587 1
	a 294 273 0.9751682192287419
24.55843684168118 1
	a 624 651 0.8844474456096822
2.712315054365001 1
	a 347 357 0.9865299685964932
46.14478379166633 1
	a 464 337 0.7939586327063284
52.46937130661055 1
	a 518 571 0.769244160066121
75.49942967537511 1
	a 518 618 0.6855751565834758
3.538860127623241 1
	a 49 68 0.982461324256342
54.69169799713315 1
	a 302 433 0.7607439141912442
6.328735126851674 1
	a 164 127 0.9688517460642906
19.01338642395667 1
	a 365 435 0.9093120702469623
95.40491454253909 1
	a 610 661 0.6206272786102545
47.89105286983414 1
	a 920 869 0.787056482038375
21.31136223338692 1
	a 91 136 0.8989239777903977
56.83350907280397 1
	a 360 308 0.7526405327097221
39.77162486201256 1
	a 287 179 0.819666175788112
4.602700129947267 1
	a 470 478 0.9772492901838444
72.0799678865707 1
	a 444 570 0.6973974233263729
3.538860127623241 1
	a 68 49 0.982461324256342
74.44245680271622 1
	a 866 830 0.6892079191704441
151.1492014372351 1
	a 459 421 0.469660114188587
4.654109560445545 1
	a 127 97 0.9769981233187751
23.01475642146968 1
	a 67 38 0.8913003794604645
1.801036897166395 1
	a 764 766 0.9910352407514
62.87551660544005 1
	a 714 862 0.7302432486414542
187.6730769573784 1
	a 458 350 0.3912668837176534
66.32437283741459 1
	a 703 719 0.7177586818085717
50.60559916497335 1
	a 555 590 0.7764461442691855
2.712315054365001 1
	a 955 958 0.9865299685964932
35.18158856119096 1
	a 151 121 0.8386951877090503
21.8982424772322 1
	a 254 117 0.8962900405782667
2.712315054365001 1
	a 501 504 0.9865299685964932
48.99020275391457 1
	a 70 246 0.782742880925859
64.91618316233418 1
	a 785 661 0.7228302168897853
4.520525090608341 1
	a 253 219 0.9776509001783111
76.34546249120427 1
	a 369 461 0.6826811864821859
16.57515128802459 1
	a 183 126 0.9204655020267692
70.99515132180557 1
	a 630 573 0.7011904422365516
108.8505649867513 1
	a 559 537 0.5802751885573472
11.2983768262955 1
	a 568 552 0.9450741545616046
4.41545383278015 1
	a 160 135 0.9781646501663815
4.515512129651196 1
	a 995 992 0.9776754051143772
13.17882666169679 1
	a 926 924 0.9362299746151959
4.515512129651196 1
	a 168 192 0.9776754051143772
10.10150431024784 1
	a 912 924 0.9507467775548303
54.40493565514804 1
	a 430 499 0.7618354600722979
2.269197302872094 1
	a 394 402 0.9887181364487514
1.837365223088877 1
	a 96 107 0.9908552438432273
4.043280569185733 1
	a 379 355 0.9799865784740667
32.72267313803221 1
	a 542 571 0.8490702381118072
14.38850965270406 1
	a 729 713 0.9305843579627501
13.56157527182502 1
	a 187 241 0.9344399843445016
19.15317118573448 1
	a 23 133 0.9086767524365909
9.041050181216679 1
	a 109 105 0.9558012826194622
27.25020442184667 1
	a 462 378 0.8726235571876056
12.02887409199575 1
	a 220 286 0.9416285804193901
42.49990173978833 1
	a 35 135 0.8085607135680892
23.64214035916899 1
	a 901 875 0.888508822485926
59.23445313151659 1
	a 451 332 0.743659310025272
25.33414791714835 1
	a 407 300 0.8810237110775222
31.28093522982319 1
	a 771 844 0.8552130360174477
35.89467294506319 1
	a 451 517 0.8357102100177182
8.048944492934984 1
	a 620 631 0.9605543411607935
6.037725480312412 1
	a 163 181 0.9702624981924419
23.82938662619928 1
	a 324 186 0.8876773619651862
71.16215464734329 1
	a 792 847 0.7006051809435696
29.88940598010104 1
	a 265 253 0.8611840538165677
32.45183925798267 1
	a 732 747 0.850220801900234
9.320276928423096 1
	a 223 286 0.9544677872893659
7.511586179541625 1
	a 687 694 0.9631386206197394
31.78780079327035 1
	a 581 531 0.8530483899505706
54.69169799713315 1
	a 433 302 0.7607439141912442
3.250862265857187 1
	a 94 111 0.9838770771494869
29.07709411159575 1
	a 980 977 0.8646889167422672
40.4409497493132 1
	a 268 422 0.8169276459058931
123.6550460953161 1
	a 976 901 0.5388730683727532
36.34293800751895 1
	a 531 541 0.8338392091143715
18.09237925293171 1
	a 145 44 0.9135091413483557
16.57515128802459 1
	a 382 314 0.9204655020267692
0.9041050181216709 1
	a 886 884 0.9954896771040572
16.49253531666832 1
	a 345 333 0.9208458063271339
22.46707467533742 1
	a 157 290 0.8937444691321402
27.87309158228051 1
	a 804 865 0.8699100548470522
16.08728702851179 1
	a 289 187 0.9227135538751992
5.785892542555228 1
	a 304 329 0.9714849879654753
2.712315054365001 1
	a 276 293 0.9865299685964932
28.68474432809075 1
	a 896 880 0.8663868842370832
18.09237925293171 1
	a 44 145 0.9135091413483557
2.557195164638154 1
	a 82 67 0.9872954174986995
25.0630637808298 1
	a 406 297 0.8822186784953202
15.54676938040628 1
	a 224 155 0.9252106414551519
60.56191246680334 1
	a 961 905 0.7387397668525467
1.801036897166395 1
	a 2 22 0.9910352407514
2.607361541147005 1
	a 101 108 0.9870478033865562
43.65777011056505 1
	a 777 822 0.8038932031309228
11.97381780322271 1
	a 154 85 0.941887828976114
63.63127119002121 1
	a 114 321 0.7274890322827688
5.424630108730006 1
	a 781 796 0.973241378938998
1.010820149830644 1
	a 196 189 0.9949586497282615
8.896855858170815 1
	a 225 284 0.9564906366865277
29.06551502767082 1
	a 214 255 0.8647389797191413
15.39431446076767 1
	a 901 890 0.9259161748960579
2.767965249724438 1
	a 691 695 0.9862555038559035
38.73369036159379 1
	a 453 457 0.8239310318325622
2.712315054365001 1
	a 893 886 0.9865299685964932
40.77078507079283 1
	a 617 573 0.8155814982650305
22.48928787262232 1
	a 808 757 0.8936452100333215
4.654109560445545 1
	a 315 291 0.9769981233187751
8.048944492934984 1
	a 867 852 0.9605543411607935
76.57298277927714 1
	a 623 702 0.6819050089551771
20.06671810406556 1
	a 868 893 0.9045356231916132
6.693201769134791 1
	a 102 75 0.9670877831028056
8.136945163095014 1
	a 974 979 0.9601317870014974
15.79770020217638 1
	a 755 717 0.9240505500312143
26.8220462632151 1
	a 255 381 0.874493662702838
29.37835941313441 1
	a 787 860 0.8633873934117148
15.31940125320797 1
	a 670 650 0.9262630566100213
10.90850001110973 1
	a 174 242 0.9469182639238083
64.53860964932969 1
	a 619 574 0.7241961135215677
7.059062390671677 1
	a 38 82 0.9653203035365874
15.37065171190722 1
	a 314 220 0.9260257299864285
18.21005530182789 1
	a 972 962 0.9129718087098899
57.47043285542297 1
	a 484 434 0.7502474719502646
3.816718752979413 1
	a 445 455 0.9810973451939815
73.22246008303053 1
	a 627 540 0.6934249249301215
40.77078507079283 1
	a 573 617 0.8155814982650305
47.1001645231541 1
	a 924 866 0.7901750129981148
36.22765379858505 1
	a 861 807 0.8343199901352126
0.9041050181216709 1
	a 408 406 0.9954896771040572
1.80821003624333 1
	a 603 607 0.9909996972207403
25.86982679519686 1
	a 557 593 0.8786671394350323
7.059062390671677 1
	a 158 110 0.9653203035365874
39.15165181287314 1
	a 246 414 0.822210972705491
204.5783689434209 1
	a 734 985 0.3595536619334759
16.49253531666832 1
	a 333 345 0.9208458063271339
90.76206823199881 1
	a 726 619 0.6352031937232595
7.530414136407177 1
	a 442 459 0.9630479552253939
25.21936229199512 1
	a 229 311 0.8815295004942789
30.56934475894606 1
