0.4068472581547501 2
	a 0 9 0.9865299685964932
	a 9 0 0.9865299685964932
0.1917896373478611 2
	a 1 4 0.9936274037579175
	a 4 1 0.9936274037579175
0.3981115513613038 2
	a 2 9 0.986817278310307
	a 9 2 0.986817278310307
0.3002129760370238 2
	a 3 9 0.990042805211115
	a 9 3 0.990042805211115
0.9507581163653473 2
	a 4 18 0.9688049888785519
	a 18 4 0.9688049888785519
2.514720976910826 2
	a 5 37 0.9195930602918365
	a 37 5 0.9195930602918365
1.334528378725622 2
	a 5 21 0.9564906366865277
	a 21 5 0.9564906366865277
0.9056588220468618 2
	a 5 14 0.9702624981924419
	a 14 5 0.9702624981924419
0.1917896373478611 2
	a 6 9 0.9936274037579175
	a 9 6 0.9936274037579175
5.619527810501289 2
	a 7 28 0.8291803521208151
	a 28 7 0.8291803521208151
13.74844150132462 2
	a 7 171 0.6323695129012193
	a 171 7 0.6323695129012193
8.609103322287735 2
	a 7 48 0.7505341614103141
	a 48 7 0.7505341614103141
1.200526638806247 2
	a 8 20 0.9607725730002534
	a 20 8 0.9607725730002534
2.103169588018385 2
	a 9 37 0.9322953149670414
	a 37 9 0.9322953149670414
0.6780787635912512 2
	a 9 16 0.9776509001783111
	a 16 9 0.9776509001783111
3.524708568073951 2
	a 9 32 0.8891491492527976
	a 32 9 0.8891491492527976
1.555825766205055 2
	a 10 29 0.9494609667208891
	a 29 10 0.9494609667208891
1.73006200572298 2
	a 11 37 0.9439625988119702
	a 37 11 0.9439625988119702
2.285798534967981 2
	a 12 27 0.9266370846645952
	a 27 12 0.9266370846645952
1.660637331921523 2
	a 12 25 0.9461496048891295
	a 25 12 0.9461496048891295
1.441427748955187 2
	a 12 19 0.9530884269646057
	a 19 12 0.9530884269646057
1.993359989625462 2
	a 12 41 0.9357140671507648
	a 41 12 0.9357140671507648
3.69959219651063 2
	a 13 41 0.8839809733961131
	a 41 13 0.8839809733961131
1.726106731610226 2
	a 13 38 0.9440870613775323
	a 38 13 0.9440870613775323
11.95517225255825 2
	a 13 127 0.6713224260140319
	a 127 13 0.6713224260140319
12.38247612085136 2
	a 13 121 0.6618282458735172
	a 121 13 0.6618282458735172
1.581436050698731 2
	a 14 37 0.9486507804060135
	a 37 14 0.9486507804060135
2.309342523606942 2
	a 14 21 0.9259101455195627
	a 21 14 0.9259101455195627
2.849053479489506 2
	a 15 47 0.9094016262586573
	a 47 15 0.9094016262586573
1.413255877275242 2
	a 16 37 0.9539838568265261
	a 37 16 0.9539838568265261
0.4068472581547501 2
	a 17 20 0.9865299685964932
	a 20 17 0.9865299685964932
1.206514340999738 2
	a 17 33 0.9605808314676499
	a 33 17 0.9605808314676499
1.353727654535798 2
	a 18 37 0.9558787016011351
	a 37 18 0.9558787016011351
1.255322192733106 2
	a 18 32 0.9590193058306061
	a 32 18 0.9590193058306061
2.337789541567052 2
	a 18 21 0.9250325822349915
	a 21 18 0.9250325822349915
0.4518359985116184 2
	a 19 27 0.9850516526460312
	a 27 19 0.9850516526460312
2.646678114975391 2
	a 20 33 0.9155570475299231
	a 33 20 0.9155570475299231
0.8577887261203904 2
	a 20 34 0.9718119527013557
	a 34 20 0.9718119527013557
4.696914650609499 2
	a 20 53 0.8550769435083846
	a 53 20 0.8550769435083846
2.305467796210252 2
	a 20 50 0.9260297415563544
	a 50 20 0.9260297415563544
13.59063618613348 2
	a 20 80 0.6357046526006417
	a 80 20 0.6357046526006417
0.9589481822187813 2
	a 21 37 0.9685405390892792
	a 37 21 0.9685405390892792
14.60700982816108 2
	a 22 37 0.6145282813975652
	a 37 22 0.6145282813975652
0.5424630108730013 2
	a 22 31 0.9820803998915988
	a 31 22 0.9820803998915988
0.9006357637435058 2
	a 23 37 0.9704249679635806
	a 37 23 0.9704249679635806
1.127108817932829 2
	a 24 40 0.9631267133784222
	a 40 24 0.9631267133784222
0.1356157527182506 2
	a 25 27 0.9954896771040572
	a 27 25 0.9954896771040572
0.7884591958105146 2
	a 26 37 0.9740603919623205
	a 37 26 0.9740603919623205
5.402181899893534 2
	a 27 101 0.8352094644208513
	a 101 27 0.8352094644208513
0.6027356872459425 2
	a 28 37 0.9801092934817696
	a 37 28 0.9801092934817696
0.4518359985116184 2
	a 29 37 0.9850516526460312
	a 37 29 0.9850516526460312
0.4068472581547501 2
	a 30 37 0.9865299685964932
	a 37 30 0.9865299685964932
3.167778588920307 2
	a 30 45 0.8997911306650734
	a 45 30 0.8997911306650734
0.5488408072586609 2
	a 31 39 0.9818716384555221
	a 39 31 0.9818716384555221
0.3002129760370238 2
	a 32 37 0.990042805211115
	a 37 32 0.990042805211115
0.953531833712017 2
	a 33 45 0.9687154199791561
	a 45 33 0.9687154199791561
2.918190024062736 2
	a 33 53 0.9073082764323976
	a 53 33 0.9073082764323976
0.5424630108730013 2
	a 34 36 0.9820803998915988
	a 36 34 0.9820803998915988
1.881164616308095 2
	a 34 56 0.9392200452759041
	a 56 34 0.9392200452759041
3.462562681034489 2
	a 34 60 0.8909929570977041
	a 60 34 0.8909929570977041
0.1917896373478611 2
	a 35 37 0.9936274037579175
	a 37 35 0.9936274037579175
13.22063818715793 2
	a 35 115 0.6435935153069859
	a 115 35 0.6435935153069859
1.767823741932766 2
	a 36 56 0.9427751574112917
	a 56 36 0.9427751574112917
0.6915073676175353 2
	a 37 45 0.9772133818794684
	a 45 37 0.9772133818794684
13.56293129373645 2
	a 37 115 0.6362919947296268
	a 115 37 0.6362919947296268
15.85381731353137 2
	a 37 109 0.5895117794400733
	a 109 37 0.5895117794400733
18.64619230477803 2
	a 37 39 0.5371167785023764
	a 39 37 0.5371167785023764
0.1917896373478611 2
	a 38 41 0.9936274037579175
	a 41 38 0.9936274037579175
10.39835349877074 2
	a 38 135 0.7070797751642197
	a 135 38 0.7070797751642197
11.78118565903846 2
	a 38 124 0.6752271078429574
	a 124 38 0.6752271078429574
2.824475764295976 2
	a 39 68 0.9101469653347186
	a 68 39 0.9101469653347186
1.834428561908478 2
	a 40 61 0.940684366894305
	a 61 40 0.940684366894305
9.749905918248666 2
	a 41 151 0.7225296195335857
	a 151 41 0.7225296195335857
1.711770758746703 2
	a 42 54 0.9445383160716196
	a 54 42 0.9445383160716196
1.633029911086493 2
	a 42 59 0.9470206973150775
	a 59 42 0.9470206973150775
12.30245934142274 2
	a 43 94 0.663595847614577
	a 94 43 0.663595847614577
1.497924950580329 2
	a 43 62 0.9512952217117383
	a 62 43 0.9512952217117383
9.662497158109788 2
	a 43 147 0.724637869974991
	a 147 43 0.724637869974991
2.101603782099075 2
	a 44 66 0.9323439760210172
	a 66 44 0.9323439760210172
1.056839081691459 2
	a 44 55 0.9653853128694873
	a 55 44 0.9653853128694873
2.332015407060942 2
	a 44 46 0.9252106414551519
	a 46 44 0.9252106414551519
2.549952570706873 2
	a 45 53 0.9185137365488845
	a 53 45 0.9185137365488845
1.360345102038611 2
	a 45 60 0.9556678756165912
	a 60 45 0.9556678756165912
4.301256003970237 2
	a 46 66 0.8664289236552151
	a 66 46 0.8664289236552151
3.320037708041977 2
	a 46 85 0.8952359863157726
	a 85 46 0.8952359863157726
2.490485135468322 2
	a 47 78 0.9203362641743024
	a 78 47 0.9203362641743024
3.579538568402 2
	a 48 103 0.8875255651185476
	a 103 48 0.8875255651185476
4.651207653062036 2
	a 48 101 0.8563807030971211
	a 101 48 0.8563807030971211
0.4068472581547501 2
	a 49 52 0.9865299685964932
	a 52 49 0.9865299685964932
0.726203378641899 2
	a 49 60 0.9760838549643137
	a 60 49 0.9760838549643137
0.1356157527182506 2
	a 50 52 0.9954896771040572
	a 52 50 0.9954896771040572
1.385168937220699 2
	a 51 61 0.9548774246343368
	a 61 51 0.9548774246343368
0.4068472581547501 2
	a 51 58 0.9865299685964932
	a 58 51 0.9865299685964932
0.9131757184269528 2
	a 51 54 0.9700194165586912
	a 54 51 0.9700194165586912
0.5753689120435835 2
	a 52 60 0.981003782431322
	a 60 52 0.981003782431322
0.8753836449732832 2
	a 53 56 0.971242154728572
	a 56 53 0.971242154728572
0.5488408072586609 2
	a 53 60 0.9818716384555221
	a 60 53 0.9818716384555221
0.5575248444503217 2
	a 54 61 0.9815874592603586
	a 61 54 0.9815874592603586
0.9763801406626829 2
	a 54 59 0.9679779172841535
	a 59 54 0.9679779172841535
1.154824871506312 2
	a 55 66 0.9622373218958472
	a 66 55 0.9622373218958472
0.4068472581547501 2
	a 56 60 0.9865299685964932
	a 60 56 0.9865299685964932
0.3981115513613038 2
	a 57 61 0.986817278310307
	a 61 57 0.986817278310307
0.3002129760370238 2
	a 58 61 0.990042805211115
	a 61 58 0.990042805211115
1.364607188709789 2
	a 59 61 0.955532113950128
	a 61 59 0.955532113950128
0.4518359985116184 2
	a 59 64 0.9850516526460312
	a 64 59 0.9850516526460312
2.55807635662143 2
	a 60 67 0.9182650432574118
	a 67 60 0.9182650432574118
5.535737468506992 2
	a 60 89 0.8314994994916873
	a 89 60 0.8314994994916873
3.127870426028047 2
	a 60 106 0.9009888941978634
	a 106 60 0.9009888941978634
1.106545252170832 2
	a 61 64 0.9637871170070454
	a 64 61 0.9637871170070454
1.250982524810324 2
	a 61 72 0.9591580433755735
	a 72 61 0.9591580433755735
6.296265225805553 2
	a 61 74 0.8106851638892932
	a 74 61 0.8106851638892932
2.284891952702111 2
	a 62 94 0.9266650875126363
	a 94 62 0.9266650875126363
2.025425177101269 2
	a 63 89 0.9347144732158117
	a 89 63 0.9347144732158117
1.824403406976611 2
	a 64 72 0.9409987696409867
	a 72 64 0.9409987696409867
0.7241308354215087 2
	a 64 70 0.9761512898261859
	a 70 64 0.9761512898261859
28.2579177684804 2
	a 65 165 0.3898744197773413
	a 165 65 0.3898744197773413
9.021390824444881 2
	a 65 170 0.740290185205853
	a 170 65 0.740290185205853
5.852468167473065 2
	a 66 135 0.8227669643827544
	a 135 66 0.8227669643827544
3.609013626096117 2
	a 66 102 0.8866539977723932
	a 102 66 0.8866539977723932
5.266675584567204 2
	a 66 85 0.8389905358783434
	a 85 66 0.8389905358783434
2.533511339582877 2
	a 67 69 0.9190172577325233
	a 69 67 0.9190172577325233
2.340115184466742 2
	a 67 106 0.9249608751658828
	a 106 67 0.9249608751658828
1.604933260944054 2
	a 68 76 0.9479080497510697
	a 76 68 0.9479080497510697
10.74250876785247 2
	a 68 171 0.6990146170489472
	a 171 68 0.6990146170489472
8.94956370854297 2
	a 68 173 0.7420647390073067
	a 173 68 0.7420647390073067
0.4217785570495555 2
	a 69 73 0.9860390849711355
	a 73 69 0.9860390849711355
3.065108206077205 2
	a 69 106 0.9028758027241455
	a 106 69 0.9028758027241455
0.1917896373478611 2
	a 70 72 0.9936274037579175
	a 72 70 0.9936274037579175
4.562238177115101 2
	a 71 106 0.8589241975345762
	a 106 71 0.8589241975345762
0.7824456497750818 2
	a 71 86 0.9742556634331783
	a 86 71 0.9742556634331783
7.21625263417794 2
	a 71 153 0.7862018173205231
	a 153 71 0.7862018173205231
0.7617588454580648 2
	a 72 87 0.974927702987868
	a 87 72 0.974927702987868
0.6027356872459425 2
	a 72 74 0.9801092934817696
	a 74 72 0.9801092934817696
0.3897640175368631 2
	a 73 82 0.9870918995356759
	a 82 73 0.9870918995356759
0.5424630108730013 2
	a 74 87 0.9820803998915988
	a 87 74 0.9820803998915988
1.641845906926071 2
	a 75 104 0.9467424405180086
	a 104 75 0.9467424405180086
0.5227236001223743 2
	a 75 83 0.9827268021417233
	a 83 75 0.9827268021417233
0.8023026348627905 2
	a 75 94 0.9736110174627906
	a 94 75 0.9736110174627906
5.826412086877054 2
	a 76 115 0.8234818775462528
	a 115 76 0.8234818775462528
0.4217785570495555 2
	a 76 84 0.9860390849711355
	a 84 76 0.9860390849711355
0.4518359985116184 2
	a 77 89 0.9850516526460312
	a 89 77 0.9850516526460312
0.8293136085763161 2
	a 77 96 0.9727348059241007
	a 96 77 0.9727348059241007
2.084040832399623 2
	a 78 112 0.9328899595018784
	a 112 78 0.9328899595018784
7.752675382712222 2
	a 79 171 0.7722688697163002
	a 171 79 0.7722688697163002
0.2701555345749592 2
	a 80 87 0.9910352407514
	a 87 80 0.9910352407514
2.517661225881308 2
	a 81 115 0.9195029369566998
	a 115 81 0.9195029369566998
1.356157527182502 2
	a 81 106 0.9558012826194622
	a 106 81 0.9558012826194622
1.004467080717226 2
	a 82 104 0.9670720901243084
	a 104 82 0.9670720901243084
2.151609803528235 2
	a 82 106 0.9307911767742796
	a 106 82 0.9307911767742796
0.979672656071377 2
	a 83 104 0.9678716870400742
	a 104 83 0.9678716870400742
0.9302638502529895 2
	a 84 100 0.9694670465676806
	a 100 84 0.9694670465676806
0.2701555345749592 2
	a 84 90 0.9910352407514
	a 90 84 0.9910352407514
7.939558283908358 2
	a 84 173 0.7674730280094917
	a 173 84 0.7674730280094917
0.5575248444503217 2
	a 85 98 0.9815874592603586
	a 98 85 0.9815874592603586
3.894368024925469 2
	a 86 106 0.8782602934477713
	a 106 86 0.8782602934477713
0.487629339878578 2
	a 86 93 0.9838770771494869
	a 93 86 0.9838770771494869
0.2701555345749592 2
	a 86 91 0.9910352407514
	a 91 86 0.9910352407514
0.4068472581547501 2
	a 86 94 0.9865299685964932
	a 94 86 0.9865299685964932
0.2701555345749592 2
	a 87 92 0.9910352407514
	a 92 87 0.9910352407514
3.649316525759815 2
	a 87 104 0.8854636399623252
	a 104 87 0.8854636399623252
1.632881814163999 2
	a 87 95 0.9470253723549772
	a 95 87 0.9470253723549772
3.942043200330558 2
	a 88 129 0.8768656947521816
	a 129 88 0.8768656947521816
0.3002129760370238 2
	a 89 96 0.990042805211115
	a 96 89 0.990042805211115
2.819843867028712 2
	a 89 108 0.9102874997581744
	a 108 89 0.9102874997581744
0.3981115513613038 2
	a 90 100 0.986817278310307
	a 100 90 0.986817278310307
0.5753689120435835 2
	a 91 104 0.981003782431322
	a 104 91 0.981003782431322
0.5413870400114591 2
	a 91 93 0.9821156235197208
	a 93 91 0.9821156235197208
0.5308290191434861 2
	a 92 104 0.982461324256342
	a 104 92 0.982461324256342
3.969737804012488 2
	a 92 95 0.8760565866784852
	a 95 92 0.8760565866784852
0.8272569866452942 2
	a 93 106 0.9728014931344119
	a 106 93 0.9728014931344119
0.5143760708184569 2
	a 94 104 0.9830002848809992
	a 104 94 0.9830002848809992
0.4068472581547501 2
	a 95 104 0.9865299685964932
	a 104 95 0.9865299685964932
1.763004785337253 2
	a 96 115 0.942926609327066
	a 115 96 0.942926609327066
0.6693430567978045 2
	a 97 105 0.9779356240177092
	a 105 97 0.9779356240177092
3.127870426028047 2
	a 98 122 0.9009888941978634
	a 122 98 0.9009888941978634
0.5753689120435835 2
	a 98 105 0.981003782431322
	a 105 98 0.981003782431322
5.66086877190312 2
	a 99 137 0.8280385019568302
	a 137 99 0.8280385019568302
2.753874714250191 2
	a 99 123 0.9122913987140943
	a 123 99 0.9122913987140943
2.631797667467332 2
	a 100 115 0.9160112901290425
	a 115 100 0.9160112901290425
0.5294379043957786 2
	a 100 107 0.9825068825271878
	a 107 100 0.9825068825271878
8.648881963095102 2
	a 100 173 0.7495396466027986
	a 173 100 0.7495396466027986
9.065390632130301 2
	a 101 171 0.7392052268403153
	a 171 101 0.7392052268403153
0.1917896373478611 2
	a 101 103 0.9936274037579175
	a 103 101 0.9936274037579175
3.902159959093124 2
	a 102 135 0.8780322115227556
	a 135 102 0.8780322115227556
6.644481617095021 2
	a 103 171 0.8013297685500811
	a 171 103 0.8013297685500811
0.3002129760370238 2
	a 104 106 0.990042805211115
	a 106 104 0.990042805211115
2.816826972555314 2
	a 105 128 0.9103790457387474
	a 128 105 0.9103790457387474
3.187916696422351 2
	a 105 122 0.8991873303270576
	a 122 105 0.8991873303270576
3.680638697129103 2
	a 105 110 0.8845396342815945
	a 110 105 0.8845396342815945
1.784624015762082 2
	a 106 114 0.9422473425221973
	a 114 106 0.9422473425221973
1.875380545687836 2
	a 106 119 0.9394011465693822
	a 119 106 0.9394011465693822
5.83641039441041 2
	a 107 115 0.8232074757726863
	a 115 107 0.8232074757726863
6.678694691382908 2
	a 107 113 0.8004164242909718
	a 113 107 0.8004164242909718
8.085371839452737 2
	a 107 173 0.7637518130284912
	a 173 107 0.7637518130284912
7.735753447991144 2
	a 107 184 0.7727046020419953
	a 184 107 0.7727046020419953
0.9337457621014058 2
	a 108 115 0.9693545331373012
	a 115 108 0.9693545331373012
0.2701555345749592 2
	a 109 111 0.9910352407514
	a 111 109 0.9910352407514
2.987780420314016 2
	a 110 135 0.9052060508709197
	a 135 110 0.9052060508709197
3.258333259318663 2
	a 110 128 0.8970792160242727
	a 128 110 0.8970792160242727
0.5753689120435835 2
	a 111 115 0.981003782431322
	a 115 111 0.981003782431322
2.765972430484548 2
	a 112 135 0.9119235847987286
	a 135 112 0.9119235847987286
4.7740946287638 2
	a 113 115 0.8528799434663883
	a 115 113 0.8528799434663883
5.443430814363468 2
	a 113 134 0.8340618707594482
	a 134 113 0.8340618707594482
6.117040387947037 2
	a 113 174 0.8155428235644413
	a 174 113 0.8155428235644413
6.867686765614243 2
	a 113 179 0.7953898619132359
	a 179 113 0.7953898619132359
1.995071677409972 2
	a 114 115 0.9356606803291876
	a 115 114 0.9356606803291876
1.027006667447879 2
	a 114 119 0.9663457828279073
	a 119 114 0.9663457828279073
0.4068472581547501 2
	a 115 116 0.9865299685964932
	a 116 115 0.9865299685964932
4.806416473572153 2
	a 115 134 0.8519615498523945
	a 134 115 0.8519615498523945
3.196306343458535 2
	a 116 138 0.8989359033410622
	a 138 116 0.8989359033410622
2.3831614416306 2
	a 116 140 0.9236346234396819
	a 140 116 0.9236346234396819
0.7671585448709205 2
	a 117 124 0.9747522415608111
	a 124 117 0.9747522415608111
3.42137733418838 2
	a 117 133 0.8922169922431762
	a 133 117 0.8922169922431762
1.633020205519121 2
	a 118 135 0.9470210036942331
	a 135 118 0.9470210036942331
1.775246850978804 2
	a 118 131 0.9425419088429957
	a 131 118 0.9425419088429957
3.141371227360553 2
	a 119 153 0.9005835163513558
	a 153 119 0.9005835163513558
4.421034314018743 2
	a 120 146 0.8629765072430815
	a 146 120 0.8629765072430815
3.964566137967303 2
	a 120 149 0.8762076220999566
	a 149 120 0.8762076220999566
2.653997161533844 2
	a 120 148 0.9153337079529839
	a 148 120 0.9153337079529839
0.9260422855687234 2
	a 121 129 0.9696034784282659
	a 129 121 0.9696034784282659
1.330335433485705 2
	a 122 135 0.9566243297911785
	a 135 122 0.9566243297911785
1.736200693454497 2
	a 122 128 0.9437694621852569
	a 128 122 0.9437694621852569
4.611929117945444 2
	a 123 135 0.8575026834165591
	a 135 123 0.8575026834165591
2.375760709183763 2
	a 123 148 0.9238625039707974
	a 148 123 0.9238625039707974
0.2701555345749592 2
	a 124 127 0.9910352407514
	a 127 124 0.9910352407514
3.507938984089476 2
	a 124 133 0.8896463102373375
	a 133 124 0.8896463102373375
6.894745919084187 2
	a 125 130 0.7946727661505255
	a 130 125 0.7946727661505255
4.741330509342159 2
	a 125 144 0.8538119143044857
	a 144 125 0.8538119143044857
5.721833454777456 2
	a 125 191 0.8263575070680118
	a 191 125 0.8263575070680118
5.67723228163923 2
	a 126 191 0.8275869712421908
	a 191 126 0.8275869712421908
6.901299351431191 2
	a 126 188 0.7944991906361064
	a 188 126 0.7944991906361064
0.7283443128863859 2
	a 127 135 0.9760141997381114
	a 135 127 0.9760141997381114
2.501242687793268 2
	a 127 132 0.9200063044865348
	a 132 127 0.9200063044865348
0.6345790254324017 2
	a 128 135 0.9790695136906509
	a 135 128 0.9790695136906509
0.5488408072586609 2
	a 129 135 0.9818716384555221
	a 135 129 0.9818716384555221
6.693922654257307 2
	a 130 207 0.8000102370033367
	a 207 130 0.8000102370033367
1.370876854135283 2
	a 130 144 0.9553324392604871
	a 144 130 0.9553324392604871
0.4518359985116184 2
	a 131 135 0.9850516526460312
	a 135 131 0.9850516526460312
0.4217785570495555 2
	a 132 135 0.9860390849711355
	a 135 132 0.9860390849711355
2.255077037411157 2
	a 132 133 0.9275864933336478
	a 133 132 0.9275864933336478
0.3403795954308141 2
	a 133 135 0.9887181364487514
	a 135 133 0.9887181364487514
0.4151947874586657 2
	a 134 138 0.9862555038559035
	a 138 134 0.9862555038559035
6.159211950629017 2
	a 134 179 0.8143972051182997
	a 179 134 0.8143972051182997
1.413255877275242 2
	a 135 151 0.9539838568265261
	a 151 135 0.9539838568265261
1.633168994081954 2
	a 135 148 0.9470163068427434
	a 148 135 0.9470163068427434
2.845914354538187 2
	a 136 171 0.9094967887485448
	a 171 136 0.9094967887485448
3.752499893269673 2
	a 136 167 0.8824233673795647
	a 167 136 0.8824233673795647
3.858694721581767 2
	a 136 139 0.8793052628118888
	a 139 136 0.8793052628118888
4.744613581373939 2
	a 136 176 0.8537184818831266
	a 176 136 0.8537184818831266
1.618531669454317 2
	a 137 154 0.9474784790866917
	a 154 137 0.9474784790866917
0.2701555345749592 2
	a 138 140 0.9910352407514
	a 140 138 0.9910352407514
3.769154136056462 2
	a 138 178 0.8819336335612047
	a 178 138 0.8819336335612047
1.671496971264591 2
	a 139 156 0.9458071720886911
	a 156 139 0.9458071720886911
2.685054913829007 2
	a 139 143 0.9143865913738085
	a 143 139 0.9143865913738085
3.501763544488972 2
	a 139 168 0.8898294609891203
	a 168 139 0.8898294609891203
1.756468616875567 2
	a 140 153 0.9431320692804533
	a 153 140 0.9431320692804533
3.298787271095089 2
	a 140 178 0.895870349493486
	a 178 140 0.895870349493486
0.5424630108730013 2
	a 141 148 0.9820803998915988
	a 148 141 0.9820803998915988
0.7884591958105146 2
	a 142 151 0.9740603919623205
	a 151 142 0.9740603919623205
1.221882173440967 2
	a 143 156 0.9600888893043448
	a 156 143 0.9600888893043448
4.987728311290299 2
	a 144 195 0.8468280543941261
	a 195 144 0.8468280543941261
5.196118451422672 2
	a 144 204 0.8409660836824289
	a 204 144 0.8409660836824289
2.699124514751566 2
	a 145 175 0.9139578567694276
	a 175 145 0.9139578567694276
4.198182277275925 2
	a 146 167 0.8694109120686443
	a 167 146 0.8694109120686443
2.486272693203688 2
	a 146 157 0.9204655020267692
	a 157 146 0.9204655020267692
0.4068472581547501 2
	a 146 152 0.9865299685964932
	a 152 146 0.9865299685964932
2.03569844557326 2
	a 146 149 0.934394442257405
	a 149 146 0.934394442257405
5.188805765243023 2
	a 146 154 0.8411710993702601
	a 154 146 0.8411710993702601
1.088420984350353 2
	a 147 158 0.9643695574554602
	a 158 147 0.9643695574554602
0.247517838888265 2
	a 148 151 0.9917833481128457
	a 151 148 0.9917833481128457
1.00519166664295 2
	a 149 157 0.9670487328455266
	a 157 149 0.9670487328455266
0.99986533083179 2
	a 149 155 0.9672204422980087
	a 155 149 0.9672204422980087
0.8266086393752234 2
	a 150 153 0.9728225171346718
	a 153 150 0.9728225171346718
2.460325435208182 2
	a 150 178 0.9212619649394984
	a 178 150 0.9212619649394984
7.692069055423392 2
	a 150 186 0.7738305926858084
	a 186 150 0.7738305926858084
1.493347064546847 2
	a 151 171 0.9514403968250151
	a 171 151 0.9514403968250151
1.088420984350353 2
	a 152 167 0.9643695574554602
	a 167 152 0.9643695574554602
2.140995922531718 2
	a 153 178 0.9311205452615725
	a 178 153 0.9311205452615725
0.8678838813832842 2
	a 154 167 0.9714849879654753
	a 167 154 0.9714849879654753
1.126737926931244 2
	a 155 160 0.9631386206197394
	a 160 155 0.9631386206197394
3.394828742383747 2
	a 155 162 0.8930069118701275
	a 162 155 0.8930069118701275
0.3002129760370238 2
	a 155 157 0.990042805211115
	a 157 155 0.990042805211115
3.311996028424642 2
	a 156 173 0.8954759918479241
	a 173 156 0.8954759918479241
3.818662465755245 2
	a 156 172 0.880479398466994
	a 172 156 0.880479398466994
3.659070055900562 2
	a 156 203 0.8851758068779747
	a 203 156 0.8851758068779747
4.128305917127941 2
	a 156 196 0.8714383146108308
	a 196 156 0.8714383146108308
0.2701555345749592 2
	a 157 160 0.9910352407514
	a 160 157 0.9910352407514
2.707770724189268 2
	a 157 167 0.9136944856890473
	a 167 157 0.9136944856890473
2.443261655450811 2
	a 158 166 0.9217861210357223
	a 166 158 0.9217861210357223
3.293852218374197 2
	a 158 197 0.8960177338625087
	a 197 158 0.8960177338625087
0.2712315054364995 2
	a 158 163 0.9909996972207403
	a 163 158 0.9909996972207403
0.8249184195643712 2
	a 159 171 0.9728773281417317
	a 171 159 0.9728773281417317
0.247517838888265 2
	a 159 162 0.9917833481128457
	a 162 159 0.9917833481128457
0.1356157527182506 2
	a 160 167 0.9954896771040572
	a 167 160 0.9954896771040572
0.9849989873620122 2
	a 160 162 0.9676998621187332
	a 162 160 0.9676998621187332
0.4217785570495555 2
	a 161 171 0.9860390849711355
	a 171 161 0.9860390849711355
0.4217785570495555 2
	a 162 171 0.9860390849711355
	a 171 162 0.9860390849711355
13.13888034557277 2
	a 163 229 0.6453498680357358
	a 229 163 0.6453498680357358
12.36098824332409 2
	a 163 227 0.6623024584933356
	a 227 163 0.6623024584933356
12.91738248184662 2
	a 163 239 0.6501322884799835
	a 239 163 0.6501322884799835
0.3981115513613038 2
	a 164 171 0.986817278310307
	a 171 164 0.986817278310307
18.57577071957834 2
	a 165 190 0.5383790799765762
	a 190 165 0.5383790799765762
15.81956994201963 2
	a 165 242 0.5901851380103327
	a 242 165 0.5901851380103327
13.06435522207841 2
	a 165 235 0.6469550202334495
	a 235 165 0.6469550202334495
3.781457472895092 2
	a 166 186 0.8815720168323794
	a 186 166 0.8815720168323794
2.724609219058225 2
	a 166 197 0.9131817882564232
	a 197 166 0.9131817882564232
0.3103221494482235 2
	a 167 171 0.9897092442679486
	a 171 167 0.9897092442679486
3.27062794387227 2
	a 167 189 0.8967116478156497
	a 189 167 0.8967116478156497
4.713604492531377 2
	a 168 196 0.8546013725067911
	a 196 168 0.8546013725067911
1.027006667447879 2
	a 168 176 0.9663457828279073
	a 176 168 0.9663457828279073
2.782004337102639 2
	a 169 196 0.911436385863976
	a 196 169 0.911436385863976
1.417846655846283 2
	a 169 183 0.9538378837074142
	a 183 169 0.9538378837074142
8.468742713421257 2
	a 169 199 0.754053903270552
	a 199 169 0.754053903270552
15.03490681646923 2
	a 170 224 0.6058253349888365
	a 224 170 0.6058253349888365
5.284797818151391 2
	a 170 213 0.8384838761749716
	a 213 170 0.8384838761749716
0.4068472581547501 2
	a 171 173 0.9865299685964932
	a 173 171 0.9865299685964932
0.1356157527182506 2
	a 172 173 0.9954896771040572
	a 173 172 0.9954896771040572
1.018458359022064 2
	a 173 184 0.9666211761217441
	a 184 173 0.9666211761217441
3.473803703517877 2
	a 173 193 0.8906591639091126
	a 193 173 0.8906591639091126
6.619838055933022 2
	a 173 203 0.8019882929582329
	a 203 173 0.8019882929582329
0.9141633717897993 2
	a 174 184 0.9699874823197338
	a 184 174 0.9699874823197338
1.342527456914504 2
	a 174 179 0.9562356359045654
	a 179 174 0.9562356359045654
4.343445987791957 2
	a 175 209 0.8652112926440529
	a 209 175 0.8652112926440529
0.6780787635912512 2
	a 175 182 0.9776509001783111
	a 182 175 0.9776509001783111
4.780216210828377 2
	a 176 196 0.8527059287355776
	a 196 176 0.8527059287355776
1.082484264638834 2
	a 176 189 0.9645604160647696
	a 189 176 0.9645604160647696
1.897775697121318 2
	a 177 201 0.9387001405563929
	a 201 177 0.9387001405563929
0.9493102690277512 2
	a 178 181 0.9688517460642906
	a 181 178 0.9688517460642906
5.694501984876053 2
	a 178 179 0.8271107022925329
	a 179 178 0.8271107022925329
4.555765861070322 2
	a 178 202 0.8591095251543378
	a 202 178 0.8591095251543378
3.734457162160254 2
	a 178 211 0.88295423792088
	a 211 178 0.88295423792088
0.4068472581547501 2
	a 179 184 0.9865299685964932
	a 184 179 0.9865299685964932
2.093433633679189 2
	a 179 200 0.9325979235546809
	a 200 179 0.9325979235546809
0.4068472581547501 2
	a 179 180 0.9865299685964932
	a 180 179 0.9865299685964932
0.8126185454479601 2
	a 180 184 0.9732762855438019
	a 184 180 0.9732762855438019
1.435634045095961 2
	a 180 200 0.953272508475846
	a 200 180 0.953272508475846
6.33306296908082 2
	a 180 222 0.8096913940041123
	a 222 180 0.8096913940041123
3.271409407044684 2
	a 181 211 0.896688289882239
	a 211 181 0.896688289882239
6.82859708899489 2
	a 181 186 0.7964269218217351
	a 186 181 0.7964269218217351
3.166491138853976 2
	a 182 207 0.8998297460320187
	a 207 182 0.8998297460320187
0.4518359985116184 2
	a 182 187 0.9850516526460312
	a 187 182 0.9850516526460312
0.8266086393752234 2
	a 182 194 0.9728225171346718
	a 194 182 0.9728225171346718
0.9308612421642376 2
	a 183 196 0.9694477417008294
	a 196 183 0.9694477417008294
0.6780787635912512 2
	a 184 193 0.9776509001783111
	a 193 184 0.9776509001783111
5.398766376476601 2
	a 184 222 0.8353045590835085
	a 222 184 0.8353045590835085
0.4261984914158477 2
	a 185 190 0.9858938214043831
	a 190 185 0.9858938214043831
3.056622240212915 2
	a 186 211 0.9031312312897976
	a 211 186 0.9031312312897976
1.572591308840098 2
	a 186 197 0.9489305073480866
	a 197 186 0.9489305073480866
1.783013673629581 2
	a 187 207 0.9422979218995169
	a 207 187 0.9422979218995169
0.5753689120435835 2
	a 187 194 0.981003782431322
	a 194 187 0.981003782431322
5.104153038156664 2
	a 188 224 0.8435480322742407
	a 224 188 0.8435480322742407
6.370126804024493 2
	a 188 191 0.8086916694189684
	a 191 188 0.8086916694189684
0.8266086393752234 2
	a 189 201 0.9728225171346718
	a 201 189 0.9728225171346718
0.9493102690277512 2
	a 189 199 0.9688517460642906
	a 199 189 0.9688517460642906
0.7884591958105146 2
	a 190 201 0.9740603919623205
	a 201 190 0.9740603919623205
3.717000883291363 2
	a 191 217 0.8834681572718921
	a 217 191 0.8834681572718921
0.7241308354215087 2
	a 192 201 0.9761512898261859
	a 201 192 0.9761512898261859
4.755805533557469 2
	a 193 222 0.8534000487373811
	a 222 193 0.8534000487373811
8.12946131175333 2
	a 193 203 0.7626301902794549
	a 203 193 0.7626301902794549
0.2701555345749592 2
	a 194 198 0.9910352407514
	a 198 194 0.9910352407514
2.868845472987987 2
	a 195 212 0.9088018617535168
	a 212 195 0.9088018617535168
1.027952275406858 2
	a 195 205 0.966315323832502
	a 205 195 0.966315323832502
5.141778448891295 2
	a 195 204 0.8424907340612007
	a 204 195 0.8424907340612007
0.5294379043957786 2
	a 196 203 0.9825068825271878
	a 203 196 0.9825068825271878
3.381424901793908 2
	a 197 211 0.8934059917599535
	a 211 197 0.8934059917599535
4.443211802169113 2
	a 197 223 0.8623387879468783
	a 223 197 0.8623387879468783
0.8683645126519677 2
	a 198 207 0.9714694238880763
	a 207 198 0.9714694238880763
0.1917896373478611 2
	a 199 201 0.9936274037579175
	a 201 199 0.9936274037579175
0.1356157527182506 2
	a 200 202 0.9954896771040572
	a 202 200 0.9954896771040572
7.846782227480476 2
	a 200 234 0.7698501391300197
	a 234 200 0.7698501391300197
1.629075776146061 2
	a 201 210 0.9471455271290812
	a 210 201 0.9471455271290812
4.797496528258114 2
	a 202 226 0.8522149025298733
	a 226 202 0.8522149025298733
6.423630902699792 2
	a 202 231 0.8072506774878816
	a 231 202 0.8072506774878816
3.852339441931584 2
	a 203 221 0.8794915569051447
	a 221 203 0.8794915569051447
9.27684210349771 2
	a 204 230 0.734013344425559
	a 230 204 0.734013344425559
8.381387024246948 2
	a 204 238 0.756252799765337
	a 238 204 0.756252799765337
4.667306969750276 2
	a 204 208 0.8559212549166814
	a 208 204 0.8559212549166814
4.977193991535377 2
	a 204 205 0.8471254651914917
	a 205 204 0.8471254651914917
7.945018996848364 2
	a 204 220 0.7673333423930897
	a 220 204 0.7673333423930897
0.572507812946912 2
	a 205 208 0.9810973451939815
	a 208 205 0.9810973451939815
0.6981164340668319 2
	a 206 209 0.9769981233187751
	a 209 206 0.9769981233187751
5.153398603293508 2
	a 206 229 0.8421644681725391
	a 229 206 0.8421644681725391
1.77982890493642 2
	a 207 209 0.9423979605734668
	a 209 207 0.9423979605734668
1.703770921109608 2
	a 207 212 0.9447902214291792
	a 212 207 0.9447902214291792
2.711563110221431 2
	a 208 216 0.913578990249083
	a 216 208 0.913578990249083
1.581537861964821 2
	a 208 214 0.9486475609669087
	a 214 208 0.9486475609669087
6.436794138341683 2
	a 209 229 0.8068965541540495
	a 229 209 0.8068965541540495
1.695752562881215 2
	a 209 216 0.945042777393949
	a 216 209 0.945042777393949
11.14175592936283 2
	a 210 242 0.6897735909381548
	a 242 210 0.6897735909381548
3.644003100568314 2
	a 211 226 0.8856204820117479
	a 226 211 0.8856204820117479
2.292841933467983 2
	a 211 223 0.9264195543930618
	a 223 211 0.9264195543930618
1.165489355260694 2
	a 212 216 0.96189532387708
	a 216 212 0.96189532387708
0.3981115513613038 2
	a 212 214 0.986817278310307
	a 214 212 0.986817278310307
1.20149535568949 2
	a 213 219 0.9607415496140568
	a 219 213 0.9607415496140568
0.2701555345749592 2
	a 214 216 0.9910352407514
	a 216 214 0.9910352407514
1.491773279900752 2
	a 215 220 0.9514903102104922
	a 220 215 0.9514903102104922
0.5753689120435835 2
	a 215 218 0.981003782431322
	a 218 215 0.981003782431322
5.599009106430293 2
	a 215 225 0.8297476696512631
	a 225 215 0.8297476696512631
0.1917896373478611 2
	a 215 217 0.9936274037579175
	a 217 215 0.9936274037579175
4.608807690849853 2
	a 215 224 0.8575919091286899
	a 224 215 0.8575919091286899
2.075429932783403 2
	a 216 229 0.9331577653273327
	a 229 216 0.9331577653273327
3.045695421346476 2
	a 216 230 0.903460236248351
	a 230 216 0.903460236248351
0.3835792746957232 2
	a 217 218 0.9872954174986995
	a 218 217 0.9872954174986995
0.4068472581547501 2
	a 218 220 0.9865299685964932
	a 220 218 0.9865299685964932
12.73435638416519 2
	a 219 225 0.654110784808686
	a 225 219 0.654110784808686
4.808920347214592 2
	a 219 237 0.8518904460173845
	a 237 219 0.8518904460173845
10.31550559584734 2
	a 220 238 0.7090351431094745
	a 238 220 0.7090351431094745
8.157727680489769 2
	a 220 240 0.7619119691520434
	a 240 220 0.7619119691520434
3.423052912018465 2
	a 221 222 0.8921671610010636
	a 222 221 0.8921671610010636
1.088420984350353 2
	a 221 228 0.9643695574554602
	a 228 221 0.9643695574554602
3.412666042750948 2
	a 222 234 0.8924761086034863
	a 234 222 0.8924761086034863
4.111011667439872 2
	a 222 228 0.8719408218316913
	a 228 222 0.8719408218316913
1.515225646537176 2
	a 223 226 0.9507467775548303
	a 226 223 0.9507467775548303
1.220541774464252 2
	a 223 232 0.9601317870014974
	a 232 223 0.9601317870014974
0.2701555345749592 2
	a 224 225 0.9910352407514
	a 225 224 0.9910352407514
7.611409145410664 2
	a 225 240 0.7759139623699924
	a 240 225 0.7759139623699924
8.239573482452144 2
	a 225 241 0.7598361588408994
	a 241 225 0.7598361588408994
0.5143760708184569 2
	a 226 232 0.9830002848809992
	a 232 226 0.9830002848809992
1.005484153657362 2
	a 226 231 0.967039304584932
	a 231 226 0.967039304584932
0.4068472581547501 2
	a 227 229 0.9865299685964932
	a 229 227 0.9865299685964932
0.2701555345749592 2
	a 227 230 0.9910352407514
	a 230 227 0.9910352407514
2.521562118077222 2
	a 228 234 0.9193833820020216
	a 234 228 0.9193833820020216
0.1356157527182506 2
	a 229 230 0.9954896771040572
	a 230 229 0.9954896771040572
4.657258136307985 2
	a 230 239 0.8562080032764545
	a 239 230 0.8562080032764545
5.860844695945439 2
	a 230 238 0.8225372654221355
	a 238 230 0.8225372654221355
1.098491529874655 2
	a 231 232 0.9640458875330241
	a 232 231 0.9640458875330241
2.11597334246402 2
	a 231 233 0.931897503854888
	a 233 231 0.931897503854888
3.081419417858545 2
	a 231 236 0.9023850362051632
	a 236 231 0.9023850362051632
3.016343249606422 2
	a 232 236 0.9043446194877689
	a 236 232 0.9043446194877689
1.106545252170832 2
	a 233 234 0.9637871170070454
	a 234 233 0.9637871170070454
2.662300697087576 2
	a 233 236 0.9150803928118717
	a 236 233 0.9150803928118717
15.40246878132238 2
	a 234 249 0.5984480093304089
	a 249 234 0.5984480093304089
4.999349455687507 2
	a 235 242 0.8465000808853618
	a 242 235 0.8465000808853618
0.2591518306177774 2
	a 235 237 0.9913988093706936
	a 237 235 0.9913988093706936
4.457326802725157 2
	a 236 243 0.8619331529642824
	a 243 236 0.8619331529642824
11.01095154779899 2
	a 236 239 0.6927876706764592
	a 239 236 0.6927876706764592
4.236326861276161 2
	a 237 242 0.8683061706303175
	a 242 237 0.8683061706303175
1.027952275406858 2
	a 238 239 0.966315323832502
	a 239 238 0.966315323832502
7.061977541686863 2
	a 238 246 0.790255276119247
	a 246 238 0.790255276119247
7.023288944135646 2
	a 238 240 0.7912750624910037
	a 240 238 0.7912750624910037
5.415708215069655 2
	a 239 246 0.834832972421259
	a 246 239 0.834832972421259
7.505486592845303 2
	a 240 246 0.7786583640015822
	a 246 240 0.7786583640015822
11.01449605535834 2
	a 240 249 0.6927058224738895
	a 249 240 0.6927058224738895
10.34806380083057 2
	a 240 241 0.7082660634648502
	a 241 240 0.7082660634648502
5.828292860382054 2
	a 241 248 0.8234302530679311
	a 248 241 0.8234302530679311
2.070387775261539 2
	a 242 245 0.9333146161229215
	a 245 242 0.9333146161229215
1.610564433844173 2
	a 243 244 0.94773013864501
	a 244 243 0.94773013864501
2.869251027375966 2
	a 243 246 0.9087895762171301
	a 246 243 0.9087895762171301
0.8136945163095008 2
	a 244 246 0.973241378938998
	a 246 244 0.973241378938998
8.485576900229802 2
	a 244 249 0.7536308924899812
	a 249 244 0.7536308924899812
2.990698911997238 2
	a 245 247 0.9051179939431769
	a 247 245 0.9051179939431769
7.704602939041643 2
	a 246 249 0.7735073567942289
	a 249 246 0.7735073567942289
0.7623395882754054 2
	a 247 248 0.9749088304285057
	a 248 247 0.9749088304285057
4.349242467253591 2
	a 248 249 0.8650441361436338
	a 249 248 0.8650441361436338
