0.4068472581547501 2
	a 0 30 0.9865299685964932
	a 30 0 0.9865299685964932
0.4068472581547501 2
	a 1 30 0.9865299685964932
	a 30 1 0.9865299685964932
1.81402360328981 2
	a 2 39 0.9413244053882702
	a 39 2 0.9413244053882702
3.045367841495786 2
	a 2 43 0.9034701014811883
	a 43 2 0.9034701014811883
1.385168937220699 2
	a 2 7 0.9548774246343368
	a 7 2 0.9548774246343368
0.7884591958105146 2
	a 2 13 0.9740603919623205
	a 13 2 0.9740603919623205
0.3002129760370238 2
	a 2 24 0.990042805211115
	a 24 2 0.990042805211115
1.355312686248317 2
	a 3 12 0.9558281996667543
	a 12 3 0.9558281996667543
0.99986533083179 2
	a 3 39 0.9672204422980087
	a 39 3 0.9672204422980087
0.3981115513613038 2
	a 4 30 0.986817278310307
	a 30 4 0.986817278310307
0.5753689120435835 2
	a 5 36 0.981003782431322
	a 36 5 0.981003782431322
0.2712315054364995 2
	a 6 24 0.9909996972207403
	a 24 6 0.9909996972207403
2.974238821242567 2
	a 6 8 0.9056147410165468
	a 8 6 0.9056147410165468
1.588630791858241 2
	a 7 39 0.9484232977912197
	a 39 7 0.9484232977912197
0.4068472581547501 2
	a 7 13 0.9865299685964932
	a 13 7 0.9865299685964932
0.2712315054364995 2
	a 7 24 0.9909996972207403
	a 24 7 0.9909996972207403
0.2701555345749592 2
	a 8 24 0.9910352407514
	a 24 8 0.9910352407514
0.4068472581547501 2
	a 9 32 0.9865299685964932
	a 32 9 0.9865299685964932
0.4068472581547501 2
	a 10 32 0.9865299685964932
	a 32 10 0.9865299685964932
1.096459282614921 2
	a 10 15 0.9641111957321459
	a 15 10 0.9641111957321459
1.067269989914409 2
	a 11 40 0.9650497096970222
	a 40 11 0.9650497096970222
3.068634188524729 2
	a 11 31 0.902769691485617
	a 31 11 0.902769691485617
0.2701555345749592 2
	a 12 27 0.9910352407514
	a 27 12 0.9910352407514
3.586238922334978 2
	a 12 39 0.8873273627394445
	a 39 12 0.8873273627394445
0.1917896373478611 2
	a 13 24 0.9936274037579175
	a 24 13 0.9936274037579175
0.5753689120435835 2
	a 14 37 0.981003782431322
	a 37 14 0.981003782431322
0.5753689120435835 2
	a 14 22 0.981003782431322
	a 22 14 0.981003782431322
0.2822352093936812 2
	a 15 32 0.9906362749650008
	a 32 15 0.9906362749650008
0.4068472581547501 2
	a 16 36 0.9865299685964932
	a 36 16 0.9865299685964932
0.4068472581547501 2
	a 17 36 0.9865299685964932
	a 36 17 0.9865299685964932
0.8753836449732832 2
	a 17 30 0.971242154728572
	a 30 17 0.971242154728572
0.1356157527182506 2
	a 18 26 0.9954896771040572
	a 26 18 0.9954896771040572
0.2701555345749592 2
	a 19 32 0.9910352407514
	a 32 19 0.9910352407514
0.9493102690277512 2
	a 19 30 0.9688517460642906
	a 30 19 0.9688517460642906
0.1917896373478611 2
	a 20 30 0.9936274037579175
	a 30 20 0.9936274037579175
0.4217785570495555 2
	a 21 37 0.9860390849711355
	a 37 21 0.9860390849711355
0.4217785570495555 2
	a 22 37 0.9860390849711355
	a 37 22 0.9860390849711355
0.3002129760370238 2
	a 23 36 0.990042805211115
	a 36 23 0.990042805211115
2.976935165281786 2
	a 23 30 0.9055333497106254
	a 30 23 0.9055333497106254
1.381814599110866 2
	a 24 39 0.9549841966612392
	a 39 24 0.9549841966612392
2.851684940432101 2
	a 24 49 0.9093218612616619
	a 49 24 0.9093218612616619
2.109686006305949 2
	a 24 43 0.9320928294178511
	a 43 24 0.9320928294178511
2.062654928877343 2
	a 24 44 0.9335552197492575
	a 44 24 0.9335552197492575
0.9569120473074697 2
	a 24 36 0.9686062772936068
	a 36 24 0.9686062772936068
2.140995922531718 2
	a 24 33 0.9311205452615725
	a 33 24 0.9311205452615725
0.8678838813832842 2
	a 24 29 0.9714849879654753
	a 29 24 0.9714849879654753
0.1356157527182506 2
	a 25 32 0.9954896771040572
	a 32 25 0.9954896771040572
0.2701555345749592 2
	a 26 36 0.9910352407514
	a 36 26 0.9910352407514
0.6385290286129006 2
	a 27 39 0.9789406112538208
	a 39 27 0.9789406112538208
0.3002129760370238 2
	a 28 37 0.990042805211115
	a 37 28 0.990042805211115
4.30123298093595 2
	a 28 45 0.8664295885828974
	a 45 28 0.8664295885828974
0.4498654971040983 2
	a 28 38 0.9851163562932524
	a 38 28 0.9851163562932524
0.1917896373478611 2
	a 29 36 0.9936274037579175
	a 36 29 0.9936274037579175
0.1917896373478611 2
	a 30 36 0.9936274037579175
	a 36 30 0.9936274037579175
0.5488408072586609 2
	a 30 32 0.9818716384555221
	a 32 30 0.9818716384555221
0.6981164340668319 2
	a 31 40 0.9769981233187751
	a 40 31 0.9769981233187751
0.1356157527182506 2
	a 32 36 0.9954896771040572
	a 36 32 0.9954896771040572
2.548612361592211 2
	a 33 40 0.9185547708148415
	a 40 33 0.9185547708148415
1.220770282487056 2
	a 33 44 0.9601244737688071
	a 44 33 0.9601244737688071
0.6027356872459425 2
	a 34 40 0.9801092934817696
	a 40 34 0.9801092934817696
0.4217785570495555 2
	a 35 39 0.9860390849711355
	a 39 35 0.9860390849711355
2.754268253082478 2
	a 35 36 0.9122794313895294
	a 36 35 0.9122794313895294
0.4068472581547501 2
	a 36 39 0.9865299685964932
	a 39 36 0.9865299685964932
1.084926021746002 2
	a 37 45 0.9644819118512427
	a 45 37 0.9644819118512427
2.034236290773753 2
	a 38 45 0.9344399843445016
	a 45 38 0.9344399843445016
0.5294379043957786 2
	a 38 42 0.9825068825271878
	a 42 38 0.9825068825271878
1.381814599110866 2
	a 39 46 0.9549841966612392
	a 46 39 0.9549841966612392
6.101774308005075 2
	a 40 48 0.8159579339052987
	a 48 40 0.8159579339052987
1.28340913278765 2
	a 40 47 0.9581218620785064
	a 47 40 0.9581218620785064
6.38144736514685 2
	a 40 49 0.8083865655392809
	a 49 40 0.8083865655392809
1.940314217948049 2
	a 40 44 0.9373700532623779
	a 44 40 0.9373700532623779
0.5753689120435835 2
	a 41 45 0.981003782431322
	a 45 41 0.981003782431322
5.084805575013494 2
	a 41 47 0.8440922248832838
	a 47 41 0.8440922248832838
0.4217785570495555 2
	a 42 45 0.9860390849711355
	a 45 42 0.9860390849711355
1.785628792873972 2
	a 43 49 0.9422157847652253
	a 49 43 0.9422157847652253
1.441427748955187 2
	a 44 49 0.9530884269646057
	a 49 44 0.9530884269646057
1.064816194648925 2
	a 45 48 0.9651286474055482
	a 48 45 0.9651286474055482
4.707113909044707 2
	a 45 47 0.8547862878947518
	a 47 45 0.8547862878947518
2.486272693203688 2
	a 46 48 0.9204655020267692
	a 48 46 0.9204655020267692
0.7671585448709205 2
	a 46 49 0.9747522415608111
	a 49 46 0.9747522415608111
0.4217785570495555 2
	a 47 48 0.9860390849711355
	a 48 47 0.9860390849711355
0.3002129760370238 2
	a 48 49 0.990042805211115
	a 49 48 0.990042805211115
