4.789435342575013 2
	a 0 93 0.8524439287179124
	a 93 0 0.8524439287179124
0.8816511857519844 2
	a 0 45 0.9710392659291819
	a 45 0 0.9710392659291819
10.3090365662243 2
	a 1 59 0.7091880519065592
	a 59 1 0.7091880519065592
5.658691370582725 2
	a 1 180 0.8280986032087961
	a 180 1 0.8280986032087961
0.1917896373478611 2
	a 1 14 0.9936274037579175
	a 14 1 0.9936274037579175
0.2701555345749592 2
	a 2 22 0.9910352407514
	a 22 2 0.9910352407514
3.520979858158215 2
	a 3 152 0.8892596687625548
	a 152 3 0.8892596687625548
7.064659514976819 2
	a 4 41 0.7901846311589991
	a 41 4 0.7901846311589991
0.1917896373478611 2
	a 4 19 0.9936274037579175
	a 19 4 0.9936274037579175
7.739583756708292 2
	a 5 141 0.77260595176738
	a 141 5 0.77260595176738
6.254243776200264 2
	a 5 55 0.8118214984025647
	a 55 5 0.8118214984025647
2.941760109693045 2
	a 5 124 0.9065957119302041
	a 124 5 0.9065957119302041
0.99986533083179 2
	a 6 57 0.9672204422980087
	a 57 6 0.9672204422980087
0.2712315054364995 2
	a 7 24 0.9909996972207403
	a 24 7 0.9909996972207403
2.207478403536901 2
	a 8 98 0.9290593898184345
	a 98 8 0.9290593898184345
4.326074016716008 2
	a 8 9 0.8657124519171355
	a 9 8 0.8657124519171355
0.5753689120435835 2
	a 9 39 0.981003782431322
	a 39 9 0.981003782431322
2.444241438579473 2
	a 10 50 0.9217560165110026
	a 50 10 0.9217560165110026
0.8272569866452942 2
	a 10 34 0.9728014931344119
	a 34 10 0.9728014931344119
1.084926021746002 2
	a 10 15 0.9644819118512427
	a 15 10 0.9644819118512427
0.1356157527182506 2
	a 10 22 0.9954896771040572
	a 22 10 0.9954896771040572
4.077555604804187 2
	a 11 175 0.8729137544641021
	a 175 11 0.8729137544641021
2.848106646468228 2
	a 12 126 0.9094303284279024
	a 126 12 0.9094303284279024
4.374139562065297 2
	a 12 133 0.8643265310937075
	a 133 12 0.8643265310937075
1.637423309970502 2
	a 12 80 0.9468820194806189
	a 80 12 0.9468820194806189
5.825569858806372 2
	a 13 174 0.8235049965225411
	a 174 13 0.8235049965225411
2.66582212284581 2
	a 13 120 0.9149729861935322
	a 120 13 0.9149729861935322
1.487545852095444 2
	a 13 24 0.9516243982108549
	a 24 13 0.9516243982108549
4.224049720880431 2
	a 14 180 0.8686615872424616
	a 180 14 0.8686615872424616
0.1356157527182506 2
	a 15 23 0.9954896771040572
	a 23 15 0.9954896771040572
0.487629339878578 2
	a 15 22 0.9838770771494869
	a 22 15 0.9838770771494869
3.529785266928033 2
	a 16 133 0.8889986972342458
	a 133 16 0.8889986972342458
2.420134115665297 2
	a 16 34 0.9224970165278437
	a 34 16 0.9224970165278437
0.1356157527182506 2
	a 16 23 0.9954896771040572
	a 23 16 0.9954896771040572
1.127108817932829 2
	a 17 67 0.9631267133784222
	a 67 17 0.9631267133784222
2.243171140617969 2
	a 18 103 0.9279546913594896
	a 103 18 0.9279546913594896
4.005542401486923 2
	a 18 30 0.8750116485806249
	a 30 18 0.8750116485806249
2.782004337102639 2
	a 18 69 0.911436385863976
	a 69 18 0.911436385863976
5.826438012088448 2
	a 18 228 0.8234811659151685
	a 228 18 0.8234811659151685
6.600458130899175 2
	a 19 284 0.8025065427674363
	a 284 19 0.8025065427674363
1.126737926931244 2
	a 20 64 0.9631386206197394
	a 64 20 0.9631386206197394
2.356452696663057 2
	a 20 111 0.924457293646844
	a 111 20 0.924457293646844
6.610889391723084 2
	a 21 287 0.802227552771854
	a 287 21 0.802227552771854
19.80510049879081 2
	a 21 346 0.5167634686410185
	a 346 21 0.5167634686410185
0.6027356872459425 2
	a 22 50 0.9801092934817696
	a 50 22 0.9801092934817696
0.5488408072586609 2
	a 22 23 0.9818716384555221
	a 23 22 0.9818716384555221
2.872975677860171 2
	a 23 133 0.9086767524365909
	a 133 23 0.9086767524365909
1.206514340999738 2
	a 23 78 0.9605808314676499
	a 78 23 0.9605808314676499
3.603951429086528 2
	a 24 120 0.8868036243032232
	a 120 24 0.8868036243032232
3.328813778603958 2
	a 24 158 0.8949741361450485
	a 158 24 0.8949741361450485
1.736200693454497 2
	a 25 76 0.9437694621852569
	a 76 25 0.9437694621852569
0.487629339878578 2
	a 25 46 0.9838770771494869
	a 46 25 0.9838770771494869
5.200608024477986 2
	a 25 70 0.8408402404767104
	a 70 25 0.8408402404767104
2.841715600423528 2
	a 26 27 0.9096240894362094
	a 27 26 0.9096240894362094
0.6027356872459425 2
	a 26 58 0.9801092934817696
	a 58 26 0.9801092934817696
1.539937485710144 2
	a 27 58 0.9499639433049578
	a 58 27 0.9499639433049578
1.2777003560333 2
	a 27 83 0.9583042028874746
	a 83 27 0.9583042028874746
1.446577522097359 2
	a 28 88 0.9529248346999484
	a 88 28 0.9529248346999484
31.33286481604785 2
	a 29 592 0.3518927535573232
	a 592 29 0.3518927535573232
29.54249020867434 2
	a 29 572 0.3735327203270073
	a 572 29 0.3735327203270073
29.15443259894867 2
	a 29 564 0.3783958458868532
	a 564 29 0.3783958458868532
3.074000381805613 2
	a 29 152 0.9026082247053255
	a 152 29 0.9026082247053255
11.56349740906559 2
	a 29 203 0.6801445610439183
	a 203 29 0.6801445610439183
4.162371323943214 2
	a 30 96 0.8704493461872348
	a 96 30 0.8704493461872348
3.267789470003676 2
	a 30 69 0.8967964949155239
	a 69 30 0.8967964949155239
6.959100127835662 2
	a 30 308 0.7929699086682178
	a 308 30 0.7929699086682178
0.3981115513613038 2
	a 31 54 0.986817278310307
	a 54 31 0.986817278310307
3.065108206077205 2
	a 31 156 0.9028758027241455
	a 156 31 0.9028758027241455
0.6981164340668319 2
	a 31 37 0.9769981233187751
	a 37 31 0.9769981233187751
1.473324253037239 2
	a 32 40 0.9520756258435579
	a 40 32 0.9520756258435579
2.493891437014073 2
	a 32 94 0.9202317720119693
	a 94 32 0.9202317720119693
3.394897372995672 2
	a 32 136 0.8930048689521038
	a 136 32 0.8930048689521038
1.739940618792985 2
	a 32 99 0.9436518152744097
	a 99 32 0.9436518152744097
1.511850541135075 2
	a 32 44 0.9508537459247081
	a 44 32 0.9508537459247081
6.683380631527629 2
	a 33 130 0.8002914106061674
	a 130 33 0.8002914106061674
1.909251560883162 2
	a 33 98 0.9383411293959486
	a 98 33 0.9383411293959486
5.963390569965968 2
	a 33 35 0.8197304718135218
	a 35 33 0.8197304718135218
1.150737819566642 2
	a 33 82 0.9623684212895742
	a 82 33 0.9623684212895742
2.090410175403364 2
	a 33 113 0.9326919173213715
	a 113 33 0.9326919173213715
2.970738913183766 2
	a 34 153 0.9057203994573493
	a 153 34 0.9057203994573493
1.339666357817832 2
	a 34 50 0.9563268364171944
	a 50 34 0.9563268364171944
1.984278394854708 2
	a 35 112 0.9359973692284843
	a 112 35 0.9359973692284843
6.37498526096825 2
	a 35 135 0.8085607135680892
	a 135 35 0.8085607135680892
8.553461042367731 2
	a 36 336 0.7519275008839229
	a 336 36 0.7519275008839229
5.318021358537992 2
	a 36 248 0.8375558100664006
	a 248 36 0.8375558100664006
1.111936995459528 2
	a 37 47 0.9636139161477594
	a 47 37 0.9636139161477594
0.726203378641899 2
	a 37 68 0.9760838549643137
	a 68 37 0.9760838549643137
1.058859358600752 2
	a 38 82 0.9653203035365874
	a 82 38 0.9653203035365874
3.452213463220452 2
	a 38 67 0.8913003794604645
	a 67 38 0.8913003794604645
1.620329079956119 2
	a 39 98 0.9474217138615975
	a 98 39 0.9474217138615975
5.817404841182467 2
	a 40 56 0.8237291581195465
	a 56 40 0.8237291581195465
1.555485357104156 2
	a 40 51 0.9494717402871466
	a 51 40 0.9494717402871466
1.418529124039737 2
	a 40 94 0.9538161851536465
	a 94 40 0.9538161851536465
15.52398999790167 2
	a 41 451 0.5960287747720233
	a 451 41 0.5960287747720233
6.114075131431754 2
	a 41 284 0.8156234373374198
	a 284 41 0.8156234373374198
1.206514340999738 2
	a 42 88 0.9605808314676499
	a 88 42 0.9605808314676499
0.1917896373478611 2
	a 43 52 0.9936274037579175
	a 52 43 0.9936274037579175
5.700517221587872 2
	a 43 90 0.8269448766957198
	a 90 43 0.8269448766957198
8.136003460869711 2
	a 44 125 0.7624639003974852
	a 125 44 0.7624639003974852
2.460325435208182 2
	a 44 99 0.9212619649394984
	a 99 44 0.9212619649394984
7.075425760271516 2
	a 44 222 0.7899011046517355
	a 222 44 0.7899011046517355
2.713856887939757 2
	a 44 145 0.9135091413483557
	a 145 44 0.9135091413483557
1.227679281255588 2
	a 45 93 0.9599033826015307
	a 93 45 0.9599033826015307
5.238265377242906 2
	a 46 255 0.8397854420453337
	a 255 46 0.8397854420453337
3.039604547208841 2
	a 47 156 0.9036436836232137
	a 156 47 0.9036436836232137
0.5424630108730013 2
	a 47 68 0.9820803998915988
	a 68 47 0.9820803998915988
2.845914354538187 2
	a 48 64 0.9094967887485448
	a 64 48 0.9094967887485448
0.1917896373478611 2
	a 48 56 0.9936274037579175
	a 56 48 0.9936274037579175
0.5308290191434861 2
	a 49 68 0.982461324256342
	a 68 49 0.982461324256342
3.778662251410565 2
	a 50 189 0.8816541602938597
	a 189 50 0.8816541602938597
2.441083548928503 2
	a 51 56 0.9218530484106888
	a 56 51 0.9218530484106888
2.112908977956649 2
	a 51 86 0.9319926978378004
	a 86 51 0.9319926978378004
1.248857222541599 2
	a 51 94 0.9592259958080578
	a 94 51 0.9592259958080578
9.125681381562556 2
	a 52 79 0.7377211440438677
	a 79 52 0.7377211440438677
5.919315676358792 2
	a 52 258 0.8209356746942791
	a 258 52 0.8209356746942791
4.496286441919756 2
	a 52 221 0.860814525988241
	a 221 52 0.860814525988241
0.6773268194476793 2
	a 53 81 0.9776754051143772
	a 81 53 0.9776754051143772
5.266195870965113 2
	a 53 184 0.8390039518246761
	a 184 53 0.8390039518246761
3.795324441280463 2
	a 53 116 0.8811646199527325
	a 116 53 0.8811646199527325
8.486109151374496 2
	a 54 144 0.7536175219117498
	a 144 54 0.7536175219117498
4.137675519072744 2
	a 54 208 0.8711661894372069
	a 208 54 0.8711661894372069
3.546363067635541 2
	a 54 156 0.8885075781669107
	a 156 54 0.8885075781669107
2.391083679933991 2
	a 55 141 0.9233907471887904
	a 141 55 0.9233907471887904
1.754926729054513 2
	a 56 64 0.943180543987861
	a 64 56 0.943180543987861
0.8266086393752234 2
	a 56 86 0.9728225171346718
	a 86 56 0.9728225171346718
10.02364804647156 2
	a 56 77 0.7159667142719914
	a 77 56 0.7159667142719914
0.8753836449732832 2
	a 57 88 0.971242154728572
	a 88 57 0.971242154728572
4.107087028925658 2
	a 57 73 0.872054897711021
	a 73 57 0.872054897711021
0.6780787635912512 2
	a 58 83 0.9776509001783111
	a 83 58 0.9776509001783111
2.312404334017637 2
	a 58 109 0.9258156516309203
	a 109 58 0.9258156516309203
3.979866271024775 2
	a 59 201 0.8757608662599002
	a 201 59 0.8757608662599002
4.117210464593522 2
	a 59 212 0.8717606743011481
	a 212 59 0.8717606743011481
7.152125229211311 2
	a 59 180 0.7878841841877775
	a 180 59 0.7878841841877775
3.910846812571917 2
	a 60 95 0.8777780037565868
	a 95 60 0.8777780037565868
1.736200693454497 2
	a 60 122 0.9437694621852569
	a 122 60 0.9437694621852569
2.847930807083253 2
	a 60 80 0.9094356588991784
	a 80 60 0.9094356588991784
4.299996865952548 2
	a 61 62 0.8664652895382842
	a 62 61 0.8664652895382842
4.119681790455305 2
	a 61 75 0.8716888637689864
	a 75 61 0.8716888637689864
0.4068472581547501 2
	a 61 81 0.9865299685964932
	a 81 61 0.9865299685964932
6.186225139399838 2
	a 62 303 0.8136642196578584
	a 303 62 0.8136642196578584
5.237028575139692 2
	a 62 263 0.8398200643723772
	a 263 62 0.8398200643723772
3.438989195969314 2
	a 62 75 0.8916933592158904
	a 75 62 0.8916933592158904
4.174005225262225 2
	a 63 132 0.8701118542373736
	a 132 63 0.8701118542373736
1.302248493431162 2
	a 63 106 0.9575203708501052
	a 106 63 0.9575203708501052
8.892369279209952 2
	a 63 265 0.7434808207540368
	a 265 63 0.7434808207540368
2.58451748650361 2
	a 63 71 0.9174560676377698
	a 71 63 0.9174560676377698
1.736200693454497 2
	a 64 111 0.9437694621852569
	a 111 64 0.9437694621852569
0.6005947530014546 2
	a 64 86 0.9801792409626143
	a 86 64 0.9801792409626143
16.6615819994096 2
	a 65 405 0.5738506738199279
	a 405 65 0.5738506738199279
10.82993796076475 2
	a 65 426 0.6969804398031648
	a 426 65 0.6969804398031648
12.49369426061621 2
	a 65 364 0.6593792114177258
	a 364 65 0.6593792114177258
0.99986533083179 2
	a 66 75 0.9672204422980087
	a 75 66 0.9672204422980087
0.2701555345749592 2
	a 66 81 0.9910352407514
	a 81 66 0.9910352407514
0.3835792746957232 2
	a 67 82 0.9872954174986995
	a 82 67 0.9872954174986995
5.084869472635648 2
	a 68 270 0.8440904270356635
	a 270 68 0.8440904270356635
4.617540513548291 2
	a 69 228 0.857342305523185
	a 228 69 0.857342305523185
6.080546564094141 2
	a 69 308 0.8165355030914812
	a 308 69 0.8165355030914812
5.855652818632572 2
	a 70 76 0.8226796281595223
	a 76 70 0.8226796281595223
7.348530413087185 2
	a 70 246 0.782742880925859
	a 246 70 0.782742880925859
10.12358758462795 2
	a 70 414 0.7135855698899298
	a 414 70 0.7135855698899298
10.08324904514444 2
	a 70 312 0.7145457152491552
	a 312 70 0.7145457152491552
5.282055125168418 2
	a 71 265 0.8385605364739632
	a 265 71 0.8385605364739632
5.171827129575734 2
	a 71 262 0.8416472986987998
	a 262 71 0.8416472986987998
5.013026892017404 2
	a 71 267 0.8461142371492786
	a 267 71 0.8461142371492786
6.304823203634539 2
	a 71 314 0.810453936016283
	a 314 71 0.810453936016283
6.810993183338117 2
	a 72 314 0.7968943997787609
	a 314 72 0.7968943997787609
2.75315228913546 2
	a 72 173 0.912313367719222
	a 173 72 0.912313367719222
0.8266086393752234 2
	a 72 84 0.9728225171346718
	a 84 72 0.9728225171346718
2.953714145557924 2
	a 72 144 0.906234534638576
	a 144 72 0.906234534638576
0.487629339878578 2
	a 73 88 0.9838770771494869
	a 88 73 0.9838770771494869
4.448401649766214 2
	a 74 245 0.8621896206202947
	a 245 74 0.8621896206202947
1.428328438058603 2
	a 75 81 0.9535046778885549
	a 81 75 0.9535046778885549
1.360345102038611 2
	a 75 119 0.9556678756165912
	a 119 75 0.9556678756165912
1.003980265370219 2
	a 75 102 0.9670877831028056
	a 102 75 0.9670877831028056
4.614605146744908 2
	a 76 192 0.8574261967654032
	a 192 76 0.8574261967654032
4.977387112887772 2
	a 76 256 0.8471200119418612
	a 256 76 0.8471200119418612
2.554518875155074 2
	a 76 168 0.9183739400763441
	a 168 76 0.9183739400763441
1.487138706482632 2
	a 77 125 0.9516373132884525
	a 125 77 0.9516373132884525
1.544057975973908 2
	a 78 133 0.9498334750257403
	a 133 78 0.9498334750257403
6.541120177060796 2
	a 79 225 0.8040954167979908
	a 225 79 0.8040954167979908
4.603173425910573 2
	a 79 258 0.8577529875883888
	a 258 79 0.8577529875883888
1.884034250156137 2
	a 80 126 0.9391302089848375
	a 126 80 0.9391302089848375
1.2777003560333 2
	a 80 122 0.9583042028874746
	a 122 80 0.9583042028874746
0.8241254245324514 2
	a 81 102 0.9729030447112115
	a 102 81 0.9729030447112115
2.283021734623198 2
	a 81 116 0.9267228581733387
	a 116 81 0.9267228581733387
7.852780073732271 2
	a 81 302 0.7696962397558978
	a 302 81 0.7696962397558978
3.159469755311166 2
	a 82 98 0.9000403723381959
	a 98 82 0.9000403723381959
0.9493102690277512 2
	a 82 113 0.9688517460642906
	a 113 82 0.9688517460642906
0.8753836449732832 2
	a 83 109 0.971242154728572
	a 109 83 0.971242154728572
3.974506243740116 2
	a 83 111 0.8759173503100632
	a 111 83 0.8759173503100632
5.874461692854874 2
	a 84 314 0.8221640005609467
	a 314 84 0.8221640005609467
6.134300995887383 2
	a 84 285 0.8150737330259759
	a 285 84 0.8150737330259759
1.92702906826499 2
	a 85 125 0.9377852485699898
	a 125 85 0.9377852485699898
4.560059306624054 2
	a 85 209 0.8589865826196342
	a 209 85 0.8589865826196342
1.796072670483406 2
	a 85 154 0.941887828976114
	a 154 85 0.941887828976114
3.603951429086528 2
	a 85 222 0.8868036243032232
	a 222 85 0.8868036243032232
0.9763801406626829 2
	a 86 111 0.9679779172841535
	a 111 86 0.9679779172841535
0.2701555345749592 2
	a 86 94 0.9910352407514
	a 94 86 0.9910352407514
0.1516230224745966 2
	a 87 93 0.9949586497282615
	a 93 87 0.9949586497282615
1.445292264485697 2
	a 87 92 0.952965660704379
	a 92 87 0.952965660704379
0.1356157527182506 2
	a 88 93 0.9954896771040572
	a 93 88 0.9954896771040572
2.210738904586905 2
	a 88 104 0.9289584220014278
	a 104 88 0.9289584220014278
1.73006200572298 2
	a 88 110 0.9439625988119702
	a 110 88 0.9439625988119702
0.4068472581547501 2
	a 88 89 0.9865299685964932
	a 89 88 0.9865299685964932
0.6780787635912512 2
	a 89 110 0.9776509001783111
	a 110 89 0.9776509001783111
3.877440412424875 2
	a 90 244 0.8787559949494065
	a 244 90 0.8787559949494065
2.500368558377023 2
	a 91 111 0.9200331116962117
	a 111 91 0.9200331116962117
1.898620538055502 2
	a 91 130 0.9386737058518245
	a 130 91 0.9386737058518245
3.196704335008038 2
	a 91 136 0.8989239777903977
	a 136 91 0.8989239777903977
2.413936864531231 2
	a 91 181 0.9226876010682319
	a 181 91 0.9226876010682319
2.159957821048861 2
	a 92 174 0.9305322041060317
	a 174 92 0.9305322041060317
1.712188283485123 2
	a 92 93 0.944525170559318
	a 93 92 0.944525170559318
0.4068472581547501 2
	a 93 104 0.9865299685964932
	a 104 93 0.9865299685964932
0.487629339878578 2
	a 94 111 0.9838770771494869
	a 111 94 0.9838770771494869
1.604933260944054 2
	a 94 136 0.9479080497510697
	a 136 94 0.9479080497510697
0.1917896373478611 2
	a 95 100 0.9936274037579175
	a 100 95 0.9936274037579175
4.610935592420506 2
	a 95 128 0.8575310822469285
	a 128 95 0.8575310822469285
0.2756047834633315 2
	a 96 107 0.9908552438432273
	a 107 96 0.9908552438432273
12.67827665303216 2
	a 96 360 0.6553346736063135
	a 360 96 0.6553346736063135
0.6981164340668319 2
	a 97 127 0.9769981233187751
	a 127 97 0.9769981233187751
0.7241308354215087 2
	a 98 130 0.9761512898261859
	a 130 98 0.9761512898261859
2.513759777660808 2
	a 99 136 0.9196225245025127
	a 136 99 0.9196225245025127
3.452349856503486 2
	a 99 181 0.8912963272235119
	a 181 99 0.8912963272235119
4.040385641492963 2
	a 99 145 0.8739959638279411
	a 145 99 0.8739959638279411
2.045198491790077 2
	a 99 178 0.9340985960895423
	a 178 99 0.9340985960895423
5.817200007149562 2
	a 100 121 0.8237347823975966
	a 121 100 0.8237347823975966
0.7241308354215087 2
	a 100 134 0.9761512898261859
	a 134 100 0.9761512898261859
3.428182374441404 2
	a 100 128 0.8920146294439389
	a 128 100 0.8920146294439389
1.726106731610226 2
	a 101 161 0.9440870613775323
	a 161 101 0.9440870613775323
0.3911042311720507 2
	a 101 108 0.9870478033865562
	a 108 101 0.9870478033865562
4.089123524538977 2
	a 101 269 0.8725772261422476
	a 269 101 0.8725772261422476
2.798765323048392 2
	a 101 165 0.9109273090059221
	a 165 101 0.9109273090059221
1.206514340999738 2
	a 102 119 0.9605808314676499
	a 119 102 0.9605808314676499
10.00455538272512 2
	a 102 433 0.7164225163555134
	a 433 102 0.7164225163555134
8.40277541857855 2
	a 102 302 0.7557138241486918
	a 302 102 0.7557138241486918
3.129722376665067 2
	a 103 192 0.9009332763493544
	a 192 103 0.9009332763493544
1.578980655167365 2
	a 103 168 0.9487284273464371
	a 168 103 0.9487284273464371
5.825193805365137 2
	a 103 228 0.8235153193168335
	a 228 103 0.8235153193168335
5.821458536167492 2
	a 103 246 0.823617860747233
	a 246 103 0.823617860747233
1.20149535568949 2
	a 104 158 0.9607415496140568
	a 158 104 0.9607415496140568
2.66582212284581 2
	a 104 110 0.9149729861935322
	a 110 104 0.9149729861935322
1.356157527182502 2
	a 105 109 0.9558012826194622
	a 109 105 0.9558012826194622
0.5424630108730013 2
	a 105 130 0.9820803998915988
	a 130 105 0.9820803998915988
0.5294379043957786 2
	a 106 132 0.9825068825271878
	a 132 106 0.9825068825271878
0.5811918501385718 2
	a 106 113 0.9808133900994309
	a 113 106 0.9808133900994309
0.6780787635912512 2
	a 107 139 0.9776509001783111
	a 139 107 0.9776509001783111
0.4217785570495555 2
	a 108 129 0.9860390849711355
	a 129 108 0.9860390849711355
1.633020205519121 2
	a 108 165 0.9470210036942331
	a 165 108 0.9470210036942331
1.636120639296191 2
	a 109 111 0.9469231362212657
	a 111 109 0.9469231362212657
0.4217785570495555 2
	a 109 130 0.9860390849711355
	a 130 109 0.9860390849711355
1.058859358600752 2
	a 110 158 0.9653203035365874
	a 158 110 0.9653203035365874
0.4068472581547501 2
	a 111 130 0.9865299685964932
	a 130 111 0.9865299685964932
0.3981115513613038 2
	a 112 130 0.986817278310307
	a 130 112 0.986817278310307
0.4068472581547501 2
	a 113 132 0.9865299685964932
	a 132 113 0.9865299685964932
9.544690678503182 2
	a 114 321 0.7274890322827688
	a 321 114 0.7274890322827688
7.484223380894506 2
	a 114 383 0.7792104522256528
	a 383 114 0.7792104522256528
9.111783406895587 2
	a 114 329 0.7380629842115608
	a 329 114 0.7380629842115608
9.196806550328397 2
	a 114 304 0.7359741976973023
	a 304 114 0.7359741976973023
0.5294379043957786 2
	a 115 130 0.9825068825271878
	a 130 115 0.9825068825271878
1.150737819566642 2
	a 115 163 0.9623684212895742
	a 163 115 0.9623684212895742
2.305467796210252 2
	a 116 184 0.9260297415563544
	a 184 116 0.9260297415563544
2.067695472571751 2
	a 116 197 0.9333983787298171
	a 197 116 0.9333983787298171
3.28473637158483 2
	a 117 254 0.8962900405782667
	a 254 117 0.8962900405782667
1.925646357173427 2
	a 118 192 0.9378284724349074
	a 192 118 0.9378284724349074
3.498101209443141 2
	a 119 263 0.8899380960739465
	a 263 119 0.8899380960739465
1.355312686248317 2
	a 120 174 0.9558281996667543
	a 174 120 0.9558281996667543
2.528327463599425 2
	a 120 158 0.9191760738365359
	a 158 120 0.9191760738365359
5.277238284178644 2
	a 121 151 0.8386951877090503
	a 151 121 0.8386951877090503
0.1356157527182506 2
	a 121 124 0.9954896771040572
	a 124 121 0.9954896771040572
0.1356157527182506 2
	a 122 128 0.9954896771040572
	a 128 122 0.9954896771040572
0.9427373486970791 2
	a 122 126 0.9690640421648343
	a 126 122 0.9690640421648343
5.219131454663966 2
	a 123 296 0.840321225875644
	a 296 123 0.840321225875644
2.051680644497453 2
	a 123 202 0.9338967855683178
	a 202 123 0.9338967855683178
3.422984317570741 2
	a 123 196 0.8921692009271852
	a 196 123 0.8921692009271852
6.102966551292472 2
	a 123 162 0.815925507203995
	a 162 123 0.815925507203995
0.2701555345749592 2
	a 124 140 0.9910352407514
	a 140 124 0.9910352407514
0.9589481822187813 2
	a 125 159 0.9685405390892792
	a 159 125 0.9685405390892792
0.5753689120435835 2
	a 125 154 0.981003782431322
	a 154 125 0.981003782431322
2.486272693203688 2
	a 126 183 0.9204655020267692
	a 183 126 0.9204655020267692
1.030140507905368 2
	a 126 166 0.9662448423165183
	a 166 126 0.9662448423165183
2.982476330006827 2
	a 126 128 0.9053661081744904
	a 128 126 0.9053661081744904
3.065906264097226 2
	a 126 133 0.9028517848010936
	a 133 126 0.9028517848010936
0.9493102690277512 2
	a 127 164 0.9688517460642906
	a 164 127 0.9688517460642906
1.428089202829759 2
	a 128 183 0.9535122816492002
	a 183 128 0.9535122816492002
3.074445979004846 2
	a 128 134 0.9025948181483268
	a 134 128 0.9025948181483268
1.004467080717226 2
	a 129 165 0.9670720901243084
	a 165 129 0.9670720901243084
1.392998929689093 2
	a 130 181 0.9546282343869431
	a 181 130 0.9546282343869431
0.9589481822187813 2
	a 131 167 0.9685405390892792
	a 167 131 0.9685405390892792
0.6780787635912512 2
	a 132 160 0.9776509001783111
	a 160 132 0.9776509001783111
3.062106527691266 2
	a 132 233 0.9029661453364687
	a 233 132 0.9029661453364687
6.300010657143603 2
	a 132 265 0.8105839580198145
	a 265 132 0.8105839580198145
0.9493102690277512 2
	a 133 166 0.9688517460642906
	a 166 133 0.9688517460642906
1.055093607502422 2
	a 134 171 0.9654414830083998
	a 171 134 0.9654414830083998
0.5744775458651677 2
	a 134 142 0.9810329306507674
	a 142 134 0.9810329306507674
0.8136945163095008 2
	a 135 163 0.973241378938998
	a 163 135 0.973241378938998
0.6623180749170225 2
	a 135 160 0.9781646501663815
	a 160 135 0.9781646501663815
1.279870325610445 2
	a 136 181 0.9582348890287904
	a 181 136 0.9582348890287904
0.4362744118444816 2
	a 137 144 0.9855627507483367
	a 144 137 0.9855627507483367
1.178427396424671 2
	a 137 177 0.9614805786068393
	a 177 137 0.9614805786068393
0.9569120473074697 2
	a 137 147 0.9686062772936068
	a 147 137 0.9686062772936068
6.436977983576596 2
	a 137 208 0.8068916093663158
	a 208 137 0.8068916093663158
5.233926197536832 2
	a 138 223 0.8399069168283898
	a 223 138 0.8399069168283898
7.392313764469693 2
	a 138 214 0.781601343913824
	a 214 138 0.781601343913824
7.491584477377353 2
	a 138 260 0.7790192809031452
	a 260 138 0.7790192809031452
0.2701555345749592 2
	a 138 144 0.9910352407514
	a 144 138 0.9910352407514
9.306000954982265 2
	a 138 193 0.7333002581580472
	a 193 138 0.7333002581580472
19.15084550365691 2
	a 139 404 0.5281570920058885
	a 404 139 0.5281570920058885
18.34401994330468 2
	a 139 427 0.5425541779074033
	a 427 139 0.5425541779074033
10.00136574090592 2
	a 139 450 0.7164986914455754
	a 450 139 0.7164986914455754
2.279401133065003 2
	a 140 229 0.9268347080634115
	a 229 140 0.9268347080634115
1.362615323300689 2
	a 140 172 0.9555955591018436
	a 172 140 0.9555955591018436
3.786591867210905 2
	a 140 151 0.8814211517976839
	a 151 140 0.8814211517976839
1.353727654535798 2
	a 141 190 0.9558787016011351
	a 190 141 0.9558787016011351
9.849934366092535 2
	a 142 299 0.7201245141989219
	a 299 142 0.7201245141989219
6.059677776998551 2
	a 142 210 0.8171037042153735
	a 210 142 0.8171037042153735
0.7884591958105146 2
	a 142 171 0.9740603919623205
	a 171 142 0.9740603919623205
6.03888640389514 2
	a 142 183 0.8176701907592016
	a 183 142 0.8176701907592016
1.255322192733106 2
	a 143 170 0.9590193058306061
	a 170 143 0.9590193058306061
3.472902139034856 2
	a 143 166 0.8906859305335965
	a 166 143 0.8906859305335965
1.220541774464252 2
	a 143 189 0.9601317870014974
	a 189 143 0.9601317870014974
2.050281198422004 2
	a 143 153 0.9339403511908202
	a 153 143 0.9339403511908202
4.13972036955643 2
	a 144 223 0.8711068113074252
	a 223 144 0.8711068113074252
3.390541078581606 2
	a 144 286 0.8931345514382057
	a 286 144 0.8931345514382057
2.983071434532381 2
	a 144 200 0.9053481487703444
	a 200 144 0.9053481487703444
6.350289858424513 2
	a 144 208 0.8092265786706883
	a 208 144 0.8092265786706883
6.068708000522178 2
	a 145 222 0.8168577869256636
	a 222 145 0.8168577869256636
2.067855648337285 2
	a 145 178 0.9333933951497925
	a 178 145 0.9333933951497925
2.150208232805992 2
	a 145 234 0.9308346634454954
	a 234 145 0.9308346634454954
2.632752298394391 2
	a 146 150 0.9159821421692342
	a 150 146 0.9159821421692342
0.9337457621014058 2
	a 146 183 0.9693545331373012
	a 183 146 0.9693545331373012
4.585401713841909 2
	a 147 208 0.8582612627595734
	a 208 147 0.8582612627595734
4.710192223892508 2
	a 147 291 0.854698582350526
	a 291 147 0.854698582350526
5.392010763644916 2
	a 147 343 0.8354926800705131
	a 343 147 0.8354926800705131
29.24565769034112 2
	a 148 530 0.3772469537145788
	a 530 148 0.3772469537145788
28.8703072676041 2
	a 148 452 0.3819965982244525
	a 452 148 0.3819965982244525
25.1880457426522 2
	a 148 609 0.4318825836642361
	a 609 148 0.4318825836642361
10.66170333761654 2
	a 148 249 0.7008999609051821
	a 249 148 0.7008999609051821
1.533956076087579 2
	a 149 208 0.9501533663036585
	a 208 149 0.9501533663036585
0.6623180749170225 2
	a 149 156 0.9781646501663815
	a 156 149 0.9781646501663815
3.539074620511426 2
	a 149 291 0.8887234657406965
	a 291 149 0.8887234657406965
5.996842943853181 2
	a 150 210 0.8188169169101898
	a 210 150 0.8188169169101898
1.64751219978562 2
	a 150 211 0.946563640073117
	a 211 150 0.946563640073117
4.536481970071501 2
	a 150 166 0.8596619351601936
	a 166 150 0.8596619351601936
2.852102212021113 2
	a 151 172 0.9093092135436885
	a 172 151 0.9093092135436885
0.6005947530014546 2
	a 151 171 0.9801792409626143
	a 171 151 0.9801792409626143
0.99986533083179 2
	a 152 187 0.9672204422980087
	a 187 152 0.9672204422980087
3.394828742383747 2
	a 153 166 0.8930069118701275
	a 166 153 0.8930069118701275
1.10463182239258 2
	a 153 189 0.9638485902664232
	a 189 153 0.9638485902664232
1.545598435309036 2
	a 154 209 0.9497847036164766
	a 209 154 0.9497847036164766
1.150737819566642 2
	a 155 192 0.9623684212895742
	a 192 155 0.9623684212895742
2.332015407060942 2
	a 155 224 0.9252106414551519
	a 224 155 0.9252106414551519
1.456176147404825 2
	a 156 208 0.9526199911893775
	a 208 156 0.9526199911893775
3.370061201300612 2
	a 157 290 0.8937444691321402
	a 290 157 0.8937444691321402
12.93840683829267 2
	a 157 441 0.6496768276624645
	a 441 157 0.6496768276624645
0.5294379043957786 2
	a 158 174 0.9825068825271878
	a 174 158 0.9825068825271878
4.332527405322231 2
	a 159 257 0.8655262459830588
	a 257 159 0.8655262459830588
1.392998929689093 2
	a 159 209 0.9546282343869431
	a 209 159 0.9546282343869431
0.1356157527182506 2
	a 160 163 0.9954896771040572
	a 163 160 0.9954896771040572
2.809140104431816 2
	a 161 267 0.9106123410815462
	a 267 161 0.9106123410815462
1.928401359546222 2
	a 161 236 0.9377423524004219
	a 236 161 0.9377423524004219
2.769242808881876 2
	a 161 269 0.9118241790440096
	a 269 161 0.9118241790440096
3.399399870232219 2
	a 162 296 0.8928708539439028
	a 296 162 0.8928708539439028
4.151259995324677 2
	a 162 206 0.8707718008562544
	a 206 162 0.8707718008562544
0.9056588220468618 2
	a 163 181 0.9702624981924419
	a 181 163 0.9702624981924419
2.158276447905609 2
	a 163 253 0.9305843579627501
	a 253 163 0.9305843579627501
2.611587977450478 2
	a 163 233 0.9166285748320881
	a 233 163 0.9166285748320881
0.6034558520981271 2
	a 164 187 0.9800857657553526
	a 187 164 0.9800857657553526
3.87252707630652 2
	a 165 269 0.8788999275212099
	a 269 165 0.8788999275212099
0.4217785570495555 2
	a 165 182 0.9860390849711355
	a 182 165 0.9860390849711355
0.4068472581547501 2
	a 166 183 0.9865299685964932
	a 183 166 0.9865299685964932
3.986702340162021 2
	a 166 170 0.875561330267146
	a 170 166 0.875561330267146
1.66512912003413 2
	a 167 237 0.9460079520423706
	a 237 167 0.9460079520423706
9.519744965444122 2
	a 167 235 0.7280942082787761
	a 235 167 0.7280942082787761
0.6773268194476793 2
	a 168 192 0.9776754051143772
	a 192 168 0.9776754051143772
1.385168937220699 2
	a 169 195 0.9548774246343368
	a 195 169 0.9548774246343368
0.1917896373478611 2
	a 169 176 0.9936274037579175
	a 176 169 0.9936274037579175
1.64751219978562 2
	a 169 202 0.946563640073117
	a 202 169 0.946563640073117
1.515971031398842 2
	a 169 196 0.950723155439782
	a 196 169 0.950723155439782
2.556506482229538 2
	a 170 195 0.9183130965405737
	a 195 170 0.9183130965405737
0.6780787635912512 2
	a 170 196 0.9776509001783111
	a 196 170 0.9776509001783111
2.010524034629345 2
	a 170 189 0.9351788656570947
	a 189 170 0.9351788656570947
6.577316143515472 2
	a 171 299 0.8031258348071384
	a 299 171 0.8031258348071384
1.572591308840098 2
	a 171 238 0.9489305073480866
	a 238 171 0.9489305073480866
2.323933851891783 2
	a 172 229 0.9254599130567482
	a 229 172 0.9254599130567482
1.695752562881215 2
	a 172 238 0.945042777393949
	a 238 172 0.945042777393949
0.5488408072586609 2
	a 172 191 0.9818716384555221
	a 191 172 0.9818716384555221
0.754358709720538 2
	a 173 200 0.9751682192287419
	a 200 173 0.9751682192287419
1.63627500166646 2
	a 174 242 0.9469182639238083
	a 242 174 0.9469182639238083
3.159829756367808 2
	a 174 204 0.9000295718868302
	a 204 174 0.9000295718868302
3.955390118468457 2
	a 175 327 0.8764756663650378
	a 327 175 0.8764756663650378
5.127893877581221 2
	a 175 350 0.8428807450623365
	a 350 175 0.8428807450623365
5.80631931120062 2
	a 176 343 0.8240335968398003
	a 343 176 0.8240335968398003
1.372164796938848 2
	a 176 194 0.9552914263561927
	a 194 176 0.9552914263561927
0.487629339878578 2
	a 176 195 0.9838770771494869
	a 195 176 0.9838770771494869
0.3981115513613038 2
	a 177 193 0.986817278310307
	a 193 177 0.986817278310307
1.984278394854708 2
	a 178 181 0.9359973692284843
	a 181 178 0.9359973692284843
1.208722079564016 2
	a 178 185 0.9605101436904928
	a 185 178 0.9605101436904928
2.067695472571751 2
	a 178 213 0.9333983787298171
	a 213 178 0.9333983787298171
2.636637386834588 2
	a 178 234 0.9158635274621449
	a 234 178 0.9158635274621449
2.094508967146693 2
	a 178 268 0.9325644956951553
	a 268 178 0.9325644956951553
5.31228879930114 2
	a 179 364 0.8377158699683072
	a 364 179 0.8377158699683072
5.965743729301884 2
	a 179 287 0.819666175788112
	a 287 179 0.819666175788112
2.556506482229538 2
	a 180 289 0.9183130965405737
	a 289 180 0.9183130965405737
6.923384977991193 2
	a 180 212 0.7939145054672645
	a 212 180 0.7939145054672645
0.3911042311720507 2
	a 181 185 0.9870478033865562
	a 185 181 0.9870478033865562
0.7671585448709205 2
	a 181 213 0.9747522415608111
	a 213 181 0.9747522415608111
2.054601306032718 2
	a 181 268 0.9338058701132935
	a 268 181 0.9338058701132935
2.020606220505755 2
	a 182 269 0.9348646302246781
	a 269 182 0.9348646302246781
0.7241308354215087 2
	a 183 210 0.9761512898261859
	a 210 183 0.9761512898261859
1.274731139538034 2
	a 184 239 0.958399054669545
	a 239 184 0.958399054669545
1.604933260944054 2
	a 184 197 0.9479080497510697
	a 197 184 0.9479080497510697
0.6780787635912512 2
	a 185 213 0.9776509001783111
	a 213 185 0.9776509001783111
4.917695075360097 2
	a 186 226 0.8488072339319609
	a 226 186 0.8488072339319609
6.215170292101783 2
	a 186 378 0.8128795437585891
	a 378 186 0.8128795437585891
3.574407993929892 2
	a 186 324 0.8876773619651862
	a 324 186 0.8876773619651862
3.180123641164474 2
	a 186 210 0.8994209412198679
	a 210 186 0.8994209412198679
2.413093054276768 2
	a 187 289 0.9227135538751992
	a 289 187 0.9227135538751992
2.034236290773753 2
	a 187 241 0.9344399843445016
	a 241 187 0.9344399843445016
2.823201812517566 2
	a 187 205 0.9101856156001924
	a 205 187 0.9101856156001924
6.994263434579693 2
	a 188 381 0.7920410050253842
	a 381 188 0.7920410050253842
0.4068472581547501 2
	a 188 207 0.9865299685964932
	a 207 188 0.9865299685964932
4.626537990388162 2
	a 188 214 0.8570852134935123
	a 214 188 0.8570852134935123
0.1516230224745966 2
	a 189 196 0.9949586497282615
	a 196 189 0.9949586497282615
3.062137488767611 2
	a 190 316 0.9029652134434908
	a 316 190 0.9029652134434908
4.469869528490485 2
	a 190 311 0.8615728619145386
	a 311 190 0.8615728619145386
6.555104177320237 2
	a 190 229 0.8037206884575587
	a 229 190 0.8037206884575587
1.428089202829759 2
	a 191 229 0.9535122816492002
	a 229 191 0.9535122816492002
0.99986533083179 2
	a 191 238 0.9672204422980087
	a 238 191 0.9672204422980087
1.278157467009937 2
	a 192 224 0.958289601286381
	a 224 192 0.958289601286381
1.360345102038611 2
	a 192 256 0.9556678756165912
	a 256 192 0.9556678756165912
7.44434191170291 2
	a 193 260 0.7802470096516886
	a 260 193 0.7802470096516886
7.332075276828013 2
	a 193 333 0.7831723367197031
	a 333 193 0.7831723367197031
0.7856075762549576 2
	a 193 227 0.9741529846849716
	a 227 193 0.9741529846849716
5.328797042689076 2
	a 194 343 0.8372550228604938
	a 343 194 0.8372550228604938
1.830156796793081 2
	a 194 274 0.9408183225199648
	a 274 194 0.9408183225199648
1.795910686507836 2
	a 194 195 0.9418929146810133
	a 195 194 0.9418929146810133
0.4068472581547501 2
	a 195 211 0.9865299685964932
	a 211 195 0.9865299685964932
1.255322192733106 2
	a 195 196 0.9590193058306061
	a 196 195 0.9590193058306061
0.1917896373478611 2
	a 196 202 0.9936274037579175
	a 202 196 0.9936274037579175
0.9056588220468618 2
	a 197 239 0.9702624981924419
	a 239 197 0.9702624981924419
3.120560953941737 2
	a 197 307 0.9012084460493199
	a 307 197 0.9012084460493199
0.4068472581547501 2
	a 198 217 0.9865299685964932
	a 217 198 0.9865299685964932
2.744018681203014 2
	a 198 258 0.9125911670926614
	a 258 198 0.9125911670926614
1.165489355260694 2
	a 199 255 0.96189532387708
	a 255 199 0.96189532387708
0.4518359985116184 2
	a 200 220 0.9850516526460312
	a 220 200 0.9850516526460312
0.1917896373478611 2
	a 201 212 0.9936274037579175
	a 212 201 0.9936274037579175
3.898203075673438 2
	a 202 343 0.8781480281971299
	a 343 202 0.8781480281971299
4.457121362941889 2
	a 202 296 0.8619390554964972
	a 296 202 0.8619390554964972
2.800921581872936 2
	a 203 319 0.9108618381905319
	a 319 203 0.9108618381905319
2.340115184466742 2
	a 203 300 0.9249608751658828
	a 300 203 0.9249608751658828
2.22352195954815 2
	a 203 289 0.9285626754360786
	a 289 203 0.9285626754360786
2.413093054276768 2
	a 204 296 0.9227135538751992
	a 296 204 0.9227135538751992
2.319924670517324 2
	a 204 251 0.9255835992094423
	a 251 204 0.9255835992094423
0.7960384844779068 2
	a 204 242 0.9738143335497531
	a 242 204 0.9738143335497531
0.572507812946912 2
	a 204 206 0.9810973451939815
	a 206 204 0.9810973451939815
0.7856075762549576 2
	a 205 241 0.9741529846849716
	a 241 205 0.9741529846849716
2.146287170027124 2
	a 206 296 0.9309563334349872
	a 296 206 0.9309563334349872
5.491666381181941 2
	a 207 382 0.832721900048975
	a 382 207 0.832721900048975
8.558969953146249 2
	a 207 381 0.7517894368435427
	a 381 207 0.7517894368435427
8.803334716742766 2
	a 207 351 0.7456906145851254
	a 351 207 0.7456906145851254
0.5714444814735238 2
	a 207 215 0.9811321201997872
	a 215 207 0.9811321201997872
0.4217785570495555 2
	a 207 223 0.9860390849711355
	a 223 207 0.9860390849711355
1.943012329512581 2
	a 208 291 0.9372857527539392
	a 291 208 0.9372857527539392
1.555485357104156 2
	a 209 257 0.9494717402871466
	a 257 209 0.9494717402871466
12.73131553090882 2
	a 209 511 0.6541770899993689
	a 511 209 0.6541770899993689
12.61028579485842 2
	a 209 475 0.6568215834694774
	a 475 209 0.6568215834694774
6.19263601698811 2
	a 210 378 0.8134903615112355
	a 378 210 0.8134903615112355
4.399379217747845 2
	a 210 324 0.8635996601014052
	a 324 210 0.8635996601014052
4.463025245559152 2
	a 210 361 0.861769445952729
	a 361 210 0.861769445952729
4.161682255783128 2
	a 210 299 0.8704693397144965
	a 299 210 0.8704693397144965
6.11500685685818 2
	a 210 211 0.8155981064942798
	a 211 210 0.8155981064942798
1.385168937220699 2
	a 211 274 0.9548774246343368
	a 274 211 0.9548774246343368
1.784704345492942 2
	a 212 289 0.9422448195097276
	a 289 212 0.9422448195097276
1.265284864967171 2
	a 213 268 0.9587008788729184
	a 268 213 0.9587008788729184
4.873297723657156 2
	a 214 381 0.8500643236698769
	a 381 214 0.8500643236698769
4.359827254150623 2
	a 214 255 0.8647389797191413
	a 255 214 0.8647389797191413
5.00236351579167 2
	a 214 260 0.846415038420086
	a 260 214 0.846415038420086
5.353946224582459 2
	a 215 382 0.8365534410097047
	a 382 215 0.8365534410097047
2.674037788432831 2
	a 215 314 0.9147224500979202
	a 314 215 0.9147224500979202
0.1917896373478611 2
	a 215 223 0.9936274037579175
	a 223 215 0.9936274037579175
0.6981164340668319 2
	a 216 248 0.9769981233187751
	a 248 216 0.9769981233187751
0.1917896373478611 2
	a 217 225 0.9936274037579175
	a 225 217 0.9936274037579175
3.009435543708067 2
	a 218 330 0.9045528750183874
	a 330 218 0.9045528750183874
3.774994347077821 2
	a 218 342 0.8817619609875867
	a 342 218 0.8817619609875867
3.548973390602811 2
	a 218 340 0.8884302718056063
	a 340 218 0.8884302718056063
2.533998136847786 2
	a 218 306 0.9190023453505964
	a 306 218 0.9190023453505964
2.886393342215737 2
	a 219 268 0.908270432652009
	a 268 219 0.908270432652009
0.6780787635912512 2
	a 219 253 0.9776509001783111
	a 253 219 0.9776509001783111
4.38226776905339 2
	a 219 265 0.8640923819836794
	a 265 219 0.8640923819836794
2.305597756786082 2
	a 220 314 0.9260257299864285
	a 314 220 0.9260257299864285
1.588984649521283 2
	a 220 278 0.9484121109621378
	a 278 220 0.9484121109621378
1.804331113799363 2
	a 220 286 0.9416285804193901
	a 286 220 0.9416285804193901
0.7671585448709205 2
	a 221 258 0.9747522415608111
	a 258 221 0.9747522415608111
9.838233221962801 2
	a 222 475 0.7204054450066247
	a 475 222 0.7204054450066247
4.60836296159144 2
	a 222 234 0.8576046224300482
	a 234 222 0.8576046224300482
12.03145185964816 2
	a 222 422 0.6696176538920511
	a 422 222 0.6696176538920511
1.398041539263464 2
	a 223 286 0.9544677872893659
	a 286 223 0.9544677872893659
0.6027356872459425 2
	a 224 256 0.9801092934817696
	a 256 224 0.9801092934817696
1.334528378725622 2
	a 225 284 0.9564906366865277
	a 284 225 0.9564906366865277
2.64202719985907 2
	a 226 317 0.915698997803357
	a 317 226 0.915698997803357
2.359534492315178 2
	a 226 297 0.9243623322421839
	a 297 226 0.9243623322421839
2.592183370349636 2
	a 226 324 0.9172216605330611
	a 324 226 0.9172216605330611
3.461914998281608 2
	a 227 345 0.8910121933310613
	a 345 227 0.8910121933310613
5.69326785440317 2
	a 227 326 0.8271447284098108
	a 326 227 0.8271447284098108
7.975821985910994 2
	a 227 264 0.7665458747164716
	a 264 227 0.7665458747164716
7.236824137981996 2
	a 227 339 0.7856628903280928
	a 339 227 0.7856628903280928
0.3897640175368631 2
	a 228 246 0.9870918995356759
	a 246 228 0.9870918995356759
6.855861465262897 2
	a 229 432 0.7957034478470911
	a 432 229 0.7957034478470911
4.288920264007757 2
	a 229 349 0.8667852649756981
	a 349 229 0.8667852649756981
