0.4068472581547501 2
	a 0 3 0.9865299685964932
	a 3 0 0.9865299685964932
7.351087511392042 2
	a 1 22 0.7826761654194028
	a 22 1 0.7826761654194028
0.4068472581547501 2
	a 1 5 0.9865299685964932
	a 5 1 0.9865299685964932
2.631686494193778 2
	a 2 6 0.9160146846677901
	a 6 2 0.9160146846677901
0.2701555345749592 2
	a 2 7 0.9910352407514
	a 7 2 0.9910352407514
2.828391266828983 2
	a 2 9 0.910028183661447
	a 9 2 0.910028183661447
2.33752626166525 2
	a 3 10 0.9250407003535276
	a 10 3 0.9250407003535276
0.7241308354215087 2
	a 4 8 0.9761512898261859
	a 8 4 0.9761512898261859
7.292174672253705 2
	a 5 22 0.78421466471537
	a 22 5 0.78421466471537
3.120801265055553 2
	a 5 12 0.9012012270647183
	a 12 5 0.9012012270647183
4.715025623565688 2
	a 6 20 0.8545608901145639
	a 20 6 0.8545608901145639
5.314876894846539 2
	a 7 20 0.8376436034618499
	a 20 7 0.8376436034618499
1.858778044831234 2
	a 7 9 0.9399211707291562
	a 9 7 0.9399211707291562
6.470787614561716 2
	a 8 29 0.8059827646723162
	a 29 8 0.8059827646723162
6.955824306726127 2
	a 8 23 0.7930565009813485
	a 23 8 0.7930565009813485
7.796664996613564 2
	a 8 24 0.77113730588975
	a 24 8 0.77113730588975
5.364733160320496 2
	a 9 16 0.8362527001404985
	a 16 9 0.8362527001404985
4.497567979139268 2
	a 9 24 0.8607777545785071
	a 24 9 0.8607777545785071
2.703030515140831 2
	a 10 15 0.9138388671910076
	a 15 10 0.9138388671910076
3.574109779410189 2
	a 10 21 0.8876861859516484
	a 21 10 0.8876861859516484
4.352901592726607 2
	a 10 13 0.8649386324101598
	a 13 10 0.8649386324101598
4.133278277742407 2
	a 11 23 0.8712938897282544
	a 23 11 0.8712938897282544
3.423052912018465 2
	a 12 25 0.8921671610010636
	a 25 12 0.8921671610010636
3.850283959172885 2
	a 12 14 0.8795518182939466
	a 14 12 0.8795518182939466
0.4498654971040983 2
	a 13 17 0.9851163562932524
	a 17 13 0.9851163562932524
3.869866539346542 2
	a 14 29 0.8789778758356082
	a 29 14 0.8789778758356082
2.907941740532925 2
	a 14 25 0.9076182744607053
	a 25 14 0.9076182744607053
7.305984790515535 2
	a 15 40 0.7838537445521666
	a 40 15 0.7838537445521666
2.704806086985921 2
	a 15 21 0.9137847825727577
	a 21 15 0.9137847825727577
2.845914354538187 2
	a 16 20 0.9094967887485448
	a 20 16 0.9094967887485448
2.970562897498311 2
	a 16 27 0.9057257135061698
	a 27 16 0.9057257135061698
4.180963737342076 2
	a 16 24 0.8699100548470522
	a 24 16 0.8699100548470522
13.62634522874855 2
	a 17 46 0.6349484226097341
	a 46 17 0.6349484226097341
11.96481592941877 2
	a 17 37 0.671106660143972
	a 37 17 0.671106660143972
13.11567322646356 2
	a 17 32 0.6458492848864239
	a 32 17 0.6458492848864239
4.567863396483678 2
	a 18 35 0.85876315806535
	a 35 18 0.85876315806535
16.3828450209599 2
	a 18 19 0.57920730021251
	a 19 18 0.57920730021251
17.00142150962574 2
	a 19 35 0.5673867833009097
	a 35 19 0.5673867833009097
13.46363483191787 2
	a 19 47 0.638401535427864
	a 47 19 0.638401535427864
14.83716144608132 2
	a 19 41 0.609831830088869
	a 41 19 0.609831830088869
14.10539642925624 2
	a 20 41 0.6248898523762195
	a 41 20 0.6248898523762195
1.942054995311517 2
	a 20 26 0.9373156630880825
	a 26 20 0.9373156630880825
7.355022479306086 2
	a 21 40 0.7825735119652503
	a 40 21 0.7825735119652503
7.189793024389191 2
	a 21 43 0.7868955429807737
	a 43 21 0.7868955429807737
15.2465548809523 2
	a 21 46 0.6015663175483056
	a 46 21 0.6015663175483056
3.674961853363993 2
	a 22 32 0.8847070298960031
	a 32 22 0.8847070298960031
4.09793383807852 2
	a 22 34 0.8723210078018284
	a 34 22 0.8723210078018284
0.5753689120435835 2
	a 22 25 0.981003782431322
	a 25 22 0.981003782431322
0.7241308354215087 2
	a 23 29 0.9761512898261859
	a 29 23 0.9761512898261859
0.6623180749170225 2
	a 24 29 0.9781646501663815
	a 29 24 0.9781646501663815
2.71393317180066 2
	a 25 28 0.9135068184844999
	a 28 25 0.9135068184844999
0.5424630108730013 2
	a 25 29 0.9820803998915988
	a 29 25 0.9820803998915988
4.081031486272133 2
	a 26 38 0.8728126221648714
	a 38 26 0.8728126221648714
0.4151947874586657 2
	a 26 30 0.9862555038559035
	a 30 26 0.9862555038559035
3.275604983230204 2
	a 27 38 0.8965628945163781
	a 38 27 0.8965628945163781
1.907785025694843 2
	a 27 29 0.9383870008599716
	a 29 27 0.9383870008599716
3.980962606851849 2
	a 28 39 0.8757288625775624
	a 39 28 0.8757288625775624
1.315638270667442 2
	a 28 34 0.9570931000593805
	a 34 28 0.9570931000593805
1.648983906454645 2
	a 28 29 0.9465172057446963
	a 29 28 0.9465172057446963
5.13232993666051 2
	a 28 31 0.8427561186506694
	a 31 28 0.8427561186506694
4.880648784574297 2
	a 29 38 0.8498560533668209
	a 38 29 0.8498560533668209
4.906745165651493 2
	a 29 36 0.8491171025647987
	a 36 29 0.8491171025647987
0.4068472581547501 2
	a 29 31 0.9865299685964932
	a 31 29 0.9865299685964932
0.9822161701983351 2
	a 29 33 0.9677896306750131
	a 33 29 0.9677896306750131
3.090224428822154 2
	a 30 38 0.9021202247302903
	a 38 30 0.9021202247302903
2.206634977527071 2
	a 31 36 0.9290855099474077
	a 36 31 0.9290855099474077
1.250070526955394 2
	a 31 33 0.9591872021547203
	a 33 31 0.9591872021547203
3.551164620209456 2
	a 32 37 0.888365382351596
	a 37 32 0.888365382351596
0.5575248444503217 2
	a 32 34 0.9815874592603586
	a 34 32 0.9815874592603586
1.736200693454497 2
	a 33 36 0.9437694621852569
	a 36 33 0.9437694621852569
1.627389032619001 2
	a 34 37 0.9471987816790822
	a 37 34 0.9471987816790822
4.014789280216564 2
	a 34 39 0.8747419859216766
	a 39 34 0.8747419859216766
6.290720752056147 2
	a 35 45 0.8108350051557235
	a 45 35 0.8108350051557235
0.487629339878578 2
	a 36 38 0.9838770771494869
	a 38 36 0.9838770771494869
10.85855726045659 2
	a 37 46 0.696315853783805
	a 46 37 0.696315853783805
11.76138174039479 2
	a 37 49 0.6756729930883415
	a 49 37 0.6756729930883415
3.918579469094057 2
	a 37 39 0.8775517810526891
	a 39 37 0.8775517810526891
4.746551345138756 2
	a 38 44 0.8536633401726876
	a 44 38 0.8536633401726876
5.336463853242748 2
	a 38 39 0.837041081011006
	a 39 38 0.837041081011006
11.01611367553624 2
	a 39 49 0.6926684723170119
	a 49 39 0.6926684723170119
9.868562667940095 2
	a 39 44 0.7196774964390368
	a 44 39 0.7196774964390368
1.763004785337253 2
	a 40 43 0.942926609327066
	a 43 40 0.942926609327066
7.697943066410857 2
	a 40 48 0.7736790912048528
	a 48 40 0.7736790912048528
0.8295171768621959 2
	a 41 42 0.9727282053479266
	a 42 41 0.9727282053479266
8.196361195442757 2
	a 42 47 0.7609314227383597
	a 47 42 0.7609314227383597
2.353517664378528 2
	a 42 44 0.9245477418046604
	a 44 42 0.9245477418046604
5.484045571491592 2
	a 43 48 0.8329334607564108
	a 48 43 0.8329334607564108
7.833753174584851 2
	a 43 46 0.7701845590171508
	a 46 43 0.7701845590171508
8.889869971297855 2
	a 44 47 0.74354276291747
	a 47 44 0.74354276291747
6.778156550173499 2
	a 44 49 0.7977671216149596
	a 49 44 0.7977671216149596
4.349082969566818 2
	a 45 48 0.865048735240482
	a 48 45 0.865048735240482
2.973229121278854 2
	a 45 47 0.9056452215018511
	a 47 45 0.9056452215018511
2.574558290553338 2
	a 46 48 0.9177606890231523
	a 48 46 0.9177606890231523
4.018567507964144 2
	a 46 49 0.8746318270438049
	a 49 46 0.8746318270438049
3.513988463778855 2
	a 47 49 0.8894669317475705
	a 49 47 0.8894669317475705
3.266659677770406 2
	a 48 49 0.8968302686753015
	a 49 48 0.8968302686753015
