19.06700084604681 1
	a 181 401 0.909068341711104
2.712315054365001 1
	a 508 544 0.9865299685964932
5.424630108730006 1
	a 278 335 0.973241378938998
10.77274891387026 1
	a 719 556 0.947561208066675
18.55032872669958 1
	a 939 887 0.9114198291069916
34.89226265956378 1
	a 571 645 0.8399093469234523
8.092652937709888 1
	a 63 17 0.9603444424156286
0.9041050181216709 1
	a 580 596 0.9954896771040572
0.9041050181216709 1
	a 18 37 0.9954896771040572
3.250862265857187 1
	a 103 150 0.9838770771494869
25.49850405332984 1
	a 725 464 0.8803000002188667
5.013638734540522 1
	a 933 914 0.975243404331136
5.424630108730006 1
	a 578 557 0.973241378938998
6.141488859821383 1
	a 689 598 0.9697592401739961
3.012239990077456 1
	a 739 693 0.9850516526460312
1.801036897166395 1
	a 790 811 0.9910352407514
5.424630108730006 1
	a 83 63 0.973241378938998
4.654109560445545 1
	a 384 358 0.9769981233187751
27.52289439936157 1
	a 785 910 0.8714345894298317
4.654109560445545 1
	a 419 460 0.9769981233187751
37.23689803309543 1
	a 981 994 0.8301204317979882
3.642604038737493 1
	a 780 822 0.98195183450743
2.999103314027322 1
	a 112 62 0.9851163562932524
16.47340966815714 1
	a 893 903 0.9209338694038495
4.25686019075267 1
	a 487 467 0.9789406112538208
29.43073689901241 1
	a 523 413 0.8631613127118253
10.88779329387969 1
	a 332 477 0.9470163068427434
19.60317475172958 1
	a 221 0 0.9066345119422707
14.38772145394927 1
	a 902 785 0.9305880253971377
10.2329550319686 1
	a 99 136 0.9501221011123244
50.39679026449239 1
	a 551 806 0.7772572119192097
7.564214614835834 1
	a 376 294 0.962885211569633
20.82095409358462 1
	a 540 654 0.9011308805712249
19.00723106603546 1
	a 138 229 0.909340056383894
7.513140667572952 1
	a 113 126 0.96313113471154
5.785892542555228 1
	a 434 353 0.9714849879654753
42.59805104905046 1
	a 917 850 0.8081640125382149
22.95904996064128 1
	a 510 312 0.891548669985699
4.023039013987514 1
	a 87 148 0.9800857657553526
27.4686811583811 1
	a 795 947 0.8716708379148527
17.8788129819822 1
	a 174 390 0.9144851360584718
16.30528901950121 1
	a 723 698 0.9217083348648015
19.94055127343904 1
	a 662 377 0.905106415174057
34.63185642542492 1
	a 756 763 0.8410036473257252
15.39431446076767 1
	a 892 946 0.9259161748960579
11.98758617744902 1
	a 362 348 0.941822989887419
32.31663918261492 1
	a 558 230 0.8507957457919637
1.80821003624333 1
	a 856 866 0.9909996972207403
22.80794661773109 1
	a 851 588 0.8922225044222464
4.25686019075267 1
	a 467 487 0.9789406112538208
14.95381340015505 1
	a 512 667 0.9279577576545697
3.616420072486676 1
	a 232 196 0.9820803998915988
19.4989775826329 1
	a 613 692 0.9071069787535933
2.712315054365001 1
	a 61 13 0.9865299685964932
13.91924268272985 1
	a 542 373 0.9327703840442803
2.712315054365001 1
	a 770 801 0.9865299685964932
45.16072563256144 1
	a 892 850 0.7978747664166294
16.29832557251479 1
	a 850 931 0.9217404267591077
11.30501708587476 1
	a 268 317 0.945042777393949
7.286020898023116 1
	a 177 64 0.9642254865731014
9.792317963824411 1
	a 329 418 0.9522177038503306
30.55148051775618 1
	a 464 743 0.858337927114408
3.438108532887474 1
	a 740 689 0.9829563716638375
17.98279684256828 1
	a 295 74 0.9140098011625936
26.6000840210148 1
	a 371 469 0.8754647243215211
26.34074752393339 1
	a 680 320 0.8766006604111943
18.96609278086921 1
	a 710 630 0.9095271190745933
11.02728416125295 1
	a 435 506 0.9463560364934274
39.95747772238893 1
	a 198 514 0.8189048430659386
20.79951685949994 1
	a 990 992 0.9012274745160387
11.77840222406968 1
	a 944 925 0.9428085765018727
22.60262545304169 1
	a 198 484 0.8931389355673849
5.256394638736764 1
	a 460 401 0.9740603919623205
26.66822623540963 1
	a 605 284 0.8751664946047901
36.9678433714479 1
	a 529 26 0.8312379221539503
13.02787297830394 1
	a 947 979 0.9369368781717311
2.712315054365001 1
	a 253 217 0.9865299685964932
4.520525090608341 1
	a 658 587 0.9776509001783111
14.82389537753466 1
	a 679 606 0.9285607456656401
31.7384516674242 1
	a 815 577 0.8532589018826948
5.831249050230851 1
	a 517 603 0.9712646971139117
30.43421963388433 1
	a 256 36 0.8588413219912792
4.602700129947267 1
	a 896 870 0.9772492901838444
5.256394638736764 1
	a 191 261 0.9740603919623205
1.278597582319074 1
	a 460 437 0.9936274037579175
6.356878891413446 1
	a 886 918 0.9687154199791561
3.616420072486676 1
	a 213 260 0.9820803998915988
47.73935537924287 1
	a 413 783 0.7876536809600827
11.02728416125295 1
	a 182 27 0.9463560364934274
6.665768872211933 1
	a 498 597 0.9672204422980087
18.10415169478317 1
	a 495 670 0.913455371764633
0.9041050181216709 1
	a 921 915 0.9954896771040572
5.256394638736764 1
	a 269 195 0.9740603919623205
5.51072426250149 1
	a 900 868 0.9728225171346718
11.08982375739781 1
	a 860 830 0.946060159134307
35.29667712179894 1
	a 545 151 0.8382127054331294
10.07900360756717 1
	a 824 833 0.9508537459247081
21.98043632195551 1
	a 503 554 0.8959217686355555
3.835792746957224 1
	a 658 715 0.981003782431322
1.801036897166395 1
	a 830 851 0.9910352407514
14.89814611721076 1
	a 725 510 0.9282160780381652
11.86424084762621 1
	a 938 961 0.9424040163728733
27.38058019283772 1
	a 340 464 0.872054897711021
27.65301358534848 1
	a 552 685 0.8708678220210206
16.87587448819438 1
	a 460 256 0.9190825153706866
1.801036897166395 1
	a 871 884 0.9910352407514
7.04559387794306 1
	a 752 759 0.9653853128694873
3.250862265857187 1
	a 739 688 0.9838770771494869
38.89663654599951 1
	a 728 797 0.8232600231261975
1.80821003624333 1
	a 38 24 0.9909996972207403
13.02787297830394 1
	a 562 759 0.9369368781717311
3.012239990077456 1
	a 100 47 0.9850516526460312
47.99916978623689 1
	a 525 653 0.7866311264197142
1.278597582319074 1
	a 703 687 0.9936274037579175
2.712315054365001 1
	a 903 912 0.9865299685964932
49.97960140108784 1
	a 884 585 0.7788802193463396
0.9041050181216709 1
	a 186 202 0.9954896771040572
3.835792746957224 1
	a 969 957 0.981003782431322
17.54457662795852 1
	a 995 997 0.9160146846677901
10.36990238069438 1
	a 551 706 0.9494717402871466
23.63235230728496 1
	a 481 454 0.8885523074022684
3.538860127623241 1
	a 810 853 0.982461324256342
18.07609755716554 1
	a 264 489 0.9135835117651011
19.17896367451246 1
	a 202 73 0.9085595748178091
2.712315054365001 1
	a 641 649 0.9865299685964932
3.616420072486676 1
	a 1 53 0.9820803998915988
3.816718752979413 1
	a 747 690 0.9810973451939815
13.28906659750308 1
	a 462 648 0.9357140671507648
16.30528901950121 1
	a 698 723 0.9217083348648015
1.278597582319074 1
	a 834 819 0.9936274037579175
7.098774630992835 1
	a 829 743 0.9651286474055482
6.379413648716464 1
	a 120 206 0.9686062772936068
4.654109560445545 1
	a 651 573 0.9769981233187751
12.41053599802902 1
	a 265 404 0.9398333750740251
18.4384749332991 1
	a 430 405 0.9119297004976549
2.712315054365001 1
	a 925 916 0.9865299685964932
22.5744389544494 1
	a 321 384 0.8932648167343004
5.51072426250149 1
	a 335 276 0.9728225171346718
1.801036897166395 1
	a 790 769 0.9910352407514
36.21032273826116 1
	a 994 992 0.8343922915182087
15.59889088401683 1
	a 24 44 0.924969556021909
1.80821003624333 1
	a 954 957 0.9909996972207403
11.55448247395782 1
	a 819 660 0.9438647349326458
1.278597582319074 1
	a 439 463 0.9936274037579175
10.24316596390643 1
	a 226 177 0.9500735941900518
7.974735884552721 1
	a 205 306 0.9609108142948072
26.52300204633763 1
	a 309 192 0.8758022020995321
16.00337616781173 1
	a 146 342 0.9231007635396862
11.53374670481987 1
	a 653 486 0.9439625988119702
2.712315054365001 1
	a 798 768 0.9865299685964932
7.856182642831142 1
	a 760 653 0.9614805786068393
39.56557727907793 1
	a 652 821 0.8205110621020115
16.60819427713223 1
	a 625 778 0.9203134399307935
24.81858040317544 1
	a 366 724 0.8832977769267601
16.48370766540821 1
	a 162 354 0.9208864517523493
5.424630108730006 1
	a 557 578 0.973241378938998
3.716832296335478 1
	a 615 667 0.9815874592603586
12.68864614540124 1
	a 719 531 0.9385273973064028
30.14118201951574 1
	a 209 364 0.860100608372275
39.636524931344 1
	a 848 684 0.820220047054577
17.08329525596737 1
	a 588 830 0.91812982547033
31.92956895050009 1
	a 364 404 0.8524439287179124
25.69268206339722 1
	a 559 609 0.8794457404705917
3.438108532887474 1
	a 614 595 0.9829563716638375
29.95669676866346 1
	a 471 656 0.8608943537842662
33.5759703472715 1
	a 411 441 0.8454554085819012
33.93608788277545 1
	a 483 104 0.8439344617013456
15.34417481563052 1
	a 426 320 0.9261483295374004
16.40715700311334 1
	a 116 198 0.9212389915548339
26.06944127914874 1
	a 305 241 0.8777906034929509
4.018237914972951 1
	a 687 629 0.9801092934817696
11.56611896855139 1
	a 740 724 0.9438098201457747
7.777405441108145 1
	a 918 878 0.9618593669491244
28.44491808579523 1
	a 913 923 0.8674264189358745
18.62572120032939 1
	a 494 675 0.9110763228783618
14.04623863793166 1
	a 674 559 0.9321782817211468
4.018237914972951 1
	a 629 687 0.9801092934817696
10.88717988876173 1
	a 197 224 0.9470192113704445
15.693808590439 1
	a 386 319 0.924530680229016
25.01666595513115 1
	a 552 785 0.8824233673795647
6.519594016713366 1
	a 29 138 0.9679276172364559
7.232840144973345 1
	a 656 543 0.9644819118512427
8.136945163095014 1
	a 995 996 0.9601317870014974
2.712315054365001 1
	a 935 927 0.9865299685964932
8.515051555597179 1
	a 833 891 0.9583183418980348
6.392987881458542 1
	a 490 578 0.9685405390892792
66.15285772646811 1
	a 43 114 0.7183744781164779
6.201759001686598 1
	a 718 801 0.9694670465676806
8.950183046096694 1
	a 474 601 0.9562356359045654
2.557195164638154 1
	a 757 789 0.9872954174986995
6.064920838710179 1
	a 705 617 0.9701305739800695
13.02787297830394 1
	a 759 562 0.9369368781717311
8.950183046096694 1
	a 7 64 0.9562356359045654
28.65227487306978 1
	a 117 202 0.8665275512050662
10.5492360411534 1
	a 881 817 0.9486207606539543
33.19611644031664 1
	a 752 511 0.8470626821221157
13.09118480068162 1
	a 13 27 0.9366403292057967
5.256394638736764 1
	a 545 475 0.9740603919623205
45.45491290687105 1
	a 571 478 0.7967020061420921
2.712315054365001 1
	a 264 225 0.9865299685964932
5.256394638736764 1
	a 640 715 0.9740603919623205
6.379413648716464 1
	a 718 770 0.9686062772936068
13.72896037077504 1
	a 326 154 0.9336582548685839
27.17209767426828 1
	a 410 173 0.8729644126806194
17.2340499157089 1
	a 354 151 0.9174380244864535
11.02524196883801 1
	a 148 253 0.9463656997483607
2.712315054365001 1
	a 771 802 0.9865299685964932
2.811857046997037 1
	a 92 133 0.9860390849711355
12.59448487351088 1
	a 206 315 0.9389693660062477
15.41435126631612 1
	a 341 153 0.9258234175307859
3.816718752979413 1
	a 506 457 0.9810973451939815
27.4371501342321 1
	a 981 902 0.8718082721193724
5.256394638736764 1
	a 195 269 0.9740603919623205
12.37730775780317 1
	a 969 936 0.9399895330916023
8.950183046096694 1
	a 601 474 0.9562356359045654
12.71856683796562 1
	a 374 532 0.9383870008599716
22.84991209871525 1
	a 943 916 0.8920353113293388
4.520525090608341 1
	a 2 70 0.9776509001783111
2.001419840246826 1
	a 53 56 0.990042805211115
47.68210181390747 1
	a 514 733 0.7878791931444067
7.098774630992835 1
	a 743 829 0.9651286474055482
14.04623863793166 1
	a 559 674 0.9321782817211468
24.9690855600688 1
	a 167 483 0.882633322615118
12.59448487351088 1
	a 234 375 0.9389693660062477
9.520594685531725 1
	a 631 726 0.9535122816492002
4.41545383278015 1
	a 170 108 0.9781646501663815
22.84991209871525 1
	a 916 943 0.8920353113293388
29.15073325436391 1
	a 821 575 0.8643706005942338
11.36723620692754 1
	a 307 352 0.9447488244652184
27.46454526970204 1
	a 983 980 0.8716888637689864
4.654109560445545 1
	a 865 892 0.9769981233187751
63.92688004892447 1
	a 759 446 0.7264145655196226
5.662461654260877 1
	a 481 554 0.9720847292880961
74.26703499371278 1
	a 669 551 0.689812694858587
3.250862265857187 1
	a 255 290 0.9838770771494869
9.634915389747798 1
	a 570 438 0.9529674064127537
2.811857046997037 1
	a 222 259 0.9860390849711355
25.49850405332984 1
	a 464 725 0.8803000002188667
1.278597582319074 1
	a 687 703 0.9936274037579175
15.34417481563052 1
	a 816 830 0.9261483295374004
31.38009782985279 1
	a 925 731 0.8547891153776608
8.306863051979638 1
	a 117 235 0.9593164155845252
2.654077009075358 1
	a 969 962 0.986817278310307
49.83923285869983 1
	a 986 999 0.7794270626283009
4.520525090608341 1
	a 759 814 0.9776509001783111
14.84017285414409 1
	a 748 831 0.9284851756118162
13.64375031116395 1
	a 682 746 0.9340561249966775
6.004238424956706 1
	a 63 41 0.9704249679635806
5.11439029913947 1
	a 267 194 0.9747522415608111
23.23244688800669 1
	a 655 642 0.8903307692662835
28.25617332497107 1
	a 405 438 0.868245416288612
2.712315054365001 1
	a 280 245 0.9865299685964932
4.654109560445545 1
	a 210 148 0.9769981233187751
22.0048455601926 1
	a 202 90 0.8958124314683215
24.32877683839876 1
	a 663 522 0.8854636399623252
9.81817907417326 1
	a 905 850 0.952094584774915
16.95137801605727 1
	a 632 618 0.9187356109945294
4.602700129947267 1
	a 35 57 0.9772492901838444
3.540474196175259 1
	a 721 665 0.9824533954887007
13.63465661193385 1
	a 89 57 0.9340985960895423
7.997282274673643 1
	a 538 426 0.9608024950499893
3.250862265857187 1
	a 100 148 0.9838770771494869
5.662461654260877 1
	a 925 906 0.9720847292880961
10.88542414695338 1
	a 367 436 0.9470275250130495
15.59089528060488 1
	a 997 999 0.9250065352097717
1.801036897166395 1
	a 215 187 0.9910352407514
12.07778985016986 1
	a 895 863 0.9413983062009847
11.2273422895372 1
	a 299 422 0.9454098787019549
4.41545383278015 1
	a 951 949 0.9781646501663815
5.499456130429141 1
	a 202 273 0.9728773281417317
14.79204369747257 1
	a 147 108 0.9287086385408646
26.31110074505267 1
	a 402 635 0.876730611972299
4.25686019075267 1
	a 365 319 0.9789406112538208
4.388929018937491 1
	a 593 658 0.9782943869455669
2.598426783579088 1
	a 751 711 0.9870918995356759
9.024851030238651 1
	a 692 813 0.9558787016011351
9.084102155337925 1
	a 891 886 0.9555955591018436
22.95904996064128 1
	a 396 724 0.891548669985699
25.69647056479149 1
	a 479 575 0.8794290817213016
2.712315054365001 1
	a 284 311 0.9865299685964932
15.36978530806835 1
	a 452 546 0.9260297415563544
10.73709622562782 1
	a 329 390 0.94773013864501
26.50554112639632 1
	a 260 181 0.8758786669980285
3.538860127623241 1
	a 544 598 0.982461324256342
29.96362971717393 1
	a 832 601 0.8608645116203659
7.511586179541625 1
	a 705 597 0.9631386206197394
11.58347995475138 1
	a 983 990 0.9437278963552059
21.91789310939058 1
	a 968 957 0.8962019815749022
20.49644868214465 1
	a 775 881 0.9025941766047116
10.73537194667409 1
	a 6 175 0.9477383094358911
4.5579381014579 1
	a 660 590 0.9774680329641998
9.212097327405774 1
	a 230 334 0.9549841966612392
20.15502794800496 1
	a 175 420 0.9041363143567446
14.55751819276147 1
	a 895 907 0.9297983066143058
28.88697833578528 1
	a 614 752 0.8655112625538303
19.36212787724909 1
	a 382 238 0.9077278777679563
2.811857046997037 1
	a 524 487 0.9860390849711355
15.03384691607438 1
	a 805 808 0.9275864933336478
9.609518326367915 1
	a 365 276 0.9530884269646057
4.520525090608341 1
	a 636 564 0.9776509001783111
1.801036897166395 1
	a 69 41 0.9910352407514
9.984463696495229 1
	a 752 623 0.9513033203160549
25.32615915479772 1
	a 533 216 0.8810589032256372
16.11173872954789 1
	a 263 121 0.9226007511910769
24.0926271090226 1
	a 127 104 0.8865097674423364
15.07575628227374 1
	a 694 492 0.9273921408871751
59.30189978778412 1
	a 305 326 0.7434085656380074
58.06692168630618 1
	a 407 307 0.7480132341640173
6.566659915746747 1
	a 276 278 0.9676998621187332
2.654077009075358 1
	a 962 969 0.986817278310307
6.023137263655681 1
	a 918 889 0.9703332727712854
3.716832296335478 1
	a 60 125 0.9815874592603586
2.001419840246826 1
	a 56 53 0.990042805211115
0.9041050181216709 1
	a 601 609 0.9954896771040572
11.02728416125295 1
	a 365 285 0.9463560364934274
8.535391748652881 1
	a 547 528 0.9582208849534364
41.59498887369614 1
	a 427 760 0.812227387327116
0.9041050181216709 1
	a 907 904 0.9954896771040572
16.80588000371209 1
	a 830 891 0.9194042251964868
5.424630108730006 1
	a 189 112 0.973241378938998
3.616420072486676 1
	a 636 578 0.9820803998915988
10.51437046673973 1
	a 881 924 0.9487861461077872
16.94487695851395 1
	a 786 538 0.9187654752452705
18.96609278086921 1
	a 582 747 0.9095271190745933
6.023137263655681 1
	a 891 860 0.9703332727712854
26.31110074505267 1
	a 196 20 0.876730611972299
3.012239990077456 1
	a 377 366 0.9850516526460312
9.041050181216679 1
	a 137 260 0.9558012826194622
3.835792746957224 1
	a 42 105 0.981003782431322
21.99741282242812 1
	a 818 779 0.8958457237813966
3.259796993288264 1
	a 663 633 0.9838331247637007
27.65301358534848 1
	a 685 552 0.8708678220210206
28.86906180718849 1
	a 234 497 0.8655888008132515
9.024851030238651 1
	a 378 336 0.9558787016011351
16.7042510353299 1
	a 179 381 0.9198715344314848
7.269919902713232 1
	a 263 164 0.9643031146479676
6.328735126851674 1
	a 593 501 0.9688517460642906
8.368814618220709 1
	a 47 52 0.9590193058306061
4.515512129651196 1
	a 744 680 0.9776754051143772
4.524756874692991 1
	a 111 177 0.9776302143595582
2.712315054365001 1
	a 868 854 0.9865299685964932
12.71065100675313 1
	a 454 439 0.9384241421605314
11.70979077917045 1
	a 798 713 0.9431320692804533
16.27453329554207 1
	a 605 379 0.9218500847991665
20.62226812548638 1
	a 528 268 0.902026535689773
17.37485369425264 1
	a 201 254 0.916792358091655
11.13195710054699 1
	a 581 564 0.9458608767395049
4.515512129651196 1
	a 540 482 0.9776754051143772
8.368814618220709 1
	a 654 561 0.9590193058306061
15.75225702096636 1
	a 556 759 0.9242605328689927
26.46317841180404 1
	a 654 761 0.8760642096374971
2.269197302872094 1
	a 578 546 0.9887181364487514
2.001419840246826 1
	a 463 425 0.990042805211115
32.26145529448701 1
	a 511 723 0.8510305292674142
30.92040825529338 1
	a 55 264 0.8567560631991825
8.535391748652881 1
	a 528 547 0.9582208849534364
2.712315054365001 1
	a 60 12 0.9865299685964932
1.801036897166395 1
	a 147 170 0.9910352407514
2.908496078963211 1
	a 557 535 0.9855627507483367
10.84926021746001 1
	a 609 773 0.9471987816790822
25.32870704328613 1
	a 750 382 0.8810476790979462
5.51072426250149 1
	a 499 575 0.9728225171346718
30.89426229159015 1
	a 984 996 0.856868074085259
13.1476734931717 1
	a 925 930 0.9363758186245457
8.853803914186384 1
	a 997 994 0.9566965527550114
17.46344938606193 1
	a 315 172 0.9163863287633647
22.68655062873787 1
	a 317 265 0.8927642299805207
9.085812209706047 1
	a 535 560 0.9555873885349738
31.26488748629886 1
	a 276 425 0.8552816599678631
13.67787096331635 1
	a 600 405 0.9338967855683178
12.41450941903633 1
	a 860 918 0.9398147034911214
18.39845228358841 1
	a 783 523 0.9121122079729467
5.835890966488555 1
	a 982 969 0.971242154728572
42.52204122237744 1
	a 843 750 0.8084712129427231
10.41122582656832 1
	a 639 752 0.9492755833322049
13.83388431975895 1
	a 872 887 0.9331685677740632
25.60445506561432 1
	a 811 861 0.8798337803402542
8.145881156273115 1
	a 888 828 0.9600888893043448
34.04338745810496 1
	a 161 255 0.8434818140877121
19.82825880828378 1
	a 680 402 0.9056147410165468
41.18664628611508 1
	a 925 974 0.8138874165672659
6.519594016713366 1
	a 138 29 0.9679276172364559
1.278597582319074 1
	a 374 394 0.9936274037579175
17.94660458445101 1
	a 732 568 0.9141752165222575
10.55714864772466 1
	a 361 296 0.9485832310820291
29.15073325436391 1
	a 575 821 0.8643706005942338
39.56539519232729 1
	a 241 61 0.8205118091233174
4.41545383278015 1
	a 899 873 0.9781646501663815
14.08605985304433 1
	a 501 498 0.9319926978378004
3.658938715057739 1
	a 765 707 0.9818716384555221
18.67281054581957 1
	a 198 360 0.9108618381905319
1.801036897166395 1
	a 187 215 0.9910352407514
21.7173396219669 1
	a 402 326 0.89710111447436
25.66563883573717 1
	a 441 268 0.879564663767456
24.42727374590351 1
	a 933 891 0.8850276701741058
4.018237914972951 1
	a 93 24 0.9801092934817696
1.278597582319074 1
	a 836 851 0.9936274037579175
5.11439029913947 1
	a 839 862 0.9747522415608111
12.6541582759273 1
	a 208 10 0.9386892503127952
4.018237914972951 1
	a 55 119 0.9801092934817696
20.95117710096445 1
	a 995 999 0.9005443316807944
19.82887302709625 1
	a 313 384 0.9056119597927637
11.100759269234 1
	a 585 660 0.9460084322881288
1.801036897166395 1
	a 769 790 0.9910352407514
2.654077009075358 1
	a 868 855 0.986817278310307
2.269197302872094 1
	a 578 545 0.9887181364487514
2.654077009075358 1
	a 825 821 0.986817278310307
4.654109560445545 1
	a 228 285 0.9769981233187751
13.92283770565024 1
	a 690 739 0.9327536175404201
11.57467128969665 1
	a 102 260 0.9437694621852569
1.278597582319074 1
	a 822 805 0.9936274037579175
1.278597582319074 1
	a 125 143 0.9936274037579175
13.78463648381167 1
	a 431 448 0.9333983787298171
30.19241056873673 1
	a 652 563 0.8598803280533273
2.712315054365001 1
	a 768 798 0.9865299685964932
5.424630108730006 1
	a 738 798 0.973241378938998
14.67041746306805 1
	a 834 658 0.9292735869776546
8.058147197093438 1
	a 493 605 0.9605101436904928
28.91673399904703 1
	a 399 161 0.8653825028240066
15.39626214407138 1
	a 661 588 0.9259071579825908
7.443386192836144 1
	a 107 213 0.9634671068290531
19.29870888828994 1
	a 486 510 0.9080157593297284
9.609518326367915 1
	a 276 365 0.9530884269646057
2.811857046997037 1
	a 894 909 0.9860390849711355
6.328735126851674 1
	a 946 931 0.9688517460642906
35.97695445783643 1
	a 384 526 0.8353664632309792
2.557195164638154 1
	a 755 786 0.9872954174986995
10.10647354265895 1
	a 103 189 0.950723155439782
20.80373969294492 1
	a 490 545 0.9012084460493199
4.602700129947267 1
	a 503 440 0.9772492901838444
25.30216294186975 1
	a 859 912 0.8811646199527325
26.50554112639632 1
	a 181 260 0.8758786669980285
5.424630108730006 1
	a 112 189 0.973241378938998
10.10647354265895 1
	a 423 531 0.950723155439782
9.035417908322115 1
	a 983 989 0.9558281996667543
10.60062407449958 1
	a 234 247 0.9483770531880067
9.914909963209279 1
	a 233 236 0.951634211336561
6.379413648716464 1
	a 999 998 0.9686062772936068
23.26978075953033 1
	a 579 838 0.8901645873045395
10.36990238069438 1
	a 388 472 0.9494717402871466
11.70573619966935 1
	a 592 536 0.9431511894940384
8.935978923388483 1
	a 184 51 0.9563035507577659
10.84926021746001 1
	a 906 899 0.9471987816790822
10.641614056306 1
	a 417 487 0.9481827033139025
9.286659531260621 1
	a 768 701 0.9546282343869431
6.392987881458542 1
	a 392 487 0.9685405390892792
11.92235385519185 1
	a 484 328 0.9421302264930163
3.658938715057739 1
	a 629 660 0.9818716384555221
14.823479730321 1
	a 756 891 0.9285626754360786
10.52653770111577 1
	a 380 263 0.9487284273464371
8.333803513035958 1
	a 359 367 0.9591872021547203
25.39739512615407 1
	a 929 934 0.8807451436724034
25.63483624900128 1
	a 640 800 0.879700138533849
80.4559399727147 1
	a 980 685 0.6687936580324597
26.77764852877437 1
	a 910 635 0.8746878119385402
25.03716301040749 1
	a 845 659 0.8823329366108635
12.41787485955579 1
	a 512 692 0.9397988891717576
10.04153436138548 1
	a 296 350 0.9510319014780169
17.24465096896204 1
	a 778 766 0.9173893967284583
12.89908189245182 1
	a 616 644 0.9375404180668441
7.544439246321797 1
	a 466 565 0.9629804233261519
28.73290696678478 1
	a 191 173 0.8661782719640114
3.835792746957224 1
	a 923 909 0.981003782431322
17.09116130113021 1
	a 751 613 0.9180937159270705
4.25686019075267 1
	a 319 365 0.9789406112538208
12.56455402483346 1
	a 345 193 0.9391098972715689
6.996659766437062 1
	a 682 750 0.9656215431303345
17.95620901260585 1
	a 266 489 0.9141313169254022
10.73709622562782 1
	a 390 329 0.94773013864501
5.785892542555228 1
	a 101 4 0.9714849879654753
33.53968647317907 1
	a 556 491 0.8456088044839531
2.811857046997037 1
	a 431 478 0.9860390849711355
3.616420072486676 1
	a 321 357 0.9820803998915988
5.51072426250149 1
	a 377 313 0.9728225171346718
13.5713229704884 1
	a 578 389 0.934394442257405
51.45888600714178 1
	a 469 259 0.7731405444526407
4.827538902810058 1
	a 860 836 0.9761512898261859
38.70056726878155 1
	a 80 93 0.8240674988529662
35.28494940300904 1
	a 583 344 0.8382618584887256
17.29133892196101 1
	a 800 739 0.917175266557498
12.31529067408512 1
	a 141 155 0.9402810553355041
3.219706686385371 1
	a 773 811 0.9840303553901961
2.654077009075358 1
	a 634 592 0.986817278310307
43.17968667009613 1
	a 945 994 0.8058171418645269
9.256213613954358 1
	a 229 325 0.9547735681101206
5.515046577635295 1
	a 514 434 0.9728014931344119
2.654077009075358 1
	a 679 721 0.986817278310307
3.616420072486676 1
	a 776 722 0.9820803998915988
2.712315054365001 1
	a 634 591 0.9865299685964932
9.691626974261686 1
	a 619 691 0.9526972232628116
6.328735126851674 1
	a 524 467 0.9688517460642906
4.520525090608341 1
	a 346 301 0.9776509001783111
5.835890966488555 1
	a 449 418 0.971242154728572
13.6726162748142 1
	a 307 424 0.9339213225741588
35.29667712179894 1
	a 151 545 0.8382127054331294
11.54139540313634 1
	a 901 817 0.9439264990765629
16.48370766540821 1
	a 354 162 0.9208864517523493
5.256394638736764 1
	a 921 896 0.9740603919623205
33.54112728507278 1
	a 845 947 0.8456027126897814
10.51437046673973 1
	a 924 881 0.9487861461077872
9.945155199338348 1
	a 581 732 0.9514903102104922
8.333803513035958 1
	a 279 168 0.9591872021547203
19.00723106603546 1
	a 229 138 0.909340056383894
2.767965249724438 1
	a 772 805 0.9862555038559035
5.831249050230851 1
	a 603 517 0.9712646971139117
13.86858908402673 1
	a 637 539 0.9330066548465109
2.712315054365001 1
	a 801 834 0.9865299685964932
4.41545383278015 1
	a 150 80 0.9781646501663815
21.91789310939058 1
	a 957 968 0.8962019815749022
2.654077009075358 1
	a 985 978 0.986817278310307
13.72896037077504 1
	a 918 835 0.9336582548685839
34.9584884425517 1
	a 787 625 0.8396312746941765
8.138468549913707 1
	a 632 707 0.9601244737688071
5.697970529531783 1
	a 92 86 0.9719121564311943
62.54206902277099 1
	a 308 676 0.7314617533579294
5.11439029913947 1
	a 969 955 0.9747522415608111
9.945155199338348 1
	a 818 698 0.9514903102104922
16.20354107089863 1
	a 577 782 0.9221773638229332
9.779391010001634 1
	a 650 694 0.9522792522108257
11.48830421675702 1
	a 552 397 0.9441771032257245
1.278597582319074 1
	a 437 460 0.9936274037579175
7.403808031289186 1
	a 235 243 0.9636577869793517
9.876973144049051 1
	a 300 172 0.9518147383324805
2.607361541147005 1
	a 914 920 0.9870478033865562
1.727678870785183 1
	a 477 450 0.9913988093706936
7.911922947324045 1
	a 861 776 0.9612126498435729
16.85551642399616 1
	a 248 65 0.9191760738365359
13.56157527182502 1
	a 979 983 0.9344399843445016
6.50920093775122 1
	a 861 792 0.9679779172841535
2.712315054365001 1
	a 555 523 0.9865299685964932
14.45113510868881 1
	a 162 151 0.9302930122305305
34.6968234832698 1
	a 493 417 0.8407305040284001
8.904562147976938 1
	a 496 371 0.9564537824263405
20.41855123487796 1
	a 899 897 0.9029457939868842
26.77764852877437 1
	a 635 910 0.8746878119385402
11.48830421675702 1
	a 397 552 0.9441771032257245
24.37467598990625 1
	a 761 666 0.8852604531296501
12.31529067408512 1
	a 155 141 0.9402810553355041
15.39626214407138 1
	a 617 429 0.9259071579825908
17.5524879085091 1
	a 776 816 0.9159784511386345
5.216304331833879 1
	a 140 211 0.9742556634331783
19.31794318008745 1
	a 993 998 0.9079284383283313
10.72626670503659 1
	a 669 516 0.9477814573496467
9.085812209706047 1
	a 560 535 0.9555873885349738
7.769929035071291 1
	a 189 150 0.96189532387708
21.84608137382187 1
	a 201 315 0.8965238284509863
12.05544953571941 1
	a 635 465 0.9415034677451486
7.269919902713232 1
	a 804 865 0.9643031146479676
15.98494646920666 1
	a 358 366 0.9231858298032607
11.72210526211711 1
	a 653 743 0.943074000149282
8.058147197093438 1
	a 733 610 0.9605101436904928
8.896855858170815 1
	a 895 904 0.9564906366865277
32.80350280883052 1
	a 201 206 0.8487271571051329
1.727678870785183 1
	a 100 69 0.9913988093706936
3.835792746957224 1
	a 692 638 0.981003782431322
6.328735126851674 1
	a 931 946 0.9688517460642906
6.521944930855156 1
	a 716 624 0.967916239729707
2.712315054365001 1
	a 432 401 0.9865299685964932
41.18664628611508 1
	a 974 925 0.8138874165672659
18.97276236358791 1
	a 291 326 0.9094967887485448
20.18633553766715 1
	a 732 564 0.9039947937900603
7.403808031289186 1
	a 243 235 0.9636577869793517
13.5713229704884 1
	a 389 578 0.934394442257405
41.72362388088531 1
	a 834 687 0.8117051509107915
13.1476734931717 1
	a 590 585 0.9363758186245457
4.827538902810058 1
	a 368 315 0.9761512898261859
5.424630108730006 1
	a 228 208 0.973241378938998
4.610049117450235 1
	a 729 724 0.9772133818794684
15.52366913555126 1
	a 33 148 0.9253175105885914
7.443386192836144 1
	a 148 25 0.9634671068290531
16.6217685098743 1
	a 618 586 0.9202509793063087
24.91916121247329 1
	a 389 354 0.8828536745802822
20.62640540045981 1
	a 347 222 0.9020078762237146
2.654077009075358 1
	a 821 825 0.986817278310307
21.66858714515905 1
	a 399 667 0.8973198206358333
21.18138146587828 1
	a 759 451 0.8995083818158629
28.91673399904703 1
	a 161 399 0.8653825028240066
9.220098265037302 1
	a 838 721 0.9549459935804125
2.712315054365001 1
	a 934 924 0.9865299685964932
5.256394638736764 1
	a 546 476 0.9740603919623205
12.71856683796562 1
	a 764 586 0.9383870008599716
1.278597582319074 1
	a 750 727 0.9936274037579175
10.23780673072735 1
	a 917 946 0.9500990528607903
11.58347995475138 1
	a 990 983 0.9437278963552059
1.010820149830644 1
	a 822 808 0.9949586497282615
15.20837055701599 1
	a 685 820 0.9267774175316006
9.212097327405774 1
	a 713 834 0.9549841966612392
30.13027577054531 1
	a 931 911 0.8601475120079928
23.92960977155195 1
	a 331 297 0.887232644315624
5.029058064803587 1
	a 156 98 0.9751682192287419
6.987163167874051 1
	a 164 121 0.9656673948197082
2.744441431668442 1
	a 884 896 0.9863715131533709
6.392987881458542 1
	a 687 590 0.9685405390892792
4.712003171860111 1
	a 454 520 0.9767153544984992
3.616420072486676 1
	a 260 213 0.9820803998915988
2.654077009075358 1
	a 636 594 0.986817278310307
13.7488215388553 1
	a 770 738 0.9335655417544896
23.92358496639536 1
	a 150 316 0.8872593717372436
20.06671810406556 1
	a 836 588 0.9045356231916132
8.325714816943993 1
	a 91 179 0.9592259958080578
5.424630108730006 1
	a 173 95 0.973241378938998
9.212097327405774 1
	a 253 126 0.9549841966612392
1.80821003624333 1
	a 569 601 0.9909996972207403
5.51072426250149 1
	a 82 0 0.9728225171346718
5.256394638736764 1
	a 742 807 0.9740603919623205
3.616420072486676 1
	a 53 1 0.9820803998915988
9.79721739932811 1
	a 859 865 0.9521943774899192
6.566659915746747 1
	a 626 722 0.9676998621187332
12.73082828008454 1
	a 936 925 0.9383294727339531
2.712315054365001 1
	a 559 601 0.9865299685964932
19.14632246967487 1
	a 984 988 0.9087078693147015
18.94533657895786 1
	a 440 524 0.9096215156154296
3.835792746957224 1
	a 828 834 0.981003782431322
1.801036897166395 1
	a 965 969 0.9910352407514
2.654077009075358 1
	a 771 732 0.986817278310307
5.274796852549283 1
	a 895 921 0.9739707717474136
20.06671810406556 1
	a 588 836 0.9045356231916132
14.82451465933524 1
	a 605 400 0.9285578704662388
61.712842193208 1
	a 45 206 0.7345007876798126
69.03392464547586 1
	a 951 984 0.7081002330336449
10.06888585871987 1
	a 531 509 0.95090184963841
1.801036897166395 1
	a 150 123 0.9910352407514
2.712315054365001 1
	a 169 132 0.9865299685964932
8.333803513035958 1
	a 515 636 0.9591872021547203
2.712315054365001 1
	a 793 824 0.9865299685964932
34.21493318807471 1
	a 369 384 0.8427586457555774
17.74867131391717 1
	a 316 88 0.9150803928118717
7.286020898023116 1
	a 809 712 0.9642254865731014
1.278597582319074 1
	a 851 836 0.9936274037579175
23.81046491364334 1
	a 724 384 0.8877613478174415
9.634915389747798 1
	a 438 570 0.9529674064127537
8.136945163095014 1
	a 897 904 0.9601317870014974
2.654077009075358 1
	a 459 415 0.986817278310307
2.712315054365001 1
	a 401 432 0.9865299685964932
5.256394638736764 1
	a 458 433 0.9740603919623205
1.80821003624333 1
	a 495 473 0.9909996972207403
0.9041050181216709 1
	a 799 789 0.9954896771040572
6.440035547707384 1
	a 167 67 0.9683127280251193
2.712315054365001 1
	a 636 672 0.9865299685964932
41.7300923303743 1
	a 405 388 0.8116788989664742
6.514031480452543 1
	a 52 53 0.967954538273171
3.250862265857187 1
	a 220 176 0.9838770771494869
21.13842336799473 1
	a 294 322 0.8997016084123033
29.45064384494342 1
	a 404 149 0.8630754024595136
12.37730775780317 1
	a 656 562 0.9399895330916023
2.654077009075358 1
	a 592 634 0.986817278310307
19.60317475172958 1
	a 0 221 0.9066345119422707
5.785892542555228 1
	a 898 900 0.9714849879654753
8.071490913192729 1
	a 477 359 0.9604460619548983
8.043428939998254 1
	a 330 381 0.9605808314676499
34.87446167558832 1
	a 168 336 0.8399841063145069
3.529586029305191 1
	a 963 973 0.9825068825271878
1.801036897166395 1
	a 84 54 0.9910352407514
6.356878891413446 1
	a 918 886 0.9687154199791561
23.26978075953033 1
	a 838 579 0.8901645873045395
8.518002373555337 1
	a 865 866 0.9583042028874746
16.75839851773872 1
	a 356 290 0.9196225245025127
27.58171562252474 1
	a 225 489 0.8711783328727044
16.58386695080979 1
	a 925 831 0.9204253905661652
21.51705007293485 1
	a 227 321 0.897999964363107
8.368814618220709 1
	a 913 909 0.9590193058306061
15.42211665445361 1
	a 568 564 0.9257874713377113
25.37832794310071 1
	a 720 918 0.8808291143194379
33.92667223174838 1
	a 174 211 0.8439741935984979
11.57359537458825 1
	a 497 345 0.9437745392780292
8.27952149980044 1
	a 534 637 0.959447570548437
22.35663842819485 1
	a 625 751 0.8942381143357835
1.80821003624333 1
	a 754 780 0.9909996972207403
9.286659531260621 1
	a 339 287 0.9546282343869431
8.138468549913707 1
	a 669 788 0.9601244737688071
8.64547813729026 1
	a 950 925 0.9576935947017411
2.712315054365001 1
	a 520 483 0.9865299685964932
12.93693056137279 1
	a 573 724 0.9373630115694558
19.80492608789178 1
	a 572 369 0.9057203994573493
2.712315054365001 1
	a 62 14 0.9865299685964932
5.51072426250149 1
	a 349 420 0.9728225171346718
114.7773960496347 1
	a 985 984 0.5633315191127787
2.712315054365001 1
	a 413 459 0.9865299685964932
69.03392464547586 1
	a 984 951 0.7081002330336449
3.616420072486676 1
	a 945 935 0.9820803998915988
31.23953050490811 1
	a 114 520 0.855390103647907
33.74411356841605 1
	a 409 378 0.844744919304973
19.17896367451246 1
	a 335 184 0.9085595748178091
22.71119291511179 1
	a 525 794 0.8926542379976969
26.09304173517344 1
	a 502 752 0.8776870283114417
22.0048455601926 1
	a 90 202 0.8958124314683215
10.69955507296036 1
	a 141 283 0.9479080497510697
9.79721739932811 1
	a 513 373 0.9521943774899192
16.69738851660035 1
	a 154 231 0.9199030981511674
24.63133413614516 1
	a 88 398 0.8841251352227359
17.05742591826285 1
	a 802 555 0.9182485902036354
1.278597582319074 1
	a 759 740 0.9936274037579175
33.63871647113933 1
	a 907 921 0.8451902049363703
8.184528541703919 1
	a 752 633 0.9599033826015307
4.520525090608341 1
	a 608 678 0.9776509001783111
20.15113854849067 1
	a 918 758 0.9041538972644211
23.5617255821635 1
	a 184 278 0.8888661405093732
12.29006771119488 1
	a 297 446 0.940399646184204
21.98043632195551 1
	a 554 503 0.8959217686355555
3.658938715057739 1
	a 895 888 0.9818716384555221
9.286659531260621 1
	a 824 891 0.9546282343869431
5.014785169840341 1
	a 296 324 0.975237814079835
6.037725480312412 1
	a 910 879 0.9702624981924419
7.256139895669023 1
	a 222 124 0.9643695574554602
9.05806573902607 1
	a 676 802 0.9557199686186254
17.09116130113021 1
	a 613 751 0.9180937159270705
0.9041050181216709 1
	a 622 636 0.9954896771040572
12.56455402483346 1
	a 193 345 0.9391098972715689
2.654077009075358 1
	a 802 834 0.986817278310307
22.11258956341219 1
	a 6 253 0.895329969348489
4.520525090608341 1
	a 202 139 0.9776509001783111
0.9041050181216709 1
	a 609 601 0.9954896771040572
37.24229291814906 1
	a 977 987 0.8300980400784403
29.45584516111268 1
	a 447 445 0.8630529571111477
8.335436417109188 1
	a 119 197 0.9591793708832427
23.17499122506289 1
	a 968 942 0.8905865787317175
10.07900360756717 1
	a 598 662 0.9508537459247081
18.08210036243335 1
	a 770 762 0.913556091857009
1.801036897166395 1
	a 226 204 0.9910352407514
11.02728416125295 1
	a 27 182 0.9463560364934274
26.57801560108014 1
	a 922 879 0.875561330267146
4.712003171860111 1
	a 520 454 0.9767153544984992
6.037725480312412 1
	a 879 910 0.9702624981924419
10.99322604303097 1
	a 49 194 0.9465172057446963
40.60714712550092 1
	a 772 514 0.816249071731636
6.392987881458542 1
	a 507 600 0.9685405390892792
3.429173805456379 1
	a 463 503 0.9830002848809992
15.03384691607438 1
	a 808 805 0.9275864933336478
20.41424992511741 1
	a 999 996 0.9029652134434908
22.66687820764856 1
	a 667 625 0.892852048468784
8.515051555597179 1
	a 891 833 0.9583183418980348
19.9357302238404 1
	a 376 534 0.9051282332516191
14.84017285414409 1
	a 831 748 0.9284851756118162
5.51072426250149 1
	a 313 377 0.9728225171346718
24.71900411482639 1
	a 773 674 0.8837376639941437
2.654077009075358 1
	a 267 295 0.986817278310307
30.00133219231346 1
	a 987 923 0.8607022433014002
0.9041050181216709 1
	a 636 622 0.9954896771040572
35.74892145180779 1
	a 491 408 0.8363194620444304
3.250862265857187 1
	a 960 969 0.9838770771494869
3.250862265857187 1
	a 688 739 0.9838770771494869
13.44656090810219 1
	a 316 466 0.9349775089885081
1.801036897166395 1
	a 668 651 0.9910352407514
21.7410390774911 1
	a 879 927 0.8969948167326649
0.9041050181216709 1
	a 177 174 0.9954896771040572
12.10942014504987 1
	a 432 339 0.9412494344433157
42.3150740139552 1
	a 185 382 0.8093082811323513
42.49293585171839 1
	a 892 827 0.8085888757756656
22.20911775210315 1
	a 191 323 0.894897950710707
28.35899336130415 1
	a 837 899 0.8677991658809042
7.256139895669023 1
	a 335 387 0.9643695574554602
11.36723620692754 1
	a 352 307 0.9447488244652184
9.286659531260621 1
	a 957 942 0.9546282343869431
12.29191244707387 1
	a 584 517 0.9403909722793672
36.29562911519354 1
	a 59 211 0.8340364724910347
0.9041050181216709 1
	a 100 83 0.9954896771040572
6.846711116319194 1
	a 855 774 0.9663457828279073
44.17326336737915 1
	a 268 97 0.8018238634760639
10.36990238069438 1
	a 598 740 0.9494717402871466
13.78463648381167 1
	a 953 913 0.9333983787298171
9.054249059692065 1
	a 128 253 0.9557382071759183
10.26624990473429 1
	a 816 796 0.9499639433049578
31.83954239195228 1
	a 188 283 0.8528277280580536
7.511586179541625 1
	a 145 245 0.9631386206197394
17.04337654819692 1
	a 950 916 0.9183130965405737
14.493077354174 1
	a 239 321 0.9300979397962246
20.62226812548638 1
	a 268 528 0.902026535689773
61.40392988101556 1
	a 259 246 0.7356361459526165
89.88982550210478 1
	a 505 621 0.6379795001942635
14.40744224465704 1
	a 744 879 0.9304962702625015
24.12531324787959 1
	a 992 981 0.886364896374065
35.64371448781637 1
	a 981 990 0.836759510932445
26.40418486622443 1
	a 666 705 0.8763226584220581
40.88571484042279 1
	a 923 963 0.8151129599318804
1.278597582319074 1
	a 861 853 0.9936274037579175
20.82095409358462 1
	a 654 540 0.9011308805712249
15.10744413850655 1
	a 670 857 0.9272452171825661
49.83923285869983 1
	a 999 986 0.7794270626283009
18.56155698774063 1
	a 129 160 0.9113686622444963
2.712315054365001 1
	a 943 949 0.9865299685964932
30.17906100609166 1
	a 798 754 0.8599377251004027
7.059062390671677 1
	a 299 372 0.9653203035365874
26.06653635958867 1
	a 827 898 0.8778033531410111
1.801036897166395 1
	a 724 752 0.9910352407514
14.0494585175432 1
	a 938 951 0.9321632743327338
3.529586029305191 1
	a 668 724 0.9825068825271878
2.712315054365001 1
	a 52 100 0.9865299685964932
1.801036897166395 1
	a 367 348 0.9910352407514
29.51641353708654 1
	a 212 544 0.8627916281038707
27.55518851828271 1
	a 993 999 0.8712938897282544
6.328735126851674 1
	a 913 894 0.9688517460642906
62.54206902277099 1
	a 676 308 0.7314617533579294
13.59073986136275 1
	a 964 929 0.9343037314861845
2.001419840246826 1
	a 759 728 0.990042805211115
14.52196781907023 1
	a 835 920 0.9299635946902909
70.97351452160655 1
	a 466 424 0.7012663039274889
47.99916978623689 1
	a 653 525 0.7866311264197142
14.84017285414409 1
	a 859 891 0.9284851756118162
5.662461654260877 1
	a 192 132 0.9720847292880961
3.250862265857187 1
	a 290 255 0.9838770771494869
36.2892833527555 1
	a 777 625 0.8340629358974542
30.89426229159015 1
	a 996 984 0.856868074085259
6.581983893067228 1
	a 988 979 0.9676257199054527
18.28530495700167 1
	a 921 969 0.912628369254249
9.914258043217545 1
	a 894 898 0.9516373132884525
9.63528176323798 1
	a 249 351 0.952965660704379
7.698832476708746 1
