2.292841933467983 2
	a 0 303 0.9264195543930618
	a 303 0 0.9264195543930618
2.970562897498311 2
	a 0 17 0.9057257135061698
	a 17 0 0.9057257135061698
3.204678116338511 2
	a 0 294 0.8986850820991169
	a 294 0 0.8986850820991169
3.199625435034238 2
	a 0 129 0.8988364538230688
	a 129 0 0.8988364538230688
0.4217785570495555 2
	a 1 22 0.9860390849711355
	a 22 1 0.9860390849711355
0.4068472581547501 2
	a 1 47 0.9865299685964932
	a 47 1 0.9865299685964932
3.31432029256418 2
	a 2 342 0.8954066171108567
	a 342 2 0.8954066171108567
1.831555926431775 2
	a 2 8 0.9407744459831333
	a 8 2 0.9407744459831333
3.314054042677391 2
	a 3 34 0.8954145638764682
	a 34 3 0.8954145638764682
0.2756047834633315 2
	a 3 37 0.9908552438432273
	a 37 3 0.9908552438432273
2.800921581872936 2
	a 4 107 0.9108618381905319
	a 107 4 0.9108618381905319
1.315638270667442 2
	a 4 167 0.9570931000593805
	a 167 4 0.9570931000593805
2.258959815863032 2
	a 5 303 0.9274664473407298
	a 303 5 0.9274664473407298
2.397682403421882 2
	a 5 32 0.9231876628508332
	a 32 5 0.9231876628508332
1.027952275406858 2
	a 5 103 0.966315323832502
	a 103 5 0.966315323832502
0.9144082938392092 2
	a 5 6 0.9699795633079904
	a 6 5 0.9699795633079904
0.4068472581547501 2
	a 6 50 0.9865299685964932
	a 50 6 0.9865299685964932
2.651327294210079 2
	a 7 199 0.9154151722298171
	a 199 7 0.9154151722298171
0.4068472581547501 2
	a 7 50 0.9865299685964932
	a 50 7 0.9865299685964932
3.276628416549143 2
	a 8 342 0.8965323092934543
	a 342 8 0.8965323092934543
6.334772590985365 2
	a 9 106 0.809645253114079
	a 106 9 0.809645253114079
5.460323618820864 2
	a 9 56 0.8335923481614745
	a 56 9 0.8335923481614745
0.4068472581547501 2
	a 9 53 0.9865299685964932
	a 53 9 0.9865299685964932
1.472572308893667 2
	a 10 174 0.9520994897323315
	a 174 10 0.9520994897323315
0.4068472581547501 2
	a 10 53 0.9865299685964932
	a 53 10 0.9865299685964932
2.413093054276768 2
	a 11 236 0.9227135538751992
	a 236 11 0.9227135538751992
2.694187613135911 2
	a 11 297 0.91410827314626
	a 297 11 0.91410827314626
2.514565927420741 2
	a 11 145 0.9195978130519544
	a 145 11 0.9195978130519544
0.5294379043957786 2
	a 11 71 0.9825068825271878
	a 71 11 0.9825068825271878
0.1356157527182506 2
	a 12 29 0.9954896771040572
	a 29 12 0.9954896771040572
1.695752562881215 2
	a 13 229 0.945042777393949
	a 229 13 0.945042777393949
2.033355190707818 2
	a 13 169 0.9344674292519221
	a 169 13 0.9344674292519221
2.112908977956649 2
	a 13 155 0.9319926978378004
	a 155 13 0.9319926978378004
2.206569809637366 2
	a 14 303 0.9290875281676677
	a 303 14 0.9290875281676677
5.345006492930098 2
	a 14 153 0.8368027635983266
	a 153 14 0.8368027635983266
1.208722079564016 2
	a 15 159 0.9605101436904928
	a 159 15 0.9605101436904928
1.220541774464252 2
	a 16 23 0.9601317870014974
	a 23 16 0.9601317870014974
2.876232237012296 2
	a 16 162 0.9085781191369583
	a 162 16 0.9085781191369583
1.088420984350353 2
	a 16 43 0.9643695574554602
	a 43 16 0.9643695574554602
0.69040501949209 2
	a 16 100 0.9772492901838444
	a 100 16 0.9772492901838444
2.556506482229538 2
	a 17 273 0.9183130965405737
	a 273 17 0.9183130965405737
1.763004785337253 2
	a 17 208 0.942926609327066
	a 208 17 0.942926609327066
2.058434042271843 2
	a 17 228 0.9336865766805039
	a 228 17 0.9336865766805039
2.118024594011236 2
	a 17 188 0.93183378749333
	a 188 17 0.93183378749333
2.050281198422004 2
	a 17 294 0.9339403511908202
	a 294 17 0.9339403511908202
1.944064083921212 2
	a 17 78 0.9372528935158532
	a 78 17 0.9372528935158532
2.832438850064086 2
	a 17 129 0.9099054114498236
	a 129 17 0.9099054114498236
2.840452407494832 2
	a 18 322 0.9096623912664986
	a 322 18 0.9096623912664986
3.193354223589163 2
	a 18 339 0.899024366578277
	a 339 18 0.899024366578277
0.4217785570495555 2
	a 18 61 0.9860390849711355
	a 61 18 0.9860390849711355
3.736580710465243 2
	a 19 329 0.8828917402670086
	a 329 19 0.8828917402670086
1.80799352569412 2
	a 19 256 0.9415136330454976
	a 256 19 0.9415136330454976
2.178482869582822 2
	a 19 90 0.9299577763378734
	a 90 19 0.9299577763378734
3.571446267944701 2
	a 19 116 0.8877650015281677
	a 116 19 0.8877650015281677
1.835953872964026 2
	a 19 123 0.9406365402346707
	a 123 19 0.9406365402346707
5.591143618798889 2
	a 20 410 0.8299652438398958
	a 410 20 0.8299652438398958
0.487629339878578 2
	a 21 76 0.9838770771494869
	a 76 21 0.9838770771494869
2.69429133206359 2
	a 21 53 0.9141051128073939
	a 53 21 0.9141051128073939
1.578980655167365 2
	a 22 41 0.9487284273464371
	a 41 22 0.9487284273464371
0.9397593081368385 2
	a 22 26 0.969160244007073
	a 26 22 0.969160244007073
0.2712315054364995 2
	a 22 47 0.9909996972207403
	a 47 22 0.9909996972207403
3.964348244137411 2
	a 22 159 0.8762139861308866
	a 159 22 0.8762139861308866
0.5294379043957786 2
	a 23 30 0.9825068825271878
	a 30 23 0.9825068825271878
0.5294379043957786 2
	a 23 85 0.9825068825271878
	a 85 23 0.9825068825271878
1.364607188709789 2
	a 24 35 0.955532113950128
	a 35 24 0.955532113950128
0.4518359985116184 2
	a 24 73 0.9850516526460312
	a 73 24 0.9850516526460312
9.41324505141419 2
	a 25 137 0.7306835339617396
	a 137 25 0.7306835339617396
4.339735699015963 2
	a 25 346 0.8653183053863182
	a 346 25 0.8653183053863182
3.204745300382409 2
	a 25 343 0.8986830695247702
	a 343 25 0.8986830695247702
6.954824705615467 2
	a 25 382 0.7930829260935622
	a 382 25 0.7930829260935622
4.06586406679027 2
	a 26 41 0.8732540109065874
	a 41 26 0.8732540109065874
2.309439321610708 2
	a 26 95 0.9259071579825908
	a 95 26 0.9259071579825908
0.5488408072586609 2
	a 26 89 0.9818716384555221
	a 89 26 0.9818716384555221
1.843510156679232 2
	a 27 273 0.940399646184204
	a 273 27 0.940399646184204
0.7068004757790167 2
	a 28 113 0.9767153544984992
	a 113 28 0.9767153544984992
2.792754353712261 2
	a 28 252 0.9111098458297615
	a 252 28 0.9111098458297615
2.493265276481146 2
	a 29 250 0.9202509793063087
	a 250 29 0.9202509793063087
0.6780787635912512 2
	a 29 108 0.9776509001783111
	a 108 29 0.9776509001783111
1.998645631669757 2
	a 30 48 0.9355492200194143
	a 48 30 0.9355492200194143
0.8266086393752234 2
	a 30 136 0.9728225171346718
	a 136 30 0.9728225171346718
2.301626222344578 2
	a 30 85 0.9261483295374004
	a 85 30 0.9261483295374004
7.180381141973215 2
	a 31 303 0.7871424539878442
	a 303 31 0.7871424539878442
2.267669177036251 2
	a 31 320 0.9271972317453537
	a 320 31 0.9271972317453537
2.036237875311797 2
	a 32 303 0.9343776410701339
	a 303 32 0.9343776410701339
1.472726861125989 2
	a 33 42 0.952094584774915
	a 42 33 0.952094584774915
1.471820364750096 2
	a 33 189 0.9521233542192563
	a 189 33 0.9521233542192563
0.2701555345749592 2
	a 33 63 0.9910352407514
	a 63 33 0.9910352407514
1.391008388793844 2
	a 34 210 0.9546915773730436
	a 210 34 0.9546915773730436
4.280234025320377 2
	a 34 155 0.867036271435721
	a 155 34 0.867036271435721
1.491480702475836 2
	a 34 37 0.9514995897419016
	a 37 34 0.9514995897419016
1.106545252170832 2
	a 35 73 0.9637871170070454
	a 73 35 0.9637871170070454
1.250982524810324 2
	a 35 194 0.9591580433755735
	a 194 35 0.9591580433755735
6.296265225805553 2
	a 35 223 0.8106851638892932
	a 223 35 0.8106851638892932
2.284891952702111 2
	a 36 324 0.9266650875126363
	a 324 36 0.9266650875126363
1.360345102038611 2
	a 37 210 0.9556678756165912
	a 210 37 0.9556678756165912
4.881945551442842 2
	a 38 250 0.849819318654998
	a 250 38 0.849819318654998
2.399216633473432 2
	a 38 171 0.9231404513162139
	a 171 38 0.9231404513162139
2.034236290773753 2
	a 38 309 0.9344399843445016
	a 309 38 0.9344399843445016
5.604040147980958 2
	a 38 88 0.8296085314850014
	a 88 38 0.8296085314850014
2.521562118077222 2
	a 39 330 0.9193833820020216
	a 330 39 0.9193833820020216
2.460325435208182 2
	a 39 264 0.9212619649394984
	a 264 39 0.9212619649394984
1.658791045502441 2
	a 40 260 0.946207835453147
	a 260 40 0.946207835453147
0.5308290191434861 2
	a 40 107 0.982461324256342
	a 107 40 0.982461324256342
0.3002129760370238 2
	a 41 81 0.990042805211115
	a 81 41 0.990042805211115
2.548259706388842 2
	a 41 95 0.9185655686489568
	a 95 41 0.9185655686489568
3.588918187830404 2
	a 41 148 0.8872481200918274
	a 148 41 0.8872481200918274
1.357059733580085 2
	a 42 221 0.95577253871728
	a 221 42 0.95577253871728
1.669200937804245 2
	a 42 63 0.9458795616892766
	a 63 42 0.9458795616892766
0.4068472581547501 2
	a 43 100 0.9865299685964932
	a 100 43 0.9865299685964932
2.847930807083253 2
	a 43 161 0.9094356588991784
	a 161 43 0.9094356588991784
6.3843010370208 2
	a 44 337 0.8083096735295697
	a 337 44 0.8083096735295697
1.2777003560333 2
	a 44 210 0.9583042028874746
	a 210 44 0.9583042028874746
2.14176510343746 2
	a 45 64 0.9310966722294731
	a 64 45 0.9310966722294731
4.516041719713449 2
	a 45 68 0.8602478582503698
	a 68 45 0.8602478582503698
1.356157527182502 2
	a 45 226 0.9558012826194622
	a 226 45 0.9558012826194622
1.899162426959689 2
	a 46 97 0.9386567507760927
	a 97 46 0.9386567507760927
1.385168937220699 2
	a 46 128 0.9548774246343368
	a 128 46 0.9548774246343368
1.763004785337253 2
	a 46 162 0.942926609327066
	a 162 46 0.942926609327066
1.342527456914504 2
	a 46 221 0.9562356359045654
	a 221 46 0.9562356359045654
2.711563110221431 2
	a 47 337 0.913578990249083
	a 337 47 0.913578990249083
0.6623180749170225 2
	a 48 136 0.9781646501663815
	a 136 48 0.9781646501663815
2.974238821242567 2
	a 49 303 0.9056147410165468
	a 303 49 0.9056147410165468
3.913956260276017 2
	a 49 226 0.8776870283114417
	a 226 49 0.8776870283114417
3.013670588598154 2
	a 49 134 0.9044251899634265
	a 134 49 0.9044251899634265
1.330050418899266 2
	a 49 225 0.9566334182306084
	a 225 49 0.9566334182306084
0.9493102690277512 2
	a 49 51 0.9688517460642906
	a 51 49 0.9688517460642906
0.3981115513613038 2
	a 50 103 0.986817278310307
	a 103 50 0.986817278310307
2.234721917581615 2
	a 50 199 0.9282160780381652
	a 199 50 0.9282160780381652
2.059344055616256 2
	a 51 303 0.9336582548685839
	a 303 51 0.9336582548685839
0.99986533083179 2
	a 51 179 0.9672204422980087
	a 179 51 0.9672204422980087
1.355312686248317 2
	a 52 116 0.9558281996667543
	a 116 52 0.9558281996667543
0.7884591958105146 2
	a 52 155 0.9740603919623205
	a 155 52 0.9740603919623205
6.516347021485498 2
	a 53 106 0.8047596903913853
	a 106 53 0.8047596903913853
0.5488408072586609 2
	a 53 121 0.9818716384555221
	a 121 53 0.9818716384555221
1.907785025694843 2
	a 53 76 0.9383870008599716
	a 76 53 0.9383870008599716
0.6027356872459425 2
	a 53 99 0.9801092934817696
	a 99 53 0.9801092934817696
3.309422633626836 2
	a 53 281 0.8955528089178538
	a 281 53 0.8955528089178538
5.113621734531977 2
	a 53 55 0.8432818309462564
	a 55 53 0.8432818309462564
0.5488408072586609 2
	a 54 93 0.9818716384555221
	a 93 54 0.9818716384555221
0.9493102690277512 2
	a 54 176 0.9688517460642906
	a 176 54 0.9688517460642906
0.298242479150027 2
	a 55 99 0.9901078365556814
	a 99 55 0.9901078365556814
2.315124013007375 2
	a 55 281 0.9257317247226782
	a 281 55 0.9257317247226782
2.69429133206359 2
	a 55 318 0.9141051128073939
	a 318 55 0.9141051128073939
1.511850541135075 2
	a 55 114 0.9508537459247081
	a 114 55 0.9508537459247081
2.519239454203567 2
	a 55 209 0.9194545653764841
	a 209 55 0.9194545653764841
0.9094841310632604 2
	a 56 174 0.9701387876170422
	a 174 56 0.9701387876170422
0.5424630108730013 2
	a 56 87 0.9820803998915988
	a 87 56 0.9820803998915988
0.7671585448709205 2
	a 56 106 0.9747522415608111
	a 106 56 0.9747522415608111
1.027006667447879 2
	a 57 164 0.9663457828279073
	a 164 57 0.9663457828279073
0.6027356872459425 2
	a 57 140 0.9801092934817696
	a 140 57 0.9801092934817696
1.220541774464252 2
	a 58 221 0.9601317870014974
	a 221 58 0.9601317870014974
3.0624263503209 2
	a 59 303 0.9029565190875446
	a 303 59 0.9029565190875446
0.8816511857519844 2
	a 59 174 0.9710392659291819
	a 174 59 0.9710392659291819
2.075082647963842 2
	a 59 191 0.9331685677740632
	a 191 59 0.9331685677740632
0.8266086393752234 2
	a 59 138 0.9728225171346718
	a 138 59 0.9728225171346718
0.4518359985116184 2
	a 60 119 0.9850516526460312
	a 119 60 0.9850516526460312
0.8293136085763161 2
	a 60 84 0.9727348059241007
	a 84 60 0.9727348059241007
2.687535809642409 2
	a 61 339 0.9143109779047917
	a 339 61 0.9143109779047917
5.836849595066635 2
	a 61 173 0.8231954240854527
	a 173 61 0.8231954240854527
8.676816995424501 2
	a 61 396 0.7488420243128926
	a 396 61 0.7488420243128926
7.339823031903956 2
	a 61 369 0.78297010192035
	a 369 61 0.78297010192035
2.720076443344621 2
	a 62 195 0.913319773621503
	a 195 62 0.913319773621503
0.4217785570495555 2
	a 62 117 0.9860390849711355
	a 117 62 0.9860390849711355
3.199625435034238 2
	a 62 246 0.8988364538230688
	a 246 62 0.8988364538230688
2.486272693203688 2
	a 62 130 0.9204655020267692
	a 130 62 0.9204655020267692
2.22352195954815 2
	a 62 91 0.9285626754360786
	a 91 62 0.9285626754360786
2.671894268447994 2
	a 62 152 0.9147878099613074
	a 152 62 0.9147878099613074
2.218806554620886 2
	a 63 221 0.9287086385408646
	a 221 63 0.9287086385408646
2.731556940644684 2
	a 63 82 0.9129703283160271
	a 82 63 0.9129703283160271
0.9569120473074697 2
	a 63 189 0.9686062772936068
	a 189 63 0.9686062772936068
1.513159730406566 2
	a 63 101 0.9508122519126758
	a 101 63 0.9508122519126758
0.7070602341917727 2
	a 64 156 0.9767068975341054
	a 156 64 0.9767068975341054
1.090487985406985 2
	a 64 68 0.9643031146479676
	a 68 64 0.9643031146479676
3.835792733395649 2
	a 64 259 0.8799767803887671
	a 259 64 0.8799767803887671
3.472902139034856 2
	a 65 180 0.8906859305335965
	a 180 65 0.8906859305335965
3.853902309509584 2
	a 65 160 0.8794457404705917
	a 160 65 0.8794457404705917
0.487629339878578 2
	a 65 127 0.9838770771494869
	a 127 65 0.9838770771494869
4.928346219044936 2
	a 65 373 0.8485059284956061
	a 373 65 0.8485059284956061
1.754926729054513 2
	a 66 303 0.943180543987861
	a 303 66 0.943180543987861
2.125244202579269 2
	a 66 221 0.9316095653011475
	a 221 66 0.9316095653011475
1.305344673394121 2
	a 66 186 0.9574215541032217
	a 186 66 0.9574215541032217
1.747244096663024 2
	a 67 303 0.9434221118977737
	a 303 67 0.9434221118977737
2.572857727781079 2
	a 68 303 0.9178127141530582
	a 303 68 0.9178127141530582
1.402932530426299 2
	a 68 259 0.9543121901896832
	a 259 68 0.9543121901896832
0.6780787635912512 2
	a 69 155 0.9776509001783111
	a 155 69 0.9776509001783111
1.726711690880476 2
	a 70 303 0.9440680237621593
	a 303 70 0.9440680237621593
0.5294379043957786 2
	a 70 96 0.9825068825271878
	a 96 70 0.9825068825271878
0.5575248444503217 2
	a 71 145 0.9815874592603586
	a 145 71 0.9815874592603586
0.4498654971040983 2
	a 72 132 0.9851163562932524
	a 132 72 0.9851163562932524
1.824403406976611 2
	a 73 194 0.9409987696409867
	a 194 73 0.9409987696409867
0.7241308354215087 2
	a 73 163 0.9761512898261859
	a 163 73 0.9761512898261859
1.843510156679232 2
	a 74 296 0.940399646184204
	a 296 74 0.940399646184204
1.093369151114533 2
	a 74 217 0.9642105085260783
	a 217 74 0.9642105085260783
4.373223057246851 2
	a 75 256 0.8643529368114036
	a 256 75 0.8643529368114036
0.4068472581547501 2
	a 75 77 0.9865299685964932
	a 77 75 0.9865299685964932
0.3981115513613038 2
	a 75 123 0.986817278310307
	a 123 75 0.986817278310307
0.7884591958105146 2
	a 76 174 0.9740603919623205
	a 174 76 0.9740603919623205
1.819178669966863 2
	a 76 121 0.9411626662824489
	a 121 76 0.9411626662824489
0.487629339878578 2
	a 76 109 0.9838770771494869
	a 109 76 0.9838770771494869
0.7884591958105146 2
	a 77 174 0.9740603919623205
	a 174 77 0.9740603919623205
1.220770282487056 2
	a 77 123 0.9601244737688071
	a 123 77 0.9601244737688071
0.4068472581547501 2
	a 78 129 0.9865299685964932
	a 129 78 0.9865299685964932
1.220770282487056 2
	a 79 246 0.9601244737688071
	a 246 79 0.9601244737688071
4.180339100226107 2
	a 80 142 0.8699281676392107
	a 142 80 0.8699281676392107
0.8266086393752234 2
	a 80 184 0.9728225171346718
	a 184 80 0.9728225171346718
3.619833566187839 2
	a 80 356 0.8863342706617292
	a 356 80 0.8863342706617292
6.076588048764899 2
	a 80 342 0.81664325247698
	a 342 80 0.81664325247698
2.341552327200922 2
	a 81 303 0.9249165662004916
	a 303 81 0.9249165662004916
1.815014601841224 2
	a 81 177 0.9412933108644451
	a 177 81 0.9412933108644451
1.027006667447879 2
	a 81 148 0.9663457828279073
	a 148 81 0.9663457828279073
0.4068472581547501 2
	a 81 83 0.9865299685964932
	a 83 81 0.9865299685964932
0.6981164340668319 2
	a 81 166 0.9769981233187751
	a 166 81 0.9769981233187751
1.089744978341517 2
	a 82 221 0.964326997744636
	a 221 82 0.964326997744636
0.4068472581547501 2
	a 82 132 0.9865299685964932
	a 132 82 0.9865299685964932
0.1917896373478611 2
	a 82 101 0.9936274037579175
	a 101 82 0.9936274037579175
0.6780787635912512 2
	a 83 166 0.9776509001783111
	a 166 83 0.9776509001783111
1.356157527182502 2
	a 83 231 0.9558012826194622
	a 231 83 0.9558012826194622
0.3002129760370238 2
	a 84 119 0.990042805211115
	a 119 84 0.990042805211115
0.3981115513613038 2
	a 85 136 0.986817278310307
	a 136 85 0.986817278310307
1.465568437865057 2
	a 86 199 0.9523217950823715
	a 199 86 0.9523217950823715
1.342353371493264 2
	a 86 191 0.9562411848101144
	a 191 86 0.9562411848101144
0.4116662147502663 2
	a 86 138 0.9863715131533709
	a 138 86 0.9863715131533709
0.6981164340668319 2
	a 87 174 0.9769981233187751
	a 174 87 0.9769981233187751
0.572507812946912 2
	a 87 106 0.9810973451939815
	a 106 87 0.9810973451939815
2.315920741993019 2
	a 88 309 0.925707139805871
	a 309 88 0.925707139805871
1.493347064546847 2
	a 88 276 0.9514403968250151
	a 276 88 0.9514403968250151
1.843510156679232 2
	a 88 322 0.940399646184204
	a 322 88 0.940399646184204
1.058859358600752 2
	a 89 95 0.9653203035365874
	a 95 89 0.9653203035365874
0.4261984914158477 2
	a 89 148 0.9858938214043831
	a 148 89 0.9858938214043831
1.330050418899266 2
	a 89 231 0.9566334182306084
	a 231 89 0.9566334182306084
3.546321053875348 2
	a 90 329 0.888508822485926
	a 329 90 0.888508822485926
2.685054913829007 2
	a 90 297 0.9143865913738085
	a 297 90 0.9143865913738085
0.4217785570495555 2
	a 90 147 0.9860390849711355
	a 147 90 0.9860390849711355
1.058859358600752 2
	a 90 116 0.9653203035365874
	a 116 90 0.9653203035365874
3.925409679630785 2
	a 91 152 0.8773520083476636
	a 152 91 0.8773520083476636
1.469582609899217 2
	a 91 238 0.9521943774899192
	a 238 91 0.9521943774899192
0.5143760708184569 2
	a 91 156 0.9830002848809992
	a 156 91 0.9830002848809992
1.106545252170832 2
	a 92 244 0.9637871170070454
	a 244 92 0.9637871170070454
3.365352378257878 2
	a 93 303 0.8938847629605179
	a 303 93 0.8938847629605179
1.64751219978562 2
	a 93 174 0.946563640073117
	a 174 93 0.946563640073117
2.337234109169694 2
	a 93 253 0.9250497088290283
	a 253 93 0.9250497088290283
3.677069747090593 2
	a 93 122 0.88464486979987
	a 122 93 0.88464486979987
0.6817209823004298 2
	a 93 176 0.977532213436519
	a 176 93 0.977532213436519
3.029928462703945 2
	a 94 107 0.9039351883859337
	a 107 94 0.9039351883859337
1.998645631669757 2
	a 94 149 0.9355492200194143
	a 149 94 0.9355492200194143
0.6027356872459425 2
	a 94 167 0.9801092934817696
	a 167 94 0.9801092934817696
1.875209981755642 2
	a 94 234 0.9394064875163473
	a 234 94 0.9394064875163473
3.828201451775191 2
	a 94 241 0.8801994802825188
	a 241 94 0.8801994802825188
0.4068472581547501 2
	a 95 148 0.9865299685964932
	a 148 95 0.9865299685964932
1.545962644974536 2
	a 96 303 0.9497731729941628
	a 303 96 0.9497731729941628
3.412484697366413 2
	a 96 170 0.8924815035005621
	a 170 96 0.8924815035005621
0.6027356872459425 2
	a 97 136 0.9801092934817696
	a 136 97 0.9801092934817696
0.2701555345749592 2
	a 97 128 0.9910352407514
	a 128 97 0.9910352407514
0.2712315054364995 2
	a 98 132 0.9909996972207403
	a 132 98 0.9909996972207403
1.30784967716783 2
	a 99 281 0.9573416126206281
	a 281 99 0.9573416126206281
0.5424630108730013 2
	a 100 162 0.9820803998915988
	a 162 100 0.9820803998915988
1.489777201362269 2
	a 101 303 0.9515536206296046
	a 303 101 0.9515536206296046
0.487629339878578 2
	a 101 132 0.9838770771494869
	a 132 101 0.9838770771494869
1.512473813052469 2
	a 101 150 0.9508339914486694
	a 150 101 0.9508339914486694
0.1917896373478611 2
	a 102 124 0.9936274037579175
	a 124 102 0.9936274037579175
0.4217785570495555 2
	a 103 158 0.9860390849711355
	a 158 103 0.9860390849711355
3.771533356219526 2
	a 103 274 0.8818636925252117
	a 274 103 0.8818636925252117
0.3981115513613038 2
	a 104 155 0.986817278310307
	a 155 104 0.986817278310307
0.4068472581547501 2
	a 105 136 0.9865299685964932
	a 136 105 0.9865299685964932
0.2701555345749592 2
	a 105 141 0.9910352407514
	a 141 105 0.9910352407514
1.385168937220699 2
	a 105 111 0.9548774246343368
	a 111 105 0.9548774246343368
0.5488408072586609 2
	a 106 174 0.9818716384555221
	a 174 106 0.9818716384555221
1.843510156679232 2
	a 107 303 0.940399646184204
	a 303 107 0.940399646184204
1.388046355412949 2
	a 107 260 0.954785842970619
	a 260 107 0.954785842970619
0.3981115513613038 2
	a 107 149 0.986817278310307
	a 149 107 0.986817278310307
0.6027356872459425 2
	a 107 167 0.9801092934817696
	a 167 107 0.9801092934817696
0.9056588220468618 2
	a 107 234 0.9702624981924419
	a 234 107 0.9702624981924419
0.8334447717998199 2
	a 108 217 0.9726008642713443
	a 217 108 0.9726008642713443
1.807723071719 2
	a 108 250 0.9415221209539136
	a 250 108 0.9415221209539136
0.1356157527182506 2
	a 109 121 0.9954896771040572
	a 121 109 0.9954896771040572
2.067695472571751 2
	a 110 303 0.9333983787298171
	a 303 110 0.9333983787298171
2.240482797908159 2
	a 110 200 0.9280378504264202
	a 200 110 0.9280378504264202
1.085368784576001 2
	a 110 262 0.9644676773982586
	a 262 110 0.9644676773982586
0.1917896373478611 2
	a 111 136 0.9936274037579175
	a 136 111 0.9936274037579175
0.7884591958105146 2
	a 111 141 0.9740603919623205
	a 141 111 0.9740603919623205
0.2354381640695419 2
	a 112 142 0.9921827758679332
	a 142 112 0.9921827758679332
1.328070587127958 2
	a 113 221 0.9566965527550114
	a 221 113 0.9566965527550114
0.5753689120435835 2
	a 113 186 0.981003782431322
	a 186 113 0.981003782431322
2.121520578254258 2
	a 113 196 0.9317252046122472
	a 196 113 0.9317252046122472
2.320928878043051 2
	a 113 252 0.9255526171274521
	a 252 113 0.9255526171274521
1.68098688698468 2
	a 113 157 0.9455080317264468
	a 157 113 0.9455080317264468
2.038610979204412 2
	a 114 209 0.9343037314861845
	a 209 114 0.9343037314861845
0.5424630108730013 2
	a 114 180 0.9820803998915988
	a 180 114 0.9820803998915988
1.342353371493264 2
	a 115 303 0.9562411848101144
	a 303 115 0.9562411848101144
0.6981164340668319 2
	a 115 202 0.9769981233187751
	a 202 115 0.9769981233187751
1.31660779220415 2
	a 116 174 0.9570621698134041
	a 174 116 0.9570621698134041
0.4217785570495555 2
	a 116 169 0.9860390849711355
	a 169 116 0.9860390849711355
1.754926729054513 2
	a 116 147 0.943180543987861
	a 147 116 0.943180543987861
1.545598435309036 2
	a 116 123 0.9497847036164766
	a 123 116 0.9497847036164766
0.4068472581547501 2
	a 116 155 0.9865299685964932
	a 155 116 0.9865299685964932
1.739940618792985 2
	a 116 144 0.9436518152744097
	a 144 116 0.9436518152744097
3.697805716638496 2
	a 117 183 0.884033615437374
	a 183 117 0.884033615437374
0.5488408072586609 2
	a 117 190 0.9818716384555221
	a 190 117 0.9818716384555221
2.820674875156118 2
	a 117 246 0.9102622848970527
	a 246 117 0.9102622848970527
1.328070587127958 2
	a 118 303 0.9566965527550114
	a 303 118 0.9566965527550114
0.9493102690277512 2
	a 118 177 0.9688517460642906
	a 177 118 0.9688517460642906
5.535737468506992 2
	a 119 450 0.8314994994916873
	a 450 119 0.8314994994916873
1.617838071728089 2
	a 120 303 0.9475003849705467
	a 303 120 0.9475003849705467
0.8493692481391316 2
	a 120 243 0.9720847292880961
	a 243 120 0.9720847292880961
0.3981115513613038 2
	a 121 174 0.986817278310307
	a 174 121 0.986817278310307
0.3981115513613038 2
	a 122 174 0.986817278310307
	a 174 122 0.986817278310307
0.3911042311720507 2
	a 123 174 0.9870478033865562
	a 174 123 0.9870478033865562
4.187634734985112 2
	a 123 256 0.8697166374217844
	a 256 123 0.8697166374217844
0.7884591958105146 2
	a 124 238 0.9740603919623205
	a 238 124 0.9740603919623205
2.206569809637366 2
	a 124 259 0.9290875281676677
	a 259 124 0.9290875281676677
4.64261950072807 2
	a 125 384 0.8566258957891186
	a 384 125 0.8566258957891186
0.7960384844779068 2
	a 125 242 0.9738143335497531
	a 242 125 0.9738143335497531
1.535867489711642 2
	a 126 132 0.9500928303625227
	a 132 126 0.9500928303625227
2.229340300269121 2
	a 126 150 0.9283826030977979
	a 150 126 0.9283826030977979
0.8753836449732832 2
	a 126 251 0.971242154728572
	a 251 126 0.971242154728572
3.49799525285554 2
	a 127 373 0.889941239239625
	a 373 127 0.889941239239625
0.7068004757790167 2
	a 128 221 0.9767153544984992
	a 221 128 0.9767153544984992
1.417846655846283 2
	a 129 303 0.9538378837074142
	a 303 129 0.9538378837074142
0.7068004757790167 2
	a 129 221 0.9767153544984992
	a 221 129 0.9767153544984992
1.766839587456341 2
	a 130 246 0.9428060857983084
	a 246 130 0.9428060857983084
0.7241308354215087 2
	a 130 152 0.9761512898261859
	a 152 130 0.9761512898261859
0.4217785570495555 2
	a 130 181 0.9860390849711355
	a 181 130 0.9860390849711355
1.250070526955394 2
	a 131 303 0.9591872021547203
	a 303 131 0.9591872021547203
0.69040501949209 2
	a 132 221 0.9772492901838444
	a 221 132 0.9772492901838444
1.880964506223909 2
	a 132 150 0.9392263102102096
	a 150 132 0.9392263102102096
4.241908783055418 2
	a 133 303 0.8681446250888629
	a 303 133 0.8681446250888629
0.9493102690277512 2
	a 133 266 0.9688517460642906
	a 266 133 0.9688517460642906
0.9569120473074697 2
	a 133 246 0.9686062772936068
	a 246 133 0.9686062772936068
5.067765256781342 2
	a 133 239 0.8445718144140031
	a 239 133 0.8445718144140031
3.721401203099287 2
	a 133 283 0.8833385820272626
	a 283 133 0.8833385820272626
0.6780787635912512 2
	a 134 226 0.9776509001783111
	a 226 134 0.9776509001783111
3.661625323392755 2
	a 134 232 0.8851004147233326
	a 232 134 0.8851004147233326
1.082484264638834 2
	a 134 179 0.9645604160647696
	a 179 134 0.9645604160647696
1.220541774464252 2
	a 135 303 0.9601317870014974
	a 303 135 0.9601317870014974
2.183788600840618 2
	a 136 141 0.9297933206795159
	a 141 136 0.9297933206795159
0.9422503163648673 2
	a 136 208 0.9690797744765537
	a 208 136 0.9690797744765537
0.4068472581547501 2
	a 136 188 0.9865299685964932
	a 188 136 0.9865299685964932
0.7671585448709205 2
	a 137 197 0.9747522415608111
	a 197 137 0.9747522415608111
1.208722079564016 2
	a 137 305 0.9605101436904928
	a 305 137 0.9605101436904928
0.4068472581547501 2
	a 138 191 0.9865299685964932
	a 191 138 0.9865299685964932
0.1356157527182506 2
	a 139 155 0.9954896771040572
	a 155 139 0.9954896771040572
0.5488408072586609 2
	a 140 164 0.9818716384555221
	a 164 140 0.9818716384555221
0.5488408072586609 2
	a 140 210 0.9818716384555221
	a 210 140 0.9818716384555221
0.9056588220468618 2
	a 141 273 0.9702624981924419
	a 273 141 0.9702624981924419
0.5488408072586609 2
	a 141 208 0.9818716384555221
	a 208 141 0.9818716384555221
1.057281840000934 2
	a 142 211 0.9653710652289879
	a 211 142 0.9653710652289879
4.155175127174624 2
	a 142 277 0.8706581687241097
	a 277 142 0.8706581687241097
0.8266086393752234 2
	a 142 258 0.9728225171346718
	a 258 142 0.9728225171346718
4.746551345138756 2
	a 142 184 0.8536633401726876
	a 184 142 0.8536633401726876
0.2701555345749592 2
	a 143 174 0.9910352407514
	a 174 143 0.9910352407514
0.2701555345749592 2
	a 144 174 0.9910352407514
	a 174 144 0.9910352407514
0.515017203330483 2
	a 145 210 0.9829792773240782
	a 210 145 0.9829792773240782
1.150737819566642 2
	a 146 303 0.9623684212895742
	a 303 146 0.9623684212895742
1.355312686248317 2
	a 146 282 0.9558281996667543
	a 282 146 0.9558281996667543
1.019987535126564 2
	a 147 297 0.9665719062439725
	a 297 147 0.9665719062439725
0.3403795954308141 2
	a 147 169 0.9887181364487514
	a 169 147 0.9887181364487514
0.1917896373478611 2
	a 148 166 0.9936274037579175
	a 166 148 0.9936274037579175
1.182149176375444 2
	a 148 231 0.9613613053674542
	a 231 148 0.9613613053674542
0.572507812946912 2
	a 149 234 0.9810973451939815
	a 234 149 0.9810973451939815
1.145338120153788 2
	a 150 303 0.9625416535524552
	a 303 150 0.9625416535524552
0.69040501949209 2
	a 150 251 0.9772492901838444
	a 251 150 0.9772492901838444
3.807047451190062 2
	a 151 197 0.8808203571679907
	a 197 151 0.8808203571679907
0.5488408072586609 2
	a 151 173 0.9818716384555221
	a 173 151 0.9818716384555221
3.38616584316741 2
	a 151 375 0.8932648167343004
	a 375 151 0.8932648167343004
1.984278394854708 2
	a 152 246 0.9359973692284843
	a 246 152 0.9359973692284843
1.220541774464252 2
	a 152 181 0.9601317870014974
	a 181 152 0.9601317870014974
0.5753689120435835 2
	a 152 238 0.981003782431322
	a 238 152 0.981003782431322
1.064816194648925 2
	a 153 303 0.9651286474055482
	a 303 153 0.9651286474055482
1.126737926931244 2
	a 153 214 0.9631386206197394
	a 214 153 0.9631386206197394
1.165489355260694 2
	a 154 303 0.96189532387708
	a 303 154 0.96189532387708
1.481545971607358 2
	a 154 329 0.9518147383324805
	a 329 154 0.9518147383324805
0.1356157527182506 2
	a 155 169 0.9954896771040572
	a 169 155 0.9954896771040572
0.5584702806293473 2
	a 156 238 0.9815565254712312
	a 238 156 0.9815565254712312
1.633168994081954 2
	a 156 259 0.9470163068427434
	a 259 156 0.9470163068427434
1.037314083966403 2
	a 157 303 0.9660138222426223
	a 303 157 0.9660138222426223
2.699253218621421 2
	a 157 252 0.9139539357807367
	a 252 157 0.9139539357807367
4.092406397667655 2
	a 157 189 0.872481746022215
	a 189 157 0.872481746022215
1.03110594740792 2
	a 158 303 0.9662137477855222
	a 303 158 0.9662137477855222
2.631686494193778 2
	a 158 274 0.9160146846677901
	a 274 158 0.9160146846677901
2.200873911858999 2
	a 159 337 0.929263944500881
	a 337 159 0.929263944500881
0.8678838813832842 2
	a 159 296 0.9714849879654753
	a 296 159 0.9714849879654753
4.223633999831525 2
	a 160 341 0.8686736246894048
	a 341 160 0.8686736246894048
4.500216098216819 2
	a 160 351 0.8607017765320907
	a 351 160 0.8607017765320907
0.1356157527182506 2
	a 160 180 0.9954896771040572
	a 180 160 0.9954896771040572
0.2701555345749592 2
	a 160 178 0.9910352407514
	a 178 160 0.9910352407514
5.502705724958935 2
	a 160 373 0.8324155329764469
	a 373 160 0.8324155329764469
0.4217785570495555 2
	a 161 221 0.9860390849711355
	a 221 161 0.9860390849711355
0.4068472581547501 2
	a 162 221 0.9865299685964932
	a 221 162 0.9865299685964932
0.1917896373478611 2
	a 163 194 0.9936274037579175
	a 194 163 0.9936274037579175
1.385168937220699 2
	a 164 329 0.9548774246343368
	a 329 164 0.9548774246343368
1.424114196624984 2
	a 164 210 0.9536386305941755
	a 210 164 0.9536386305941755
2.034236290773753 2
	a 165 337 0.9344399843445016
	a 337 165 0.9344399843445016
0.8266086393752234 2
	a 165 296 0.9728225171346718
	a 296 165 0.9728225171346718
3.93806739851337 2
	a 165 308 0.8769819105936183
	a 308 165 0.8769819105936183
0.4217785570495555 2
	a 166 231 0.9860390849711355
	a 231 166 0.9860390849711355
0.1917896373478611 2
	a 167 195 0.9936274037579175
	a 195 167 0.9936274037579175
0.9493102690277512 2
	a 168 303 0.9688517460642906
	a 303 168 0.9688517460642906
0.7884591958105146 2
	a 169 297 0.9740603919623205
	a 297 169 0.9740603919623205
1.453744046139253 2
	a 169 229 0.9526972232628116
	a 229 169 0.9526972232628116
0.9094841310632604 2
	a 170 303 0.9701387876170422
	a 303 170 0.9701387876170422
1.328070587127958 2
	a 170 254 0.9566965527550114
	a 254 170 0.9566965527550114
2.023593699922384 2
	a 171 337 0.934771538565241
	a 337 171 0.934771538565241
3.309422633626836 2
	a 171 250 0.8955528089178538
	a 250 171 0.8955528089178538
0.9493102690277512 2
	a 171 309 0.9688517460642906
	a 309 171 0.9688517460642906
3.203765535335847 2
	a 172 322 0.8987124199460248
	a 322 172 0.8987124199460248
0.6780787635912512 2
	a 172 279 0.9776509001783111
	a 279 172 0.9776509001783111
1.468948059271724 2
	a 172 257 0.9522145182209147
	a 257 172 0.9522145182209147
3.199625435034238 2
	a 173 375 0.8988364538230688
	a 375 173 0.8988364538230688
5.0334707181108 2
	a 173 396 0.8455378398237151
	a 396 173 0.8455378398237151
4.519541365581797 2
	a 173 391 0.8601475120079928
	a 391 173 0.8601475120079928
1.328070587127958 2
	a 174 303 0.9566965527550114
	a 303 174 0.9566965527550114
2.104789825580311 2
	a 174 329 0.9322449649970983
	a 329 174 0.9322449649970983
1.844499961812022 2
	a 174 320 0.9403686196161555
	a 320 174 0.9403686196161555
0.4217785570495555 2
	a 174 243 0.9860390849711355
	a 243 174 0.9860390849711355
1.813559847141291 2
	a 174 267 0.9413389570001015
	a 267 174 0.9413389570001015
1.027006667447879 2
	a 174 256 0.9663457828279073
	a 256 174 0.9663457828279073
2.087886402409477 2
	a 174 216 0.9327703840442803
	a 216 174 0.9327703840442803
2.533511339582877 2
	a 175 355 0.9190172577325233
	a 355 175 0.9190172577325233
0.4217785570495555 2
	a 175 212 0.9860390849711355
	a 212 175 0.9860390849711355
3.065108206077205 2
	a 175 344 0.9028758027241455
	a 344 175 0.9028758027241455
0.2701555345749592 2
	a 176 216 0.9910352407514
	a 216 176 0.9910352407514
0.8698684009391123 2
	a 177 303 0.9714207257257663
	a 303 177 0.9714207257257663
4.415518251769532 2
	a 178 351 0.8631351962360592
	a 351 178 0.8631351962360592
2.604665358339847 2
	a 178 358 0.9168401149209898
	a 358 178 0.9168401149209898
5.013828516731722 2
	a 178 373 0.8460916285818852
	a 373 178 0.8460916285818852
0.8493692481391316 2
	a 179 303 0.9720847292880961
	a 303 179 0.9720847292880961
2.71393317180066 2
	a 180 341 0.9135068184844999
	a 341 180 0.9135068184844999
0.1917896373478611 2
	a 180 209 0.9936274037579175
	a 209 180 0.9936274037579175
0.4068472581547501 2
	a 181 246 0.9865299685964932
	a 246 181 0.9865299685964932
4.562238177115101 2
	a 182 344 0.8589241975345762
	a 344 182 0.8589241975345762
0.7824456497750818 2
	a 182 299 0.9742556634331783
	a 299 182 0.9742556634331783
2.697435348223059 2
	a 183 303 0.9140093191188927
	a 303 183 0.9140093191188927
0.3002129760370238 2
	a 183 195 0.990042805211115
	a 195 183 0.990042805211115
3.120560953941737 2
	a 183 241 0.9012084460493199
	a 241 183 0.9012084460493199
0.4068472581547501 2
	a 183 247 0.9865299685964932
	a 247 183 0.9865299685964932
3.588918187830404 2
	a 183 190 0.8872481200918274
	a 190 183 0.8872481200918274
1.487138706482632 2
	a 184 258 0.9516373132884525
	a 258 184 0.9516373132884525
2.493265276481146 2
	a 184 356 0.9202509793063087
	a 356 184 0.9202509793063087
0.487629339878578 2
	a 185 260 0.9838770771494869
	a 260 185 0.9838770771494869
0.4068472581547501 2
	a 185 203 0.9865299685964932
	a 203 185 0.9865299685964932
0.9493102690277512 2
	a 185 285 0.9688517460642906
	a 285 185 0.9688517460642906
0.8266086393752234 2
	a 186 303 0.9728225171346718
	a 303 186 0.9728225171346718
2.576699301646753 2
	a 186 221 0.9176951934997476
	a 221 186 0.9176951934997476
1.847293601112768 2
	a 186 252 0.9402810553355041
	a 252 186 0.9402810553355041
0.8266086393752234 2
	a 187 303 0.9728225171346718
	a 303 187 0.9728225171346718
1.208722079564016 2
	a 187 284 0.9605101436904928
	a 284 187 0.9605101436904928
0.5424630108730013 2
	a 187 202 0.9820803998915988
	a 202 187 0.9820803998915988
0.1356157527182506 2
	a 188 208 0.9954896771040572
	a 208 188 0.9954896771040572
0.8266086393752234 2
	a 189 303 0.9728225171346718
	a 303 189 0.9728225171346718
1.465260119971778 2
	a 189 221 0.9523315823943176
	a 221 189 0.9523315823943176
0.2701555345749592 2
	a 189 230 0.9910352407514
	a 230 189 0.9910352407514
0.7884591958105146 2
	a 190 303 0.9740603919623205
	a 303 190 0.9740603919623205
3.091902470338413 2
	a 190 266 0.902069766301834
	a 266 190 0.902069766301834
2.441083548928503 2
	a 190 246 0.9218530484106888
	a 246 190 0.9218530484106888
0.7884591958105146 2
	a 191 303 0.9740603919623205
	a 303 191 0.9740603919623205
0.4217785570495555 2
	a 191 199 0.9860390849711355
	a 199 191 0.9860390849711355
1.2777003560333 2
	a 192 303 0.9583042028874746
	a 303 192 0.9583042028874746
0.487629339878578 2
	a 192 265 0.9838770771494869
	a 265 192 0.9838770771494869
1.875380545687836 2
	a 193 344 0.9394011465693822
	a 344 193 0.9394011465693822
1.027006667447879 2
	a 193 205 0.9663457828279073
	a 205 193 0.9663457828279073
0.7617588454580648 2
	a 194 301 0.974927702987868
	a 301 194 0.974927702987868
0.6027356872459425 2
	a 194 223 0.9801092934817696
	a 223 194 0.9801092934817696
0.2701555345749592 2
	a 195 241 0.9910352407514
	a 241 195 0.9910352407514
0.1917896373478611 2
	a 196 221 0.9936274037579175
	a 221 196 0.9936274037579175
1.756468616875567 2
	a 197 305 0.9431320692804533
	a 305 197 0.9431320692804533
1.362615323300689 2
	a 197 333 0.9555955591018436
	a 333 197 0.9555955591018436
5.298588565963209 2
	a 197 375 0.8380985207647254
	a 375 197 0.8380985207647254
1.465260119971778 2
	a 198 313 0.9523315823943176
	a 313 198 0.9523315823943176
3.920906626369651 2
	a 198 387 0.877483710325845
	a 387 198 0.877483710325845
1.756468616875567 2
	a 198 263 0.9431320692804533
	a 263 198 0.9431320692804533
2.556506482229538 2
	a 198 361 0.9183130965405737
	a 361 198 0.9183130965405737
0.7241308354215087 2
	a 199 303 0.9761512898261859
	a 303 199 0.9761512898261859
1.48645752663883 2
	a 199 274 0.9516589214056492
	a 274 199 0.9516589214056492
0.6981164340668319 2
	a 200 303 0.9769981233187751
	a 303 200 0.9769981233187751
0.4217785570495555 2
	a 200 262 0.9860390849711355
	a 262 200 0.9860390849711355
0.6981164340668319 2
	a 201 303 0.9769981233187751
	a 303 201 0.9769981233187751
0.6981164340668319 2
	a 202 303 0.9769981233187751
	a 303 202 0.9769981233187751
0.6981164340668319 2
	a 203 303 0.9769981233187751
	a 303 203 0.9769981233187751
0.4068472581547501 2
	a 203 260 0.9865299685964932
	a 260 203 0.9865299685964932
1.632950996279984 2
	a 203 284 0.9470231884501903
	a 284 203 0.9470231884501903
0.6981164340668319 2
	a 204 303 0.9769981233187751
	a 303 204 0.9769981233187751
1.756468616875567 2
	a 204 289 0.9431320692804533
	a 289 204 0.9431320692804533
1.784624015762082 2
	a 205 344 0.9422473425221973
	a 344 205 0.9422473425221973
1.277257733339577 2
	a 206 303 0.9583183418980348
	a 303 206 0.9583183418980348
0.487629339878578 2
	a 206 283 0.9838770771494869
	a 283 206 0.9838770771494869
0.6773268194476793 2
	a 207 303 0.9776754051143772
	a 303 207 0.9776754051143772
0.4068472581547501 2
	a 208 273 0.9865299685964932
	a 273 208 0.9865299685964932
0.8678838813832842 2
	a 209 318 0.9714849879654753
	a 318 209 0.9714849879654753
3.027825469226545 2
	a 209 341 0.9039985562671173
	a 341 209 0.9039985562671173
1.465260119971778 2
	a 210 337 0.9523315823943176
	a 337 210 0.9523315823943176
1.21946580360271 2
	a 211 332 0.9601662234132384
	a 332 211 0.9601662234132384
0.3897640175368631 2
	a 212 280 0.9870918995356759
	a 280 212 0.9870918995356759
0.9006357637435058 2
	a 213 278 0.9704249679635806
	a 278 213 0.9704249679635806
1.250070526955394 2
	a 213 334 0.9591872021547203
	a 334 213 0.9591872021547203
5.686884877495753 2
	a 213 456 0.827320735323299
	a 456 213 0.827320735323299
0.6027356872459425 2
	a 214 303 0.9801092934817696
	a 303 214 0.9801092934817696
0.6027356872459425 2
	a 215 303 0.9801092934817696
	a 303 215 0.9801092934817696
0.8296223875631548 2
	a 215 285 0.9727247939733642
	a 285 215 0.9727247939733642
0.6027356872459425 2
	a 216 303 0.9801092934817696
	a 303 216 0.9801092934817696
4.413904885405742 2
	a 217 296 0.8631816159273478
	a 296 217 0.8631816159273478
0.1917896373478611 2
	a 217 250 0.9936274037579175
	a 250 217 0.9936274037579175
1.153879263547335 2
	a 218 331 0.9622676523495237
	a 331 218 0.9622676523495237
0.5753689120435835 2
	a 219 303 0.981003782431322
	a 303 219 0.981003782431322
0.3897640175368631 2
	a 219 240 0.9870918995356759
	a 240 219 0.9870918995356759
0.5753689120435835 2
	a 220 303 0.981003782431322
	a 303 220 0.981003782431322
0.4068472581547501 2
	a 220 274 0.9865299685964932
	a 274 220 0.9865299685964932
0.559158074001358 2
	a 221 303 0.9815340221267772
	a 303 221 0.9815340221267772
0.6981164340668319 2
	a 222 303 0.9769981233187751
	a 303 222 0.9769981233187751
2.391083679933991 2
	a 222 283 0.9233907471887904
