0.5294379043957786 2
	a 0 26 0.9825068825271878
	a 26 0 0.9825068825271878
0.1516230224745966 2
	a 0 6 0.9949586497282615
	a 6 0 0.9949586497282615
6.814524084116939 2
	a 1 215 0.7968006134628115
	a 215 1 0.7968006134628115
6.696444921916338 2
	a 1 262 0.7999429784991859
	a 262 1 0.7999429784991859
0.487629339878578 2
	a 2 26 0.9838770771494869
	a 26 2 0.9838770771494869
0.6773268194476793 2
	a 2 3 0.9776754051143772
	a 3 2 0.9776754051143772
0.4518359985116184 2
	a 3 26 0.9850516526460312
	a 26 3 0.9850516526460312
3.912148787085363 2
	a 3 7 0.8777399097635711
	a 7 3 0.8777399097635711
1.355312686248317 2
	a 4 63 0.9558281996667543
	a 63 4 0.9558281996667543
2.528327463599425 2
	a 4 43 0.9191760738365359
	a 43 4 0.9191760738365359
2.159909754305571 2
	a 5 44 0.9305336950289786
	a 44 5 0.9305336950289786
2.075429932783403 2
	a 5 28 0.9331577653273327
	a 28 5 0.9331577653273327
0.4068472581547501 2
	a 5 11 0.9865299685964932
	a 11 5 0.9865299685964932
0.9589481822187813 2
	a 5 46 0.9685405390892792
	a 46 5 0.9685405390892792
1.783013673629581 2
	a 5 81 0.9422979218995169
	a 81 5 0.9422979218995169
0.4068472581547501 2
	a 6 26 0.9865299685964932
	a 26 6 0.9865299685964932
0.3403795954308141 2
	a 7 25 0.9887181364487514
	a 25 7 0.9887181364487514
0.6780787635912512 2
	a 8 39 0.9776509001783111
	a 39 8 0.9776509001783111
3.920906626369651 2
	a 9 108 0.877483710325845
	a 108 9 0.877483710325845
0.4217785570495555 2
	a 9 28 0.9860390849711355
	a 28 9 0.9860390849711355
5.219131454663966 2
	a 10 182 0.840321225875644
	a 182 10 0.840321225875644
2.051680644497453 2
	a 10 95 0.9338967855683178
	a 95 10 0.9338967855683178
3.422984317570741 2
	a 10 88 0.8921692009271852
	a 88 10 0.8921692009271852
6.102966551292472 2
	a 10 51 0.815925507203995
	a 51 10 0.815925507203995
0.4518359985116184 2
	a 11 31 0.9850516526460312
	a 31 11 0.9850516526460312
4.78658050440559 2
	a 12 206 0.8525250522265926
	a 206 12 0.8525250522265926
3.289650625369782 2
	a 12 70 0.8961432327119693
	a 70 12 0.8961432327119693
2.904319181587363 2
	a 12 56 0.9077278777679563
	a 56 12 0.9077278777679563
0.2712315054364995 2
	a 13 25 0.9909996972207403
	a 25 13 0.9909996972207403
2.712315054365003 2
	a 14 129 0.913556091857009
	a 129 14 0.913556091857009
2.872202342591871 2
	a 14 69 0.9087001764645048
	a 69 14 0.9087001764645048
0.7241308354215087 2
	a 15 47 0.9761512898261859
	a 47 15 0.9761512898261859
2.336062963172896 2
	a 16 112 0.9250858218093611
	a 112 16 0.9250858218093611
2.045198491790077 2
	a 16 97 0.9340985960895423
	a 97 16 0.9340985960895423
3.661625323392755 2
	a 16 53 0.8851004147233326
	a 53 16 0.8851004147233326
2.637660630291472 2
	a 16 122 0.9158322896161508
	a 122 16 0.9158322896161508
5.018550499022993 2
	a 16 38 0.8459584647392168
	a 38 16 0.8459584647392168
4.917695075360097 2
	a 17 57 0.8488072339319609
	a 57 17 0.8488072339319609
3.574407993929892 2
	a 17 161 0.8876773619651862
	a 161 17 0.8876773619651862
3.180123641164474 2
	a 17 47 0.8994209412198679
	a 47 17 0.8994209412198679
0.1917896373478611 2
	a 18 26 0.9936274037579175
	a 26 18 0.9936274037579175
0.1917896373478611 2
	a 19 26 0.9936274037579175
	a 26 19 0.9936274037579175
8.336629865869941 2
	a 20 258 0.757381899355134
	a 258 20 0.757381899355134
4.858317114874661 2
	a 20 174 0.850488912373437
	a 174 20 0.850488912373437
0.487629339878578 2
	a 20 34 0.9838770771494869
	a 34 20 0.9838770771494869
6.476780194401781 2
	a 20 207 0.8058217835488215
	a 207 20 0.8058217835488215
1.816060122445756 2
	a 20 92 0.9412605067176915
	a 92 20 0.9412605067176915
4.587302174233679 2
	a 20 170 0.8582068947638064
	a 170 20 0.8582068947638064
6.629630950806258 2
	a 20 101 0.8017265427806732
	a 101 20 0.8017265427806732
0.5575248444503217 2
	a 21 42 0.9815874592603586
	a 42 21 0.9815874592603586
0.754358709720538 2
	a 21 26 0.9751682192287419
	a 26 21 0.9751682192287419
3.758715484174031 2
	a 22 140 0.8822405602292571
	a 140 22 0.8822405602292571
4.568530418042895 2
	a 22 122 0.8587440644929248
	a 122 22 0.8587440644929248
3.86801273077371 2
	a 22 77 0.8790321927378616
	a 77 22 0.8790321927378616
0.2701555345749592 2
	a 22 30 0.9910352407514
	a 30 22 0.9910352407514
4.349082969566818 2
	a 22 59 0.865048735240482
	a 59 22 0.865048735240482
5.80631931120062 2
	a 23 248 0.8240335968398003
	a 248 23 0.8240335968398003
1.372164796938848 2
	a 23 37 0.9552914263561927
	a 37 23 0.9552914263561927
0.487629339878578 2
	a 23 36 0.9838770771494869
	a 36 23 0.9838770771494869
0.1917896373478611 2
	a 23 29 0.9936274037579175
	a 29 23 0.9936274037579175
6.168172390806818 2
	a 24 176 0.8141539961931772
	a 176 24 0.8141539961931772
0.487629339878578 2
	a 24 44 0.9838770771494869
	a 44 24 0.9838770771494869
0.3981115513613038 2
	a 25 40 0.986817278310307
	a 40 25 0.986817278310307
0.2701555345749592 2
	a 26 27 0.9910352407514
	a 27 26 0.9910352407514
0.5294379043957786 2
	a 26 52 0.9825068825271878
	a 52 26 0.9825068825271878
2.016230026740239 2
	a 26 42 0.9350010117971858
	a 42 26 0.9350010117971858
2.697435348223059 2
	a 27 139 0.9140093191188927
	a 139 27 0.9140093191188927
2.285230558113497 2
	a 27 72 0.9266546284445556
	a 72 27 0.9266546284445556
1.545598435309036 2
	a 27 52 0.9497847036164766
	a 52 27 0.9497847036164766
1.184441823962497 2
	a 28 78 0.9612878394187809
	a 78 28 0.9612878394187809
4.362286718154571 2
	a 28 108 0.8646680894786
	a 108 28 0.8646680894786
1.385168937220699 2
	a 29 36 0.9548774246343368
	a 36 29 0.9548774246343368
1.64751219978562 2
	a 29 95 0.946563640073117
	a 95 29 0.946563640073117
1.515971031398842 2
	a 29 88 0.950723155439782
	a 88 29 0.950723155439782
1.22222851799131 2
	a 30 79 0.9600778053165043
	a 79 30 0.9600778053165043
2.158675257670153 2
	a 30 77 0.9305719871740206
	a 77 30 0.9305719871740206
0.8272569866452942 2
	a 30 39 0.9728014931344119
	a 39 30 0.9728014931344119
0.2701555345749592 2
	a 31 44 0.9910352407514
	a 44 31 0.9910352407514
1.255322192733106 2
	a 32 61 0.9590193058306061
	a 61 32 0.9590193058306061
1.220541774464252 2
	a 32 82 0.9601317870014974
	a 82 32 0.9601317870014974
2.050281198422004 2
	a 32 35 0.9339403511908202
	a 35 32 0.9339403511908202
4.304177004544885 2
	a 33 208 0.8663445664492762
	a 208 33 0.8663445664492762
8.557350303252587 2
	a 33 56 0.7518300257952457
	a 56 33 0.7518300257952457
4.943938974732573 2
	a 33 125 0.8480650248991481
	a 125 33 0.8480650248991481
6.612044837936243 2
	a 33 176 0.8021966556739253
	a 176 33 0.8021966556739253
7.499693020081303 2
	a 34 203 0.7788087523188804
	a 203 34 0.7788087523188804
5.225875219199386 2
	a 34 219 0.8401323494893564
	a 219 34 0.8401323494893564
5.83491777127179 2
	a 34 174 0.8232484347424903
	a 174 34 0.8232484347424903
4.60214788602694 2
	a 34 179 0.8577823100862118
	a 179 34 0.8577823100862118
1.421085869743634 2
	a 34 92 0.9537348997696734
	a 92 34 0.9537348997696734
1.10463182239258 2
	a 35 82 0.9638485902664232
	a 82 35 0.9638485902664232
1.795910686507836 2
	a 36 37 0.9418929146810133
	a 37 36 0.9418929146810133
0.4068472581547501 2
	a 36 48 0.9865299685964932
	a 48 36 0.9865299685964932
1.255322192733106 2
	a 36 88 0.9590193058306061
	a 88 36 0.9590193058306061
2.556506482229538 2
	a 36 61 0.9183130965405737
	a 61 36 0.9183130965405737
5.328797042689076 2
	a 37 248 0.8372550228604938
	a 248 37 0.8372550228604938
1.830156796793081 2
	a 37 99 0.9408183225199648
	a 99 37 0.9408183225199648
5.83491777127179 2
	a 38 53 0.8232484347424903
	a 53 38 0.8232484347424903
1.027006667447879 2
	a 38 79 0.9663457828279073
	a 79 38 0.9663457828279073
1.017007035400675 2
	a 39 79 0.9666679399244199
	a 79 39 0.9666679399244199
1.933180707300893 2
	a 40 120 0.9375929710729461
	a 120 40 0.9375929710729461
1.126737926931244 2
	a 40 59 0.9631386206197394
	a 59 40 0.9631386206197394
3.759459567124471 2
	a 41 196 0.8822186784953202
	a 196 41 0.8822186784953202
2.359534492315178 2
	a 41 57 0.9243623322421839
	a 57 41 0.9243623322421839
3.621840584397044 2
	a 41 161 0.8862749763444756
	a 161 41 0.8862749763444756
4.549468209073992 2
	a 41 224 0.8592898898454483
	a 224 41 0.8592898898454483
0.6981164340668319 2
	a 42 72 0.9769981233187751
	a 72 42 0.9769981233187751
0.8241254245324514 2
	a 42 52 0.9729030447112115
	a 52 42 0.9729030447112115
0.5294379043957786 2
	a 43 63 0.9825068825271878
	a 63 43 0.9825068825271878
0.2701555345749592 2
	a 44 54 0.9910352407514
	a 54 44 0.9910352407514
1.607067595221909 2
	a 45 103 0.9478406137285205
	a 103 45 0.9478406137285205
0.6623180749170225 2
	a 45 71 0.9781646501663815
	a 71 45 0.9781646501663815
0.9493102690277512 2
	a 46 81 0.9688517460642906
	a 81 46 0.9688517460642906
2.034085142496823 2
	a 46 65 0.9344446923228126
	a 65 46 0.9344446923228126
4.399379217747845 2
	a 47 161 0.8635996601014052
	a 161 47 0.8635996601014052
4.463025245559152 2
	a 47 224 0.861769445952729
	a 224 47 0.861769445952729
6.11500685685818 2
	a 47 48 0.8155981064942798
	a 48 47 0.8155981064942798
1.385168937220699 2
	a 48 99 0.9548774246343368
	a 99 48 0.9548774246343368
8.030976162134344 2
	a 49 117 0.7651378958363915
	a 117 49 0.7651378958363915
3.312357851252894 2
	a 49 172 0.895465191791186
	a 172 49 0.895465191791186
3.700570939918522 2
	a 49 197 0.8839521341815384
	a 197 49 0.8839521341815384
3.484200282873288 2
	a 50 188 0.8903505570972479
	a 188 50 0.8903505570972479
12.12555112349584 2
	a 50 212 0.6675205935322955
	a 212 50 0.6675205935322955
8.470128286005204 2
	a 50 55 0.7540190775276118
	a 55 50 0.7540190775276118
3.399399870232219 2
	a 51 182 0.8928708539439028
	a 182 51 0.8928708539439028
4.151259995324677 2
	a 51 98 0.8707718008562544
	a 98 51 0.8707718008562544
0.5488408072586609 2
	a 52 72 0.9818716384555221
	a 72 52 0.9818716384555221
1.385168937220699 2
	a 53 112 0.9548774246343368
	a 112 53 0.9548774246343368
1.381814599110866 2
	a 53 81 0.9549841966612392
	a 81 53 0.9549841966612392
3.094573463272924 2
	a 54 176 0.901989455811292
	a 176 54 0.901989455811292
8.111150540629188 2
	a 54 150 0.7630958105916681
	a 150 54 0.7630958105916681
6.466394884715419 2
	a 55 212 0.8061007887977728
	a 212 55 0.8061007887977728
6.067250415973536 2
	a 55 181 0.8168974758661109
	a 181 55 0.8168974758661109
3.428182374441404 2
	a 55 196 0.8920146294439389
	a 196 55 0.8920146294439389
3.648982807036052 2
	a 55 200 0.8854734898769724
	a 200 55 0.8854734898769724
3.698525623820751 2
	a 56 206 0.8840124016202712
	a 206 56 0.8840124016202712
4.603173425910573 2
	a 56 225 0.8577529875883888
	a 225 56 0.8577529875883888
3.939994335620593 2
	a 56 208 0.8769255827697776
	a 208 56 0.8769255827697776
2.592183370349636 2
	a 57 161 0.9172216605330611
	a 161 57 0.9172216605330611
2.5686516911005 2
	a 58 152 0.9179414016386398
	a 152 58 0.9179414016386398
3.352142427509702 2
	a 58 108 0.8942784554215656
	a 108 58 0.8942784554215656
0.6623180749170225 2
	a 58 87 0.9781646501663815
	a 87 58 0.9781646501663815
0.2712315054364995 2
	a 58 74 0.9909996972207403
	a 74 58 0.9909996972207403
4.183107790748875 2
	a 59 140 0.8698478859480793
	a 140 59 0.8698478859480793
1.438672882198144 2
	a 59 120 0.9531759520373417
	a 120 59 0.9531759520373417
12.64893144290075 2
	a 60 230 0.6559760183518937
	a 230 60 0.6559760183518937
2.206569809637366 2
	a 60 87 0.9290875281676677
	a 87 60 0.9290875281676677
0.487629339878578 2
	a 60 80 0.9838770771494869
	a 80 60 0.9838770771494869
10.57570362966893 2
	a 60 115 0.7029120832908303
	a 115 60 0.7029120832908303
0.6780787635912512 2
	a 61 88 0.9776509001783111
	a 88 61 0.9776509001783111
2.010524034629345 2
	a 61 82 0.9351788656570947
	a 82 61 0.9351788656570947
0.9589481822187813 2
	a 62 101 0.9685405390892792
	a 101 62 0.9685405390892792
1.63627500166646 2
	a 63 131 0.9469182639238083
	a 131 63 0.9469182639238083
3.159829756367808 2
	a 63 96 0.9000295718868302
	a 96 63 0.9000295718868302
10.98316680936728 2
	a 64 171 0.6934295987012267
	a 171 64 0.6934295987012267
8.978324676970619 2
	a 64 154 0.7413536632312397
	a 154 64 0.7413536632312397
10.84766090088821 2
	a 64 388 0.6965688099832522
	a 388 64 0.6965688099832522
5.181866890324168 2
	a 64 133 0.8413656812405098
	a 133 64 0.8413656812405098
12.33669766284326 2
	a 64 163 0.6628389326908771
	a 163 64 0.6628389326908771
0.4261984914158477 2
	a 65 81 0.9858938214043831
	a 81 65 0.9858938214043831
2.974330954064437 2
	a 66 83 0.9056119597927637
	a 83 66 0.9056119597927637
4.412714233343177 2
	a 66 238 0.8632158749062311
	a 238 66 0.8632158749062311
0.487629339878578 2
	a 67 85 0.9838770771494869
	a 85 67 0.9838770771494869
0.99986533083179 2
	a 68 111 0.9672204422980087
	a 111 68 0.9672204422980087
1.712188283485123 2
	a 68 89 0.944525170559318
	a 89 68 0.944525170559318
9.775270941653552 2
	a 69 286 0.7219189783617505
	a 286 69 0.7219189783617505
1.381814599110866 2
	a 69 129 0.9549841966612392
	a 129 69 0.9549841966612392
6.490254957509764 2
	a 70 294 0.8054599228999947
	a 294 70 0.8054599228999947
4.485454572162318 2
	a 70 222 0.8611253897998297
	a 222 70 0.8611253897998297
0.7960384844779068 2
	a 71 103 0.9738143335497531
	a 103 71 0.9738143335497531
0.754358709720538 2
	a 71 73 0.9751682192287419
	a 73 71 0.9751682192287419
0.8136945163095008 2
	a 72 104 0.973241378938998
	a 104 72 0.973241378938998
1.875209981755642 2
	a 72 139 0.9394064875163473
	a 139 72 0.9394064875163473
1.356792294795199 2
	a 73 103 0.9557810591101373
	a 103 73 0.9557810591101373
2.255077037411157 2
	a 73 160 0.9275864933336478
	a 160 73 0.9275864933336478
0.3981115513613038 2
	a 74 87 0.986817278310307
	a 87 74 0.986817278310307
0.1917896373478611 2
	a 75 81 0.9936274037579175
	a 81 75 0.9936274037579175
3.694700120421774 2
	a 76 150 0.8841251352227359
	a 150 76 0.8841251352227359
2.184273549210764 2
	a 76 112 0.9297782907424808
	a 112 76 0.9297782907424808
0.1356157527182506 2
	a 76 81 0.9954896771040572
	a 81 76 0.9954896771040572
2.22352195954815 2
	a 76 91 0.9285626754360786
	a 91 76 0.9285626754360786
1.090487985406985 2
	a 77 122 0.9643031146479676
	a 122 77 0.9643031146479676
1.627389032619001 2
	a 77 79 0.9471987816790822
	a 79 77 0.9471987816790822
0.726203378641899 2
	a 78 107 0.9760838549643137
	a 107 78 0.9760838549643137
4.297993663066522 2
	a 78 108 0.8665231483289324
	a 108 78 0.8665231483289324
0.99986533083179 2
	a 79 122 0.9672204422980087
	a 122 79 0.9672204422980087
0.6981164340668319 2
	a 80 113 0.9769981233187751
	a 113 80 0.9769981233187751
1.392998929689093 2
	a 80 87 0.9546282343869431
	a 87 80 0.9546282343869431
0.6780787635912512 2
	a 81 112 0.9776509001783111
	a 112 81 0.9776509001783111
0.7068004757790167 2
	a 81 91 0.9767153544984992
	a 91 81 0.9767153544984992
0.1516230224745966 2
	a 82 88 0.9949586497282615
	a 88 82 0.9949586497282615
3.372397209764335 2
	a 83 159 0.8936748786867633
	a 159 83 0.8936748786867633
3.941954711051911 2
	a 83 238 0.8768682811964228
	a 238 83 0.8768682811964228
10.34851898606352 2
	a 83 303 0.7082553171379403
	a 303 83 0.7082553171379403
5.810566638357377 2
	a 84 178 0.8239169404221633
	a 178 84 0.8239169404221633
7.082327349899424 2
	a 84 173 0.7897194064436134
	a 173 84 0.7897194064436134
1.330050418899266 2
	a 84 137 0.9566334182306084
	a 137 84 0.9566334182306084
4.065361447687546 2
	a 84 242 0.8732686415007277
	a 242 84 0.8732686415007277
5.238265377242906 2
	a 85 271 0.8397854420453337
	a 271 85 0.8397854420453337
11.88953341906863 2
	a 86 168 0.6727928614198083
	a 168 86 0.6727928614198083
6.366882707960046 2
	a 86 171 0.8087791232627649
	a 171 86 0.8087791232627649
8.7277320085594 2
	a 86 347 0.7475721921262712
	a 347 86 0.7475721921262712
1.972151023975755 2
	a 87 152 0.9363758186245457
	a 152 87 0.9363758186245457
0.5308290191434861 2
	a 87 113 0.982461324256342
	a 113 87 0.982461324256342
0.1917896373478611 2
	a 88 95 0.9936274037579175
	a 95 88 0.9936274037579175
0.8185134729050157 2
	a 89 124 0.9730850578956706
	a 124 89 0.9730850578956706
1.642740432951527 2
	a 89 111 0.9467142114137903
	a 111 89 0.9467142114137903
0.5308290191434861 2
	a 90 114 0.982461324256342
	a 114 90 0.982461324256342
0.4068472581547501 2
	a 91 112 0.9865299685964932
	a 112 91 0.9865299685964932
2.161759639062626 2
	a 92 179 0.9304763174614163
	a 179 92 0.9304763174614163
2.017807540819533 2
	a 92 94 0.9349518471811529
	a 94 92 0.9349518471811529
5.333048017909581 2
	a 92 101 0.8371363929203939
	a 101 92 0.8371363929203939
2.876470314986717 2
	a 93 209 0.9085709087509619
	a 209 93 0.9085709087509619
2.671894268447994 2
	a 94 190 0.9147878099613074
	a 190 94 0.9147878099613074
2.11728015845984 2
	a 94 179 0.9318569107868723
	a 179 94 0.9318569107868723
1.73006200572298 2
	a 94 162 0.9439625988119702
	a 162 94 0.9439625988119702
3.661060379810606 2
	a 94 139 0.8851170826069008
	a 139 94 0.8851170826069008
3.898203075673438 2
	a 95 248 0.8781480281971299
	a 248 95 0.8781480281971299
4.457121362941889 2
	a 95 182 0.8619390554964972
	a 182 95 0.8619390554964972
2.413093054276768 2
	a 96 182 0.9227135538751992
	a 182 96 0.9227135538751992
2.319924670517324 2
	a 96 141 0.9255835992094423
	a 141 96 0.9255835992094423
0.7960384844779068 2
	a 96 131 0.9738143335497531
	a 131 96 0.9738143335497531
0.572507812946912 2
	a 96 98 0.9810973451939815
	a 98 96 0.9810973451939815
0.2712315054364995 2
	a 97 112 0.9909996972207403
	a 112 97 0.9909996972207403
5.009566900195153 2
	a 97 102 0.8462118277215877
	a 102 97 0.8462118277215877
3.892229075191496 2
	a 97 122 0.8783229141674886
	a 122 97 0.8783229141674886
2.146287170027124 2
	a 98 182 0.9309563334349872
	a 182 98 0.9309563334349872
3.065945900061222 2
	a 99 224 0.9028505919551871
	a 224 99 0.9028505919551871
6.990143961434073 2
	a 99 248 0.7921497722146197
	a 248 99 0.7921497722146197
1.617377570357635 2
	a 100 140 0.9475149292563669
	a 140 100 0.9475149292563669
0.6780787635912512 2
	a 100 121 0.9776509001783111
	a 121 100 0.9776509001783111
0.487629339878578 2
	a 100 122 0.9838770771494869
	a 122 100 0.9838770771494869
0.7068004757790167 2
	a 100 105 0.9767153544984992
	a 105 100 0.9767153544984992
3.188154584534717 2
	a 101 170 0.8991802001561048
	a 170 101 0.8991802001561048
2.256058904501888 2
	a 101 194 0.9275561349420619
	a 194 101 0.9275561349420619
1.428089202829759 2
	a 102 158 0.9535122816492002
	a 158 102 0.9535122816492002
1.127108817932829 2
	a 102 116 0.9631267133784222
	a 116 102 0.9631267133784222
1.957566648258504 2
	a 102 140 0.9368311445180222
	a 140 102 0.9368311445180222
0.9763801406626829 2
	a 102 121 0.9679779172841535
	a 121 102 0.9679779172841535
1.360345102038611 2
	a 102 122 0.9556678756165912
	a 122 102 0.9556678756165912
11.06818721788241 2
	a 103 209 0.6914671918332953
	a 209 103 0.6914671918332953
2.301626222344578 2
	a 103 130 0.9261483295374004
	a 130 103 0.9261483295374004
1.494593721394759 2
	a 103 160 0.9514008603236256
	a 160 103 0.9514008603236256
1.48777868626076 2
	a 104 162 0.9516170125504337
	a 162 104 0.9516170125504337
1.500957395660036 2
	a 104 139 0.9511990682210089
	a 139 104 0.9511990682210089
0.3981115513613038 2
	a 105 122 0.986817278310307
	a 122 105 0.986817278310307
3.039604547208841 2
	a 106 226 0.9036436836232137
	a 226 106 0.9036436836232137
1.111936995459528 2
	a 106 143 0.9636139161477594
	a 143 106 0.9636139161477594
0.5424630108730013 2
	a 106 114 0.9820803998915988
	a 114 106 0.9820803998915988
2.69429133206359 2
	a 107 213 0.9141051128073939
	a 213 107 0.9141051128073939
3.614319868173251 2
	a 107 227 0.8864971849492207
	a 227 107 0.8864971849492207
3.30072683402889 2
	a 107 108 0.8958124314683215
	a 108 107 0.8958124314683215
5.804515725661544 2
	a 108 227 0.8240831388316382
	a 227 108 0.8240831388316382
1.057281840000934 2
	a 108 152 0.9653710652289879
	a 152 108 0.9653710652289879
2.297112274617977 2
	a 109 133 0.9262876928600038
	a 133 109 0.9262876928600038
10.19953442682489 2
	a 109 399 0.7117813688872932
	a 399 109 0.7117813688872932
12.24601251652921 2
	a 109 384 0.6648456189599502
	a 384 109 0.6648456189599502
7.256507304359447 2
	a 109 156 0.7851475816154666
	a 156 109 0.7851475816154666
13.32077111789822 2
	a 109 296 0.6414489328569872
	a 296 109 0.6414489328569872
1.045093975455218 2
	a 110 153 0.9657633386324899
	a 153 110 0.9657633386324899
1.545598435309036 2
	a 111 166 0.9497847036164766
	a 166 111 0.9497847036164766
0.4217785570495555 2
	a 111 124 0.9860390849711355
	a 124 111 0.9860390849711355
0.9779391025070049 2
	a 112 150 0.9679276172364559
	a 150 112 0.9679276172364559
1.058859358600752 2
	a 112 116 0.9653203035365874
	a 116 112 0.9653203035365874
1.025590215157039 2
	a 113 152 0.9663914099949715
	a 152 113 0.9663914099949715
1.654092624187943 2
	a 113 144 0.9463560364934274
	a 144 113 0.9463560364934274
0.726203378641899 2
	a 114 143 0.9760838549643137
	a 143 114 0.9760838549643137
5.084869472635648 2
	a 114 155 0.8440904270356635
	a 155 114 0.8440904270356635
11.4684635763812 2
	a 115 230 0.6823025353960668
	a 230 115 0.6823025353960668
0.3002129760370238 2
	a 115 129 0.990042805211115
	a 129 115 0.990042805211115
0.8753836449732832 2
	a 116 150 0.971242154728572
	a 150 116 0.971242154728572
1.79148558970189 2
	a 116 158 0.942031857172271
	a 158 116 0.942031857172271
3.976478670891326 2
	a 117 262 0.8758597627644057
	a 262 117 0.8758597627644057
9.222094516862587 2
	a 117 197 0.7353540827287498
	a 197 117 0.7353540827287498
10.33738095470328 2
	a 117 209 0.7085183182879484
	a 209 117 0.7085183182879484
3.514600949723382 2
	a 118 252 0.8894487723998163
	a 252 118 0.8894487723998163
3.422244963089545 2
	a 118 230 0.892191188841355
	a 230 118 0.892191188841355
4.462336177399063 2
	a 119 166 0.861789240109605
	a 166 119 0.861789240109605
4.935630367149686 2
	a 119 188 0.8482999320767278
	a 188 119 0.8482999320767278
4.602520711813265 2
	a 119 196 0.8577716500403091
	a 196 119 0.8577716500403091
0.487629339878578 2
	a 119 142 0.9838770771494869
	a 142 119 0.9838770771494869
0.4518359985116184 2
	a 120 140 0.9850516526460312
	a 140 120 0.9850516526460312
0.4518359985116184 2
	a 121 140 0.9850516526460312
	a 140 121 0.9850516526460312
1.385168937220699 2
	a 121 122 0.9548774246343368
	a 122 121 0.9548774246343368
0.4151947874586657 2
	a 122 140 0.9862555038559035
	a 140 122 0.9862555038559035
0.6623180749170225 2
	a 123 151 0.9781646501663815
	a 151 123 0.9781646501663815
2.118200225452055 2
	a 123 187 0.931828332198942
	a 187 123 0.931828332198942
1.208722079564016 2
	a 124 166 0.9605101436904928
	a 166 124 0.9605101436904928
8.575635497245765 2
	a 125 307 0.7513719201562171
	a 307 125 0.7513719201562171
1.867041682230517 2
	a 125 126 0.939662300792954
	a 126 125 0.939662300792954
5.068660763760741 2
	a 125 289 0.8445466041251244
	a 289 125 0.8445466041251244
1.604933260944054 2
	a 125 176 0.9479080497510697
	a 176 125 0.9479080497510697
1.726106731610226 2
	a 126 195 0.9440870613775323
	a 195 126 0.9440870613775323
6.168386265889906 2
	a 127 173 0.8141481919720808
	a 173 127 0.8141481919720808
3.257600943295035 2
	a 127 218 0.89710111447436
	a 218 127 0.89710111447436
3.090224428822154 2
	a 127 242 0.9021202247302903
	a 242 127 0.9021202247302903
4.124710806810729 2
	a 127 267 0.8715427514309263
	a 267 127 0.8715427514309263
2.604665358339847 2
	a 128 229 0.9168401149209898
	a 229 128 0.9168401149209898
1.843510156679232 2
	a 128 177 0.940399646184204
	a 177 128 0.940399646184204
1.515971031398842 2
	a 128 162 0.950723155439782
	a 162 128 0.950723155439782
4.753921785546961 2
	a 129 280 0.8534536367746021
	a 280 129 0.8534536367746021
3.727679141085697 2
	a 129 230 0.8831537498727181
	a 230 129 0.8831537498727181
1.385168937220699 2
	a 130 160 0.9548774246343368
	a 160 130 0.9548774246343368
0.3981115513613038 2
	a 130 149 0.986817278310307
	a 149 130 0.986817278310307
0.1917896373478611 2
	a 131 141 0.9936274037579175
	a 141 131 0.9936274037579175
1.220541774464252 2
	a 132 178 0.9601317870014974
	a 178 132 0.9601317870014974
13.39547734718929 2
	a 133 388 0.6398535790273366
	a 388 133 0.6398535790273366
9.634044462370163 2
	a 133 399 0.7253254593474973
	a 399 133 0.7253254593474973
7.720013404555002 2
	a 133 163 0.7731101218810057
	a 163 133 0.7731101218810057
0.9493102690277512 2
	a 134 166 0.9688517460642906
	a 166 134 0.9688517460642906
0.2701555345749592 2
	a 135 146 0.9910352407514
	a 146 135 0.9910352407514
3.463679390868148 2
	a 135 239 0.8909597916950798
	a 239 135 0.8909597916950798
2.413936864531231 2
	a 135 187 0.9226876010682319
	a 187 135 0.9226876010682319
0.4068472581547501 2
	a 136 153 0.9865299685964932
	a 153 136 0.9865299685964932
2.817142988902825 2
	a 137 242 0.9103694559672267
	a 242 137 0.9103694559672267
6.1980099042027 2
	a 137 138 0.8133446543800894
	a 138 137 0.8133446543800894
2.816826972555314 2
	a 138 242 0.9103790457387474
	a 242 138 0.9103790457387474
4.668750337247507 2
	a 138 229 0.855880075609986
	a 229 138 0.855880075609986
0.6623180749170225 2
	a 139 162 0.9781646501663815
	a 162 139 0.9781646501663815
0.5424630108730013 2
	a 140 158 0.9820803998915988
	a 158 140 0.9820803998915988
3.347049269423765 2
	a 140 207 0.8944302916948469
	a 207 140 0.8944302916948469
3.283419705364841 2
	a 140 194 0.8963293786021692
	a 194 140 0.8963293786021692
1.165489355260694 2
	a 141 182 0.96189532387708
	a 182 141 0.96189532387708
1.220770282487056 2
	a 141 164 0.9601244737688071
	a 164 141 0.9601244737688071
0.9056588220468618 2
	a 141 148 0.9702624981924419
	a 148 141 0.9702624981924419
1.356157527182502 2
	a 142 196 0.9558012826194622
	a 196 142 0.9558012826194622
0.6981164340668319 2
	a 143 165 0.9769981233187751
	a 165 143 0.9769981233187751
0.1917896373478611 2
	a 144 152 0.9936274037579175
	a 152 144 0.9936274037579175
1.768027563368052 2
	a 144 198 0.942768752173526
	a 198 144 0.942768752173526
4.578997237317166 2
	a 145 200 0.8584445061221556
	a 200 145 0.8584445061221556
7.975821985910994 2
	a 145 333 0.7665458747164716
	a 333 145 0.7665458747164716
1.841776535306984 2
	a 145 183 0.9404539909852466
	a 183 145 0.9404539909852466
7.980798071438135 2
	a 145 236 0.7664187386663251
	a 236 145 0.7664187386663251
2.722745962587952 2
	a 145 248 0.9132385064135962
	a 248 145 0.9132385064135962
1.766150822171435 2
	a 146 151 0.9428277317835341
	a 151 146 0.9428277317835341
1.075086642313258 2
	a 146 187 0.9647982938480059
	a 187 146 0.9647982938480059
0.5769277473132041 2
	a 147 163 0.9809528096457802
	a 163 147 0.9809528096457802
0.9569120473074697 2
	a 147 178 0.9686062772936068
	a 178 147 0.9686062772936068
0.572507812946912 2
	a 148 164 0.9810973451939815
	a 164 148 0.9810973451939815
0.4068472581547501 2
	a 149 160 0.9865299685964932
	a 160 149 0.9865299685964932
0.754358709720538 2
	a 150 176 0.9751682192287419
	a 176 150 0.9751682192287419
1.438775190721994 2
	a 150 158 0.9531727014420637
	a 158 150 0.9531727014420637
0.9493102690277512 2
	a 151 187 0.9688517460642906
	a 187 151 0.9688517460642906
2.593248460307285 2
	a 152 227 0.9171890969917972
	a 227 152 0.9171890969917972
4.079985748682397 2
	a 152 252 0.8728430471274036
	a 252 152 0.8728430471274036
1.127108817932829 2
	a 152 198 0.9631267133784222
	a 198 152 0.9631267133784222
0.4068472581547501 2
	a 153 163 0.9865299685964932
	a 163 153 0.9865299685964932
0.572507812946912 2
	a 154 171 0.9810973451939815
	a 171 154 0.9810973451939815
2.18362772891422 2
	a 155 228 0.9297983066143058
	a 228 155 0.9297983066143058
1.763004785337253 2
	a 155 217 0.942926609327066
	a 217 155 0.942926609327066
0.3002129760370238 2
	a 155 164 0.990042805211115
	a 164 155 0.990042805211115
1.034095167226709 2
	a 156 163 0.9661174784056386
	a 163 156 0.9661174784056386
0.726203378641899 2
	a 156 185 0.9760838549643137
	a 185 156 0.9760838549643137
0.5143760708184569 2
	a 157 178 0.9830002848809992
	a 178 157 0.9830002848809992
6.727704375520521 2
	a 157 251 0.7991098865937782
	a 251 157 0.7991098865937782
2.823321186023633 2
	a 157 173 0.9101819938724612
	a 173 157 0.9101819938724612
8.086710018851635 2
	a 157 328 0.763717745890227
	a 328 157 0.763717745890227
2.556506482229538 2
	a 158 176 0.9183130965405737
	a 176 158 0.9183130965405737
0.6780787635912512 2
	a 158 186 0.9776509001783111
	a 186 158 0.9776509001783111
3.13174608013238 2
	a 158 207 0.9008725043392807
	a 207 158 0.9008725043392807
3.549209958721852 2
	a 159 276 0.8884232660239521
	a 276 159 0.8884232660239521
11.67518092332694 2
	a 159 303 0.6776172371436013
	a 303 159 0.6776172371436013
0.2591518306177774 2
	a 160 169 0.9913988093706936
	a 169 160 0.9913988093706936
1.533585185085995 2
	a 161 224 0.9501651131540614
	a 224 161 0.9501651131540614
0.3981115513613038 2
	a 162 177 0.986817278310307
	a 177 162 0.986817278310307
0.4518359985116184 2
	a 163 185 0.9850516526460312
	a 185 163 0.9850516526460312
1.932052162732547 2
	a 163 178 0.9376282422515211
	a 178 163 0.9376282422515211
0.4217785570495555 2
	a 164 182 0.9860390849711355
	a 182 164 0.9860390849711355
6.463624697898845 2
	a 165 286 0.8061752272271244
	a 286 165 0.8061752272271244
0.3981115513613038 2
	a 165 184 0.986817278310307
	a 184 165 0.986817278310307
3.065108206077205 2
	a 165 226 0.9028758027241455
	a 226 165 0.9028758027241455
0.4068472581547501 2
	a 166 188 0.9865299685964932
	a 188 166 0.9865299685964932
0.4362744118444816 2
	a 167 189 0.9855627507483367
	a 189 167 0.9855627507483367
3.621229585705272 2
	a 168 281 0.8862930269566599
	a 281 168 0.8862930269566599
9.898825974114786 2
	a 168 304 0.718951868484862
	a 304 168 0.718951868484862
11.53556750301164 2
	a 168 243 0.6807780683512553
	a 243 168 0.6807780683512553
10.93614659928099 2
	a 168 326 0.6945172910509746
	a 326 168 0.6945172910509746
14.02631577372497 2
	a 168 347 0.6265392486488013
	a 347 168 0.6265392486488013
4.266136803989514 2
	a 169 301 0.8674437939178098
	a 301 169 0.8674437939178098
0.9589481822187813 2
	a 170 207 0.9685405390892792
	a 207 170 0.9685405390892792
0.4518359985116184 2
	a 170 194 0.9850516526460312
	a 194 170 0.9850516526460312
10.34095964647336 2
	a 171 347 0.7084338043730491
	a 347 171 0.7084338043730491
8.09259883907929 2
	a 171 388 0.7635678473857902
	a 388 171 0.7635678473857902
0.4498654971040983 2
	a 172 197 0.9851163562932524
	a 197 172 0.9851163562932524
0.9212233289732074 2
	a 172 209 0.9697592401739961
	a 209 172 0.9697592401739961
5.433063256779137 2
	a 173 328 0.8343501600533096
	a 328 173 0.8343501600533096
3.009435543708067 2
	a 173 218 0.9045528750183874
	a 218 173 0.9045528750183874
7.622030548560932 2
	a 173 242 0.7756393011608437
	a 242 173 0.7756393011608437
4.04539436973178 2
	a 174 254 0.8738500557330254
	a 254 174 0.8738500557330254
0.6780787635912512 2
	a 174 203 0.9776509001783111
	a 203 174 0.9776509001783111
4.944327902629269 2
	a 174 258 0.8480540304322027
	a 258 174 0.8480540304322027
4.173913955860647 2
	a 175 259 0.8701145013943418
	a 259 175 0.8701145013943418
5.348692081556999 2
	a 175 250 0.8366999662213207
	a 250 175 0.8366999662213207
3.721300454156593 2
	a 175 291 0.8833415485465165
	a 291 175 0.8833415485465165
0.4068472581547501 2
	a 175 193 0.9865299685964932
	a 193 175 0.9865299685964932
2.801193373923483 2
	a 176 270 0.9108535860610207
	a 270 176 0.9108535860610207
3.962207698658081 2
	a 176 258 0.8762765075575907
	a 258 176 0.8762765075575907
2.671253212784895 2
	a 176 186 0.9148073578336982
	a 186 176 0.9148073578336982
1.228984903832783 2
	a 177 229 0.9598616077929645
	a 229 177 0.9598616077929645
0.1516230224745966 2
	a 178 185 0.9949586497282615
	a 185 178 0.9949586497282615
3.179448491701141 2
	a 178 202 0.8994411828998289
	a 202 178 0.8994411828998289
6.734303157775234 2
	a 178 199 0.7989341341857107
	a 199 178 0.7989341341857107
6.770243863739623 2
	a 178 251 0.7979775654026878
	a 251 178 0.7979775654026878
0.649991823536707 2
	a 179 205 0.9785666361893822
	a 205 179 0.9785666361893822
1.648983906454645 2
	a 179 190 0.9465172057446963
	a 190 179 0.9465172057446963
0.487629339878578 2
	a 180 201 0.9838770771494869
	a 201 180 0.9838770771494869
1.856596163670476 2
	a 180 240 0.9399895330916023
	a 240 180 0.9399895330916023
5.828395896710441 2
	a 180 334 0.8234274249651223
	a 334 180 0.8234274249651223
7.850300796266852 2
	a 180 332 0.7697598520691527
	a 332 180 0.7697598520691527
2.255077037411157 2
	a 181 212 0.9275864933336478
	a 212 181 0.9275864933336478
1.392998929689093 2
	a 181 235 0.9546282343869431
	a 235 181 0.9546282343869431
2.473880297500248 2
	a 181 261 0.9208458063271339
	a 261 181 0.9208458063271339
7.332075276828013 2
	a 181 351 0.7831723367197031
	a 351 181 0.7831723367197031
1.708642085249394 2
	a 182 248 0.9446368262748576
	a 248 182 0.9446368262748576
4.049271312185764 2
	a 183 235 0.8737371341503742
	a 235 183 0.8737371341503742
4.287065582973581 2
	a 183 261 0.8668388536385674
	a 261 183 0.8668388536385674
2.637660630291472 2
	a 183 200 0.9158322896161508
	a 200 183 0.9158322896161508
5.69326785440317 2
	a 183 333 0.8271447284098108
	a 333 183 0.8271447284098108
8.486109151374496 2
	a 184 401 0.7536175219117498
	a 401 184 0.7536175219117498
4.288546651650068 2
	a 184 273 0.8667960597657977
	a 273 184 0.8667960597657977
3.528554870408871 2
	a 184 272 0.8890351586786952
	a 272 184 0.8890351586786952
4.137675519072744 2
	a 184 268 0.8711661894372069
	a 268 184 0.8711661894372069
3.546363067635541 2
	a 184 226 0.8885075781669107
	a 226 184 0.8885075781669107
2.455712655241525 2
	a 185 231 0.9214036284547936
	a 231 185 0.9214036284547936
0.4217785570495555 2
	a 185 202 0.9860390849711355
	a 202 185 0.9860390849711355
2.033355190707818 2
	a 186 258 0.9344674292519221
	a 258 186 0.9344674292519221
0.5424630108730013 2
	a 186 207 0.9820803998915988
	a 207 186 0.9820803998915988
1.4107841807304 2
	a 187 239 0.9540624586845724
	a 239 187 0.9540624586845724
7.864271696044581 2
	a 187 263 0.7694014609348675
	a 263 187 0.7694014609348675
0.1356157527182506 2
	a 188 196 0.9954896771040572
	a 196 188 0.9954896771040572
0.3981115513613038 2
	a 189 204 0.986817278310307
	a 204 189 0.986817278310307
1.766150822171435 2
	a 189 233 0.9428277317835341
	a 233 189 0.9428277317835341
0.9849989873620122 2
	a 190 229 0.9676998621187332
	a 229 190 0.9676998621187332
1.127108817932829 2
	a 190 205 0.9631267133784222
	a 205 190 0.9631267133784222
3.304337400021385 2
	a 191 284 0.8957046249591364
	a 284 191 0.8957046249591364
1.540389556301305 2
	a 191 244 0.9499496283874329
	a 244 191 0.9499496283874329
1.57306112249224 2
	a 191 246 0.9489156467808723
	a 246 191 0.9489156467808723
2.285230558113497 2
	a 191 265 0.9266546284445556
	a 265 191 0.9266546284445556
3.775183187492956 2
	a 192 204 0.8817564105952304
	a 204 192 0.8817564105952304
2.073285431844619 2
	a 192 259 0.9332244729683403
	a 259 192 0.9332244729683403
4.344881742724935 2
	a 193 311 0.8651698859221766
	a 311 193 0.8651698859221766
3.389481395171965 2
	a 193 291 0.8931660999909516
	a 291 193 0.8931660999909516
0.3835792746957232 2
	a 194 207 0.9872954174986995
	a 207 194 0.9872954174986995
1.588984649521283 2
	a 195 249 0.9484121109621378
	a 249 195 0.9484121109621378
0.1917896373478611 2
	a 196 200 0.9936274037579175
	a 200 196 0.9936274037579175
0.3911042311720507 2
	a 197 209 0.9870478033865562
	a 209 197 0.9870478033865562
1.583572297158699 2
	a 198 252 0.9485832310820291
	a 252 198 0.9485832310820291
5.171934582457135 2
	a 199 202 0.8416442841232863
	a 202 199 0.8416442841232863
2.968623592234441 2
	a 199 282 0.9057842646867539
	a 282 199 0.9057842646867539
5.331449180513435 2
	a 199 279 0.8371810089416352
	a 279 199 0.8371810089416352
5.155159845074057 2
	a 199 251 0.8421150277822466
	a 251 199 0.8421150277822466
0.9708242887516226 2
	a 200 235 0.9681571986167036
	a 235 200 0.9681571986167036
1.18272896536199 2
	a 200 224 0.9613427259904254
	a 224 200 0.9613427259904254
2.101306589218044 2
	a 201 232 0.932353212266511
	a 232 201 0.932353212266511
0.4498654971040983 2
	a 201 216 0.9851163562932524
	a 216 201 0.9851163562932524
5.880092002334703 2
	a 201 334 0.8220097137805605
	a 334 201 0.8220097137805605
1.903185445661449 2
	a 202 231 0.9385308847602067
	a 231 202 0.9385308847602067
2.883031292090099 2
	a 202 282 0.908372226713255
	a 282 202 0.908372226713255
1.441427748955187 2
	a 203 255 0.9530884269646057
	a 255 203 0.9530884269646057
3.404320823435353 2
	a 203 254 0.8927244067656029
	a 254 203 0.8927244067656029
4.429363010815132 2
	a 203 219 0.8627369581744383
	a 219 203 0.8627369581744383
1.694756523944324 2
	a 204 259 0.9450741545616046
	a 259 204 0.9450741545616046
2.453202868752269 2
	a 204 233 0.9214807158918936
	a 233 204 0.9214807158918936
1.739940618792985 2
	a 204 250 0.9436518152744097
	a 250 204 0.9436518152744097
2.031806418127049 2
	a 205 229 0.934515673081625
	a 229 205 0.934515673081625
3.162466384270581 2
	a 205 237 0.8999504739266606
	a 237 205 0.8999504739266606
0.4068472581547501 2
	a 205 219 0.9865299685964932
	a 219 205 0.9865299685964932
0.3981115513613038 2
	a 206 221 0.986817278310307
	a 221 206 0.986817278310307
3.223599519991894 2
	a 206 225 0.8981184480365754
	a 225 206 0.8981184480365754
1.502204188123702 2
	a 207 258 0.9511595374481356
	a 258 207 0.9511595374481356
0.4518359985116184 2
	a 208 225 0.9850516526460312
	a 225 208 0.9850516526460312
5.197252822947861 2
	a 208 249 0.8409342853509854
	a 249 208 0.8409342853509854
2.753101957609101 2
	a 209 285 0.9123148983246498
	a 285 209 0.9123148983246498
7.038331203839325 2
	a 210 375 0.790878409775632
	a 375 210 0.790878409775632
0.3002129760370238 2
	a 210 222 0.990042805211115
	a 222 210 0.990042805211115
0.1356157527182506 2
	a 211 215 0.9954896771040572
	a 215 211 0.9954896771040572
4.339704086984006 2
	a 211 262 0.8653192172024627
	a 262 211 0.8653192172024627
5.00236351579167 2
	a 212 325 0.846415038420086
	a 325 212 0.846415038420086
7.491584477377353 2
	a 212 397 0.7790192809031452
	a 397 212 0.7790192809031452
7.44434191170291 2
	a 212 351 0.7802470096516886
	a 351 212 0.7802470096516886
1.207341673940248 2
	a 213 256 0.9605543411607935
	a 256 213 0.9605543411607935
4.886763377907084 2
	a 214 236 0.8496828535462702
	a 236 214 0.8496828535462702
0.9056588220468618 2
	a 214 248 0.9702624981924419
	a 248 214 0.9702624981924419
1.469582609899217 2
	a 215 262 0.9521943774899192
	a 262 215 0.9521943774899192
1.40114626753937 2
	a 216 262 0.9543690136296223
	a 262 216 0.9543690136296223
1.488143266609318 2
	a 216 244 0.9516054479253001
	a 244 216 0.9516054479253001
2.157772368673279 2
	a 216 232 0.9305999943690755
	a 232 216 0.9305999943690755
0.1917896373478611 2
	a 217 228 0.9936274037579175
	a 228 217 0.9936274037579175
5.226764234704754 2
	a 218 328 0.8401074535020651
	a 328 218 0.8401074535020651
5.283923987089801 2
	a 218 316 0.8385082996391909
	a 316 218 0.8385082996391909
1.493347064546847 2
	a 218 267 0.9514403968250151
	a 267 218 0.9514403968250151
1.009070534840621 2
	a 219 255 0.9669237057759118
	a 255 219 0.9669237057759118
4.137892386743439 2
	a 219 234 0.8711598918672262
	a 234 219 0.8711598918672262
3.574450007690083 2
	a 220 313 0.8876761188105963
	a 313 220 0.8876761188105963
3.058282665242896 2
	a 220 295 0.9030812466163474
	a 295 220 0.9030812466163474
2.883031292090099 2
	a 220 221 0.908372226713255
	a 221 220 0.908372226713255
3.562345781899594 2
	a 221 313 0.8880343454790415
	a 313 221 0.8880343454790415
4.855578386392192 2
	a 221 294 0.8505665578578262
	a 294 221 0.8505665578578262
5.055571407060406 2
	a 221 295 0.8449151702492169
	a 295 221 0.8449151702492169
4.107104351577807 2
	a 221 225 0.8720543941677114
	a 225 221 0.8720543941677114
8.093535541603844 2
	a 222 362 0.7635440065603111
	a 362 222 0.7635440065603111
9.049500597671653 2
	a 222 294 0.7395968637674472
	a 294 222 0.7395968637674472
1.088420984350353 2
	a 222 257 0.9643695574554602
	a 257 222 0.9643695574554602
4.939140600087794 2
	a 222 256 0.8482006802046953
	a 256 222 0.8482006802046953
1.533956076087579 2
	a 223 268 0.9501533663036585
	a 268 223 0.9501533663036585
0.6623180749170225 2
	a 223 226 0.9781646501663815
	a 226 223 0.9781646501663815
3.539074620511426 2
	a 223 266 0.8887234657406965
	a 266 223 0.8887234657406965
0.7241308354215087 2
	a 224 248 0.9761512898261859
	a 248 224 0.9761512898261859
2.722378276638658 2
	a 225 295 0.913249699314426
	a 295 225 0.913249699314426
5.634335491116966 2
	a 225 249 0.8287711785167564
