11.04734720844955 2
	a 0 16 0.6919476981365813
	a 16 0 0.6919476981365813
10.37917507614281 2
	a 0 78 0.7075319421716454
	a 78 0 0.7075319421716454
12.65029558367524 2
	a 0 130 0.6559461909089219
	a 130 0 0.6559461909089219
0.9397593081368385 2
	a 1 18 0.969160244007073
	a 18 1 0.969160244007073
0.6981164340668319 2
	a 1 12 0.9769981233187751
	a 12 1 0.9769981233187751
0.2701555345749592 2
	a 2 9 0.9910352407514
	a 9 2 0.9910352407514
11.50144568908429 2
	a 3 117 0.6815528216199841
	a 117 3 0.6815528216199841
4.204088334265754 2
	a 3 32 0.8692397692357106
	a 32 3 0.8692397692357106
11.0934674724008 2
	a 3 123 0.6908847550502409
	a 123 3 0.6908847550502409
4.601766918774932 2
	a 4 61 0.8577932030543591
	a 61 4 0.8577932030543591
0.9653175387840964 2
	a 4 20 0.9683349282488167
	a 20 4 0.9683349282488167
10.58288326323359 2
	a 5 119 0.7027438817125216
	a 119 5 0.7027438817125216
10.27732202231819 2
	a 5 36 0.7099381675166039
	a 36 5 0.7099381675166039
7.220949396459732 2
	a 6 57 0.7860787401871262
	a 57 6 0.7860787401871262
1.972151023975755 2
	a 6 34 0.9363758186245457
	a 34 6 0.9363758186245457
1.515225646537176 2
	a 7 30 0.9507467775548303
	a 30 7 0.9507467775548303
3.701065684266537 2
	a 8 51 0.8839375566243314
	a 51 8 0.8839375566243314
1.898620538055502 2
	a 9 35 0.9386737058518245
	a 35 9 0.9386737058518245
4.001320122559693 2
	a 9 16 0.8751348086888564
	a 16 9 0.8751348086888564
39.90392660874585 2
	a 10 181 0.2644426469409142
	a 181 10 0.2644426469409142
2.614784589919377 2
	a 10 43 0.9165309098244117
	a 43 10 0.9165309098244117
17.31379930005104 2
	a 11 196 0.5615094677944418
	a 196 11 0.5615094677944418
15.85133709127621 2
	a 11 116 0.5895605187959543
	a 116 11 0.5895605187959543
0.2701555345749592 2
	a 12 18 0.9910352407514
	a 18 12 0.9910352407514
1.027006667447879 2
	a 13 29 0.9663457828279073
	a 29 13 0.9663457828279073
1.424336574815765 2
	a 14 34 0.9536315616725974
	a 34 14 0.9536315616725974
2.761685833526329 2
	a 14 44 0.9120538957371723
	a 44 14 0.9120538957371723
12.34710558871665 2
	a 14 97 0.6626090132936693
	a 97 14 0.6626090132936693
10.01995596185011 2
	a 15 94 0.716054833350773
	a 94 15 0.716054833350773
11.06791784883331 2
	a 15 125 0.6914734005231673
	a 125 15 0.6914734005231673
5.757429977002492 2
	a 15 58 0.8253775734412624
	a 58 15 0.8253775734412624
5.616264651382533 2
	a 15 52 0.8292705486070548
	a 52 15 0.8292705486070548
3.244178740332278 2
	a 16 35 0.8975025733832656
	a 35 16 0.8975025733832656
5.553132688643482 2
	a 16 78 0.8310175020181598
	a 78 16 0.8310175020181598
0.2701555345749592 2
	a 17 21 0.9910352407514
	a 21 17 0.9910352407514
1.763004785337253 2
	a 17 30 0.942926609327066
	a 30 17 0.942926609327066
0.487629339878578 2
	a 18 24 0.9838770771494869
	a 24 18 0.9838770771494869
4.392021000839484 2
	a 18 32 0.8638115045343318
	a 32 18 0.8638115045343318
3.539571489506236 2
	a 19 30 0.8887087465580856
	a 30 19 0.8887087465580856
0.4068472581547501 2
	a 19 24 0.9865299685964932
	a 24 19 0.9865299685964932
3.670438679245683 2
	a 20 61 0.8848404294169018
	a 61 20 0.8848404294169018
21.50258926426411 2
	a 20 190 0.4883353212074084
	a 190 20 0.4883353212074084
23.74694790613865 2
	a 20 149 0.4531351152986635
	a 149 20 0.4531351152986635
7.343750287802199 2
	a 21 99 0.782867611163923
	a 99 21 0.782867611163923
1.220541774464252 2
	a 22 37 0.9601317870014974
	a 37 22 0.9601317870014974
7.718832901071267 2
	a 22 23 0.7731405444526407
	a 23 22 0.7731405444526407
0.487629339878578 2
	a 23 27 0.9838770771494869
	a 27 23 0.9838770771494869
2.385076661536789 2
	a 24 47 0.92357565987461
	a 47 24 0.92357565987461
1.954180946745591 2
	a 24 32 0.9369368781717311
	a 32 24 0.9369368781717311
2.033355190707818 2
	a 25 31 0.9344674292519221
	a 31 25 0.9344674292519221
3.529074025592377 2
	a 25 62 0.889019773904782
	a 62 25 0.889019773904782
6.542783865909892 2
	a 25 91 0.8040508258818078
	a 91 25 0.8040508258818078
2.957602502337763 2
	a 26 50 0.9061170834770444
	a 50 26 0.9061170834770444
2.309439321610708 2
	a 26 38 0.9259071579825908
	a 38 26 0.9259071579825908
0.1917896373478611 2
	a 26 28 0.9936274037579175
	a 28 26 0.9936274037579175
3.655671624588996 2
	a 27 53 0.8852760861970183
	a 53 27 0.8852760861970183
3.190611006225279 2
	a 27 64 0.8991065776453653
	a 64 27 0.8991065776453653
4.508055692280505 2
	a 27 37 0.8604768874994191
	a 37 27 0.8604768874994191
0.7884591958105146 2
	a 28 38 0.9740603919623205
	a 38 28 0.9740603919623205
0.2701555345749592 2
	a 29 33 0.9910352407514
	a 33 29 0.9910352407514
2.820674875156118 2
	a 29 46 0.9102622848970527
	a 46 29 0.9102622848970527
4.83457165095294 2
	a 29 73 0.8511623539841554
	a 73 29 0.8511623539841554
7.63770938860787 2
	a 30 107 0.7752340362535618
	a 107 30 0.7752340362535618
6.664027115401362 2
	a 30 39 0.8008078589304685
	a 39 30 0.8008078589304685
2.972903968950136 2
	a 31 62 0.9056550373101371
	a 62 31 0.9056550373101371
2.332015407060942 2
	a 32 47 0.9252106414551519
	a 47 32 0.9252106414551519
8.620418983160896 2
	a 32 117 0.7502511217918675
	a 117 32 0.7502511217918675
1.763004785337253 2
	a 33 46 0.942926609327066
	a 46 33 0.942926609327066
7.076543080376061 2
	a 34 57 0.7898716861200765
	a 57 34 0.7898716861200765
0.8979553409936541 2
	a 34 44 0.9705116768091674
	a 44 34 0.9705116768091674
3.508146860435769 2
	a 35 70 0.8896401457112131
	a 70 35 0.8896401457112131
4.360614345376774 2
	a 35 60 0.8647162924012974
	a 60 35 0.8647162924012974
8.358997835386058 2
	a 36 119 0.7568174066493178
	a 119 36 0.7568174066493178
2.634213757033034 2
	a 37 64 0.9159375209222944
	a 64 37 0.9159375209222944
0.487629339878578 2
	a 37 41 0.9838770771494869
	a 41 37 0.9838770771494869
1.383388700193716 2
	a 38 50 0.954934089920533
	a 50 38 0.954934089920533
9.312136953001353 2
	a 39 86 0.7331502891976757
	a 86 39 0.7331502891976757
7.42401113490098 2
	a 39 101 0.7807759564565552
	a 101 39 0.7807759564565552
1.709095751585913 2
	a 39 55 0.9446225413852568
	a 55 39 0.9446225413852568
7.857122327395404 2
	a 40 116 0.7695848406075957
	a 116 40 0.7695848406075957
2.048693165080823 2
	a 40 48 0.9339897901131984
	a 48 40 0.9339897901131984
1.889172731026632 2
	a 41 63 0.9389693660062477
	a 63 41 0.9389693660062477
2.443119864660818 2
	a 41 64 0.9217904777387615
	a 64 41 0.9217904777387615
3.38992663072919 2
	a 42 76 0.8931528444457751
	a 76 42 0.8931528444457751
5.794279462207946 2
	a 42 65 0.8243643712122802
	a 65 42 0.8243643712122802
27.60594925493731 2
	a 43 293 0.3984400192077018
	a 293 43 0.3984400192077018
41.33518239419632 2
	a 43 181 0.2521226980003118
	a 181 43 0.2521226980003118
5.384200941759478 2
	a 44 57 0.8357102100177182
	a 57 44 0.8357102100177182
3.825173454892175 2
	a 44 71 0.8802883261422841
	a 71 44 0.8802883261422841
2.9866271439529 2
	a 44 74 0.9052408499644785
	a 74 44 0.9052408499644785
15.80564242572119 2
	a 45 140 0.5904591953920124
	a 140 45 0.5904591953920124
13.98956738554264 2
	a 45 184 0.6273071958171473
	a 184 45 0.6273071958171473
16.71738321195074 2
	a 45 211 0.5727842804475461
	a 211 45 0.5727842804475461
16.61205469254648 2
	a 45 109 0.5747988322139689
	a 109 45 0.5747988322139689
17.85571897997235 2
	a 45 177 0.5514574300470526
	a 177 45 0.5514574300470526
5.337521904742832 2
	a 46 73 0.8370115604458672
	a 73 46 0.8370115604458672
5.467712683792442 2
	a 46 105 0.8333870578435582
	a 105 46 0.8333870578435582
0.4068472581547501 2
	a 47 55 0.9865299685964932
	a 55 47 0.9865299685964932
6.593531117838158 2
	a 48 116 0.8026918632720155
	a 116 48 0.8026918632720155
26.32224763513525 2
	a 48 284 0.4158593177072419
	a 284 48 0.4158593177072419
5.601054191981284 2
	a 48 85 0.8296911080801668
	a 85 48 0.8296911080801668
0.5575248444503217 2
	a 49 56 0.9815874592603586
	a 56 49 0.9815874592603586
0.1356157527182506 2
	a 49 51 0.9954896771040572
	a 51 49 0.9954896771040572
0.6981164340668319 2
	a 50 59 0.9769981233187751
	a 59 50 0.9769981233187751
0.2701555345749592 2
	a 51 56 0.9910352407514
	a 56 51 0.9910352407514
0.4068472581547501 2
	a 52 58 0.9865299685964932
	a 58 52 0.9865299685964932
25.17431605357278 2
	a 53 95 0.4320802826863046
	a 95 53 0.4320802826863046
2.800921581872936 2
	a 53 84 0.9108618381905319
	a 84 53 0.9108618381905319
7.032056511589931 2
	a 53 64 0.7910438443634821
	a 64 53 0.7910438443634821
0.1356157527182506 2
	a 54 56 0.9954896771040572
	a 56 54 0.9954896771040572
6.624075306839354 2
	a 55 101 0.8018750267700021
	a 101 55 0.8018750267700021
6.413257567884395 2
	a 55 117 0.8075298551370717
	a 117 55 0.8075298551370717
16.05589556653391 2
	a 56 202 0.5855542063776671
	a 202 56 0.5855542063776671
12.58520517124856 2
	a 56 181 0.6573709295669873
	a 181 56 0.6573709295669873
15.52398999790167 2
	a 57 87 0.5960287747720233
	a 87 57 0.5960287747720233
8.885167969727487 2
	a 57 126 0.743659310025272
	a 126 57 0.743659310025272
1.385931215284629 2
	a 57 71 0.954853162205432
	a 71 57 0.954853162205432
7.38764701395398 2
	a 58 125 0.781722937986892
	a 125 58 0.781722937986892
9.836944189712689 2
	a 58 67 0.7204363998667092
	a 67 58 0.7204363998667092
9.72616016049281 2
	a 59 153 0.7231017463740338
	a 153 59 0.7231017463740338
10.00595873453425 2
	a 59 142 0.7163890040448646
	a 142 59 0.7163890040448646
14.14927164222911 2
	a 59 132 0.6239766145021823
	a 132 59 0.6239766145021823
1.126737926931244 2
	a 60 70 0.9631386206197394
	a 70 60 0.9631386206197394
10.55115655459447 2
	a 60 122 0.7034874665142909
	a 122 60 0.7034874665142909
1.912227277893508 2
	a 61 81 0.9382480594231816
	a 81 61 0.9382480594231816
2.239509420363549 2
	a 61 65 0.9280679619550541
	a 65 61 0.9280679619550541
3.296669405090138 2
	a 62 91 0.8959335961711942
	a 91 62 0.8959335961711942
4.171038445329986 2
	a 62 87 0.8701979061718546
	a 87 62 0.8701979061718546
15.4587828926403 2
	a 63 104 0.597325694102526
	a 104 63 0.597325694102526
0.9302638502529895 2
	a 63 69 0.9694670465676806
	a 69 63 0.9694670465676806
1.220541774464252 2
	a 63 64 0.9601317870014974
	a 64 63 0.9601317870014974
6.425738556838564 2
	a 64 84 0.8071939659723281
	a 84 64 0.8071939659723281
0.8266086393752234 2
	a 64 69 0.9728225171346718
	a 69 64 0.9728225171346718
1.604933260944054 2
	a 65 81 0.9479080497510697
	a 81 65 0.9479080497510697
4.449351375923548 2
	a 65 76 0.8621623262511571
	a 76 65 0.8621623262511571
2.614424159412851 2
	a 66 77 0.9165419214138958
	a 77 66 0.9165419214138958
11.87177884883111 2
	a 66 182 0.673191150869596
	a 182 66 0.673191150869596
4.618949931902093 2
	a 67 112 0.8573020280032939
	a 112 67 0.8573020280032939
11.78909168673887 2
	a 68 166 0.675049185814306
	a 166 68 0.675049185814306
12.08642769663616 2
	a 68 185 0.6683916845138573
	a 185 68 0.6683916845138573
6.755114204203842 2
	a 68 73 0.7983801045282124
	a 73 68 0.7983801045282124
16.60830413945351 2
	a 69 135 0.5748706971573633
	a 135 69 0.5748706971573633
0.5294379043957786 2
	a 69 75 0.9825068825271878
	a 75 69 0.9825068825271878
0.6659990887725294 2
	a 70 78 0.9780446362750711
	a 78 70 0.9780446362750711
6.22916749229449 2
	a 71 126 0.8125003642994296
	a 126 71 0.8125003642994296
5.44205345557361 2
	a 71 74 0.8341001650534903
	a 74 71 0.8341001650534903
12.75010811315869 2
	a 71 165 0.6537674290968751
	a 165 71 0.6537674290968751
5.819729200253031 2
	a 72 114 0.8236653391805352
	a 114 72 0.8236653391805352
7.451879810442572 2
	a 72 139 0.7800509868476981
	a 139 72 0.7800509868476981
6.618495030531229 2
	a 72 80 0.8020241967835356
	a 80 72 0.8020241967835356
13.55184738210258 2
	a 73 194 0.6365271249710964
	a 194 73 0.6365271249710964
2.744018681203014 2
	a 73 100 0.9125911670926614
	a 100 73 0.9125911670926614
5.132678952841182 2
	a 73 105 0.842746314190309
	a 105 73 0.842746314190309
13.26305510585973 2
	a 73 159 0.6426841831823943
	a 159 73 0.6426841831823943
0.6780787635912512 2
	a 74 82 0.9776509001783111
	a 82 74 0.9776509001783111
0.6780787635912512 2
	a 75 84 0.9776509001783111
	a 84 75 0.9776509001783111
1.545598435309036 2
	a 76 89 0.9497847036164766
	a 89 76 0.9497847036164766
3.065108206077205 2
	a 76 81 0.9028758027241455
	a 81 76 0.9028758027241455
1.544057975973908 2
	a 77 90 0.9498334750257403
	a 90 77 0.9498334750257403
14.00187796426246 2
	a 77 182 0.6270498314719721
	a 182 77 0.6270498314719721
1.779636127143931 2
	a 78 93 0.9424040163728733
	a 93 78 0.9424040163728733
4.390119518809044 2
	a 79 120 0.8638662570046126
	a 120 79 0.8638662570046126
2.99566587962527 2
	a 79 110 0.9049681499555077
	a 110 79 0.9049681499555077
13.62441164194892 2
	a 80 139 0.6349893481915527
	a 139 80 0.6349893481915527
8.334455018646224 2
	a 80 157 0.7574368076761003
	a 157 80 0.7574368076761003
8.906384624790373 2
	a 80 137 0.7431335638546007
	a 137 80 0.7431335638546007
1.515971031398842 2
	a 81 92 0.950723155439782
	a 92 81 0.950723155439782
1.578980655167365 2
	a 81 89 0.9487284273464371
	a 89 81 0.9487284273464371
8.620564928313446 2
	a 82 165 0.7502474719502646
	a 165 82 0.7502474719502646
7.005742295449671 2
	a 82 97 0.7917380053805937
	a 97 82 0.7917380053805937
33.20896612781772 2
	a 83 113 0.3305605141722458
	a 113 83 0.3305605141722458
9.185362470378465 2
	a 83 90 0.7362550028384898
	a 90 83 0.7362550028384898
7.070381595636511 2
	a 83 148 0.7900339288584499
	a 148 83 0.7900339288584499
34.00602013469565 2
	a 84 363 0.321893670280996
	a 363 84 0.321893670280996
28.95921429701744 2
	a 84 149 0.380866201295862
	a 149 84 0.380866201295862
5.221995062652061 2
	a 85 127 0.8402410180179364
	a 127 85 0.8402410180179364
1.581537861964821 2
	a 86 101 0.9486475609669087
	a 101 86 0.9486475609669087
3.325958673723556 2
	a 86 103 0.8950593150323599
	a 103 86 0.8950593150323599
7.064659514976819 2
	a 87 91 0.7901846311589991
	a 91 87 0.7901846311589991
6.114075131431754 2
	a 87 144 0.8156234373374198
	a 144 87 0.8156234373374198
0.1917896373478611 2
	a 88 90 0.9936274037579175
	a 90 88 0.9936274037579175
2.267988999665886 2
	a 89 112 0.9271873471761474
	a 112 89 0.9271873471761474
0.6981164340668319 2
	a 89 92 0.9769981233187751
	a 92 89 0.9769981233187751
1.531455995165692 2
	a 89 108 0.9502325516132395
	a 108 89 0.9502325516132395
5.942603699305547 2
	a 90 148 0.8202986563468961
	a 148 90 0.8202986563468961
22.63396047174329 2
	a 90 259 0.4702619735370258
	a 259 90 0.4702619735370258
24.4429350643952 2
	a 90 258 0.4427435802480001
	a 258 90 0.4427435802480001
0.1917896373478611 2
	a 91 96 0.9936274037579175
	a 96 91 0.9936274037579175
41.87957802899709 2
	a 92 393 0.2475888096915371
	a 393 92 0.2475888096915371
48.24313391980407 2
	a 92 402 0.2002668675756598
	a 402 92 0.2002668675756598
4.898009540227499 2
	a 92 136 0.8493643908649879
	a 136 92 0.8493643908649879
1.824403406976611 2
	a 92 111 0.9409987696409867
	a 111 92 0.9409987696409867
2.527773147771763 2
	a 92 108 0.9191930577883144
	a 108 92 0.9191930577883144
4.426151693078115 2
	a 93 130 0.8628293138672802
	a 130 93 0.8628293138672802
5.30205702020843 2
	a 93 131 0.8380016294868073
	a 131 93 0.8380016294868073
12.97027856989723 2
	a 94 177 0.6489869833202122
	a 177 94 0.6489869833202122
9.004436653859379 2
	a 94 183 0.7407086703152722
	a 183 94 0.7407086703152722
8.884147605845085 2
	a 94 125 0.7436846038921108
	a 125 94 0.7436846038921108
5.831477366884758 2
	a 95 149 0.8233428504070716
	a 149 95 0.8233428504070716
2.59679016062055 2
	a 96 120 0.9170808230860804
	a 120 96 0.9170808230860804
1.667853229138457 2
	a 96 98 0.9459220549798151
	a 98 96 0.9459220549798151
6.600458130899175 2
	a 96 144 0.8025065427674363
	a 144 96 0.8025065427674363
10.68660065845451 2
	a 97 165 0.7003185178380653
	a 165 97 0.7003185178380653
11.13506034910435 2
	a 97 208 0.6899275559335423
	a 208 97 0.6899275559335423
2.590581228449648 2
	a 98 120 0.9172706458162029
	a 120 98 0.9172706458162029
0.9056588220468618 2
	a 98 106 0.9702624981924419
	a 106 98 0.9702624981924419
3.803618872496664 2
	a 99 110 0.880921028317507
	a 110 99 0.880921028317507
0.8828426063038132 2
	a 99 107 0.9710007028236662
	a 107 99 0.9710007028236662
0.7218667123477758 2
	a 100 105 0.9762249634948802
	a 105 100 0.9762249634948802
1.661255938657022 2
	a 100 114 0.9461300952729973
	a 114 100 0.9461300952729973
5.895924870233054 2
	a 100 139 0.8215760025318609
	a 139 100 0.8215760025318609
1.682179568763011 2
	a 101 117 0.9454704428002887
	a 117 101 0.9454704428002887
1.28340913278765 2
	a 102 113 0.9581218620785064
	a 113 102 0.9581218620785064
2.707518750120717 2
	a 102 118 0.913702159965175
	a 118 102 0.913702159965175
10.16643167938924 2
	a 103 107 0.7125671996563082
	a 107 103 0.7125671996563082
8.10059842808751 2
	a 103 162 0.7633642668977011
	a 162 103 0.7633642668977011
1.530682587568992 2
	a 103 117 0.9502570491648163
	a 117 103 0.9502570491648163
3.893851586577543 2
	a 104 135 0.8782754124877384
	a 135 104 0.8782754124877384
1.151286064329106 2
	a 105 114 0.9623508343353896
	a 114 105 0.9623508343353896
1.555485357104156 2
	a 106 120 0.9494717402871466
	a 120 106 0.9494717402871466
3.853902309509584 2
	a 106 134 0.8794457404705917
	a 134 106 0.8794457404705917
5.704939515668263 2
	a 106 145 0.826822985898789
	a 145 106 0.826822985898789
1.555485357104156 2
	a 107 110 0.9494717402871466
	a 110 107 0.9494717402871466
2.453202868752269 2
	a 107 124 0.9214807158918936
	a 124 107 0.9214807158918936
0.4217785570495555 2
	a 108 112 0.9860390849711355
	a 112 108 0.9860390849711355
7.689140297627693 2
	a 109 177 0.7739061417861948
	a 177 109 0.7739061417861948
1.334528378725622 2
	a 109 119 0.9564906366865277
	a 119 109 0.9564906366865277
0.953531833712017 2
	a 110 115 0.9687154199791561
	a 115 110 0.9687154199791561
2.984794206644412 2
	a 110 128 0.90529615997836
	a 128 110 0.90529615997836
38.37449217883909 2
	a 111 393 0.2782738051754826
	a 393 111 0.2782738051754826
3.417728818387751 2
	a 111 136 0.8923255077681789
	a 136 111 0.8923255077681789
1.032818801487902 2
	a 112 121 0.966158583255016
	a 121 112 0.966158583255016
2.691668324502915 2
	a 113 137 0.9141850397888992
	a 137 113 0.9141850397888992
48.21248243161934 2
	a 113 314 0.2004715880584847
	a 314 113 0.2004715880584847
2.901184170313877 2
	a 114 139 0.9078227406288075
	a 139 114 0.9078227406288075
2.541846717715351 2
	a 115 134 0.9187619479907707
	a 134 115 0.9187619479907707
3.270733805528841 2
	a 115 128 0.8967084835752158
	a 128 115 0.8967084835752158
19.45873323281018 2
	a 116 252 0.52276437560296
	a 252 116 0.52276437560296
16.70680664336831 2
	a 116 264 0.5729862524558037
	a 264 116 0.5729862524558037
22.53906204234694 2
	a 116 284 0.4717518995784368
	a 284 116 0.4717518995784368
5.522929808327677 2
	a 117 174 0.8318545607123107
	a 174 117 0.8318545607123107
1.491773279900752 2
	a 117 123 0.9514903102104922
	a 123 117 0.9514903102104922
6.295877220095978 2
	a 117 179 0.8106956489728395
	a 179 117 0.8106956489728395
4.623597406898821 2
	a 118 163 0.8571692286319291
	a 163 118 0.8571692286319291
4.173913955860647 2
	a 118 157 0.8701145013943418
	a 157 118 0.8701145013943418
3.741097162562743 2
	a 118 137 0.8827588323300586
	a 137 118 0.8827588323300586
5.473675789808916 2
	a 119 177 0.8332214217932363
	a 177 119 0.8332214217932363
2.158276447905609 2
	a 120 134 0.9305843579627501
	a 134 120 0.9305843579627501
7.162261290705751 2
	a 121 125 0.7876180277352315
	a 125 121 0.7876180277352315
4.799136231201079 2
	a 121 168 0.8521683244933301
	a 168 121 0.8521683244933301
2.301475639133285 2
	a 121 136 0.9261529782953875
	a 136 121 0.9261529782953875
27.40533887519852 2
	a 122 242 0.4011133208990693
	a 242 122 0.4011133208990693
1.330335433485705 2
	a 122 129 0.9566243297911785
	a 129 122 0.9566243297911785
14.53424302166754 2
	a 122 131 0.6160206659514241
	a 131 122 0.6160206659514241
5.398449401777772 2
	a 123 179 0.8353133848105022
	a 179 123 0.8353133848105022
2.267596364938617 2
	a 124 141 0.9271994821205968
	a 141 124 0.9271994821205968
0.487629339878578 2
	a 124 128 0.9838770771494869
	a 128 124 0.9838770771494869
8.297072301342135 2
	a 125 183 0.7583812308408685
	a 183 125 0.7583812308408685
4.333906509034774 2
	a 125 168 0.8654864585489446
	a 168 125 0.8654864585489446
1.208722079564016 2
	a 125 138 0.9605101436904928
	a 138 125 0.9605101436904928
1.604726677467938 2
	a 126 144 0.9479145771782092
	a 144 126 0.9479145771782092
27.50299274545861 2
	a 127 284 0.3998097680597998
	a 284 127 0.3998097680597998
22.67238021558526 2
	a 127 321 0.469660114188587
	a 321 127 0.469660114188587
1.129562120461076 2
	a 127 140 0.9630479552253939
	a 140 127 0.9630479552253939
1.545598435309036 2
	a 128 134 0.9497847036164766
	a 134 128 0.9497847036164766
1.058859358600752 2
	a 128 141 0.9653203035365874
	a 141 128 0.9653203035365874
26.93204517818514 2
	a 129 242 0.4074916491996322
	a 242 129 0.4074916491996322
28.64989180292617 2
	a 129 313 0.3848135324070817
	a 313 129 0.3848135324070817
2.320928878043051 2
	a 129 155 0.9255526171274521
	a 155 129 0.9255526171274521
31.33286481604785 2
	a 129 349 0.3518927535573232
	a 349 129 0.3518927535573232
1.027006667447879 2
	a 130 131 0.9663457828279073
	a 131 130 0.9663457828279073
1.545598435309036 2
	a 130 151 0.9497847036164766
	a 151 130 0.9497847036164766
1.739940618792985 2
	a 130 133 0.9436518152744097
	a 133 130 0.9436518152744097
1.506073016235147 2
	a 131 151 0.9510368829318947
	a 151 131 0.9510368829318947
6.186854776216556 2
	a 132 142 0.8136471427387586
	a 142 132 0.8136471427387586
0.7068004757790167 2
	a 132 143 0.9767153544984992
	a 143 132 0.9767153544984992
1.330050418899266 2
	a 133 151 0.9566334182306084
	a 151 133 0.9566334182306084
2.353053017686566 2
	a 133 154 0.9245620615172132
	a 154 133 0.9245620615172132
22.61867159931382 2
	a 133 229 0.470501693793439
	a 229 133 0.470501693793439
0.4068472581547501 2
	a 134 141 0.9865299685964932
	a 141 134 0.9865299685964932
39.78769048270679 2
	a 135 413 0.2654692273802119
	a 413 135 0.2654692273802119
37.88376762638993 2
	a 135 363 0.282863097101101
	a 363 135 0.282863097101101
10.95919046414708 2
	a 135 210 0.6939840171353243
	a 210 135 0.6939840171353243
11.87885840701131 2
	a 135 156 0.6730323064155098
	a 156 135 0.6730323064155098
2.631686494193778 2
	a 136 168 0.9160146846677901
	a 168 136 0.9160146846677901
1.824403406976611 2
	a 137 157 0.9409987696409867
	a 157 137 0.9409987696409867
8.072097403414142 2
	a 138 183 0.7640898336265699
	a 183 138 0.7640898336265699
2.590874140393419 2
	a 138 168 0.9172616898756637
	a 168 138 0.9172616898756637
0.5308290191434861 2
	a 139 147 0.982461324256342
	a 147 139 0.982461324256342
20.16777761587473 2
	a 140 321 0.5105538031614106
	a 321 140 0.5105538031614106
12.88155005601973 2
	a 140 184 0.6509092796457367
	a 184 140 0.6509092796457367
1.726106731610226 2
	a 141 162 0.9440870613775323
	a 162 141 0.9440870613775323
4.516041719713449 2
	a 142 176 0.8602478582503698
	a 176 142 0.8602478582503698
0.3981115513613038 2
	a 142 146 0.986817278310307
	a 146 142 0.986817278310307
1.754926729054513 2
	a 142 153 0.943180543987861
	a 153 142 0.943180543987861
7.306564434845278 2
	a 142 143 0.783838599485867
	a 143 142 0.783838599485867
6.870725096417619 2
	a 143 218 0.7953093107417184
	a 218 143 0.7953093107417184
6.920416864504054 2
	a 143 146 0.7939930569647402
	a 146 143 0.7939930569647402
1.847293601112768 2
	a 143 156 0.9402810553355041
	a 156 143 0.9402810553355041
1.334528378725622 2
	a 144 158 0.9564906366865277
	a 158 144 0.9564906366865277
6.541120177060796 2
	a 145 158 0.8040954167979908
	a 158 145 0.8040954167979908
4.603173425910573 2
	a 145 197 0.8577529875883888
	a 197 145 0.8577529875883888
9.125681381562556 2
	a 145 162 0.7377211440438677
	a 162 145 0.7377211440438677
11.52776862983798 2
	a 146 251 0.6809550680840492
	a 251 146 0.6809550680840492
8.613168987623203 2
	a 146 223 0.7504324542781515
	a 223 146 0.7504324542781515
6.487074035783458 2
	a 146 218 0.8055453309267995
	a 218 146 0.8055453309267995
6.18983284389995 2
	a 146 176 0.8135663768722127
	a 176 146 0.8135663768722127
1.487613705177053 2
	a 147 163 0.9516222458583572
	a 163 147 0.9516222458583572
12.72568320979532 2
	a 148 259 0.6542999193771154
	a 259 148 0.6542999193771154
26.86299738508101 2
	a 149 363 0.408430609306707
	a 363 149 0.408430609306707
9.452957141051172 2
	a 149 190 0.7297169415264099
	a 190 149 0.7297169415264099
5.700517221587872 2
	a 150 164 0.8269448766957198
	a 164 150 0.8269448766957198
3.877440412424875 2
	a 150 195 0.8787559949494065
	a 195 150 0.8787559949494065
0.3002129760370238 2
	a 151 154 0.990042805211115
	a 154 151 0.990042805211115
2.713856887939757 2
	a 152 159 0.9135091413483557
	a 159 152 0.9135091413483557
12.72781401354308 2
	a 152 255 0.6542534482034719
	a 255 152 0.6542534482034719
1.578980655167365 2
	a 152 163 0.9487284273464371
	a 163 152 0.9487284273464371
0.7884591958105146 2
	a 152 160 0.9740603919623205
	a 160 152 0.9740603919623205
1.875209981755642 2
	a 153 176 0.9394064875163473
	a 176 153 0.9394064875163473
3.683765526252177 2
	a 154 192 0.8844474456096822
	a 192 154 0.8844474456096822
1.844257837967645 2
	a 154 178 0.9403762091689594
	a 178 154 0.9403762091689594
1.017007035400675 2
	a 155 172 0.9666679399244199
	a 172 155 0.9666679399244199
29.54249020867434 2
	a 155 349 0.3735327203270073
	a 349 155 0.3735327203270073
5.476940951520287 2
	a 156 218 0.833130739972055
	a 218 156 0.833130739972055
5.460192523593236 2
	a 156 210 0.8335959908353878
	a 210 156 0.8335959908353878
0.4217785570495555 2
	a 157 163 0.9860390849711355
	a 163 157 0.9860390849711355
0.1917896373478611 2
	a 158 161 0.9936274037579175
	a 161 158 0.9936274037579175
11.69494005260802 2
	a 159 194 0.6771710798679912
	a 194 159 0.6771710798679912
13.97790170945276 2
	a 159 255 0.6275511753356821
	a 255 159 0.6275511753356821
0.3981115513613038 2
	a 159 163 0.986817278310307
	a 163 159 0.986817278310307
0.487629339878578 2
	a 160 163 0.9838770771494869
	a 163 160 0.9838770771494869
1.126737926931244 2
	a 160 173 0.9631386206197394
	a 173 160 0.9631386206197394
0.4068472581547501 2
	a 161 167 0.9865299685964932
	a 167 161 0.9865299685964932
5.919315676358792 2
	a 162 197 0.8209356746942791
	a 197 162 0.8209356746942791
4.496286441919756 2
	a 162 187 0.860814525988241
	a 187 162 0.860814525988241
0.1917896373478611 2
	a 162 164 0.9936274037579175
	a 164 162 0.9936274037579175
0.7884591958105146 2
	a 163 173 0.9740603919623205
	a 173 163 0.9740603919623205
0.8330457495705974 2
	a 164 174 0.9726138006695428
	a 174 164 0.9726138006695428
1.00519166664295 2
	a 165 171 0.9670487328455266
	a 171 165 0.9670487328455266
0.8266086393752234 2
	a 165 175 0.9728225171346718
	a 175 165 0.9728225171346718
1.199592341201047 2
	a 166 179 0.9608024950499893
	a 179 166 0.9608024950499893
3.500481415080674 2
	a 166 185 0.889867491019115
	a 185 166 0.889867491019115
2.744018681203014 2
	a 167 197 0.9125911670926614
	a 197 167 0.9125911670926614
45.97257090602845 2
	a 168 447 0.2160124940382881
	a 447 168 0.2160124940382881
9.635122250482793 2
	a 168 183 0.7252994015769836
	a 183 168 0.7252994015769836
4.425718938690666 2
	a 169 209 0.8628417603960913
	a 209 169 0.8628417603960913
12.42647844646926 2
	a 169 275 0.6608582247012772
	a 275 169 0.6608582247012772
6.741730321732279 2
	a 170 197 0.7987363648409608
	a 197 170 0.7987363648409608
0.9569120473074697 2
	a 170 171 0.9686062772936068
	a 171 170 0.9686062772936068
1.126737926931244 2
	a 170 180 0.9631386206197394
	a 180 170 0.9631386206197394
3.179448491701141 2
	a 170 186 0.8994411828998289
	a 186 170 0.8994411828998289
5.273729271782312 2
	a 171 197 0.8387932931735071
	a 197 171 0.8387932931735071
0.4217785570495555 2
	a 171 175 0.9860390849711355
	a 175 171 0.9860390849711355
1.380726739268335 2
	a 171 180 0.9550188269210432
	a 180 171 0.9550188269210432
3.270753537620863 2
	a 172 203 0.8967078937775993
	a 203 172 0.8967078937775993
1.465260119971778 2
	a 173 188 0.9523315823943176
	a 188 173 0.9523315823943176
0.4068472581547501 2
	a 174 179 0.9865299685964932
	a 179 174 0.9865299685964932
0.6780787635912512 2
	a 175 180 0.9776509001783111
	a 180 175 0.9776509001783111
8.732483030703857 2
	a 176 251 0.7474538104324404
	a 251 176 0.7474538104324404
11.81550023719672 2
	a 177 273 0.6744552116031238
	a 273 177 0.6744552116031238
13.72307655928918 2
	a 177 199 0.6329044061963022
	a 199 177 0.6329044061963022
1.511850541135075 2
	a 178 192 0.9508537459247081
	a 192 178 0.9508537459247081
3.926506476551419 2
	a 178 213 0.8773199330346333
	a 213 178 0.8773199330346333
8.962171977401589 2
	a 178 235 0.7417529328095057
	a 235 178 0.7417529328095057
10.97769748482698 2
	a 179 240 0.6935560299431396
	a 240 179 0.6935560299431396
11.49204316415525 2
	a 179 262 0.6817664656779862
	a 262 179 0.6817664656779862
0.9056588220468618 2
	a 179 185 0.9702624981924419
	a 185 179 0.9702624981924419
2.580626896584377 2
	a 180 208 0.9175750568641774
	a 208 180 0.9175750568641774
4.180963737342076 2
	a 180 189 0.8699100548470522
	a 189 180 0.8699100548470522
2.604665358339847 2
	a 181 209 0.9168401149209898
	a 209 181 0.9168401149209898
4.412714233343177 2
	a 181 202 0.8632158749062311
	a 202 181 0.8632158749062311
9.629062382626755 2
	a 182 258 0.7254459236592137
	a 258 182 0.7254459236592137
10.55780605262017 2
	a 182 260 0.7033315558430678
	a 260 182 0.7033315558430678
2.021946434140942 2
	a 183 205 0.9348228672133917
	a 205 183 0.9348228672133917
1.936327367967538 2
	a 183 199 0.9374946333328481
	a 199 183 0.9374946333328481
21.36158459358534 2
	a 184 321 0.490635975727479
	a 321 184 0.490635975727479
21.04301018489949 2
	a 184 347 0.4958738730349252
	a 347 184 0.4958738730349252
2.870153446238228 2
	a 184 211 0.9087622396664355
	a 211 184 0.9087622396664355
0.487629339878578 2
	a 185 194 0.9838770771494869
	a 194 185 0.9838770771494869
0.8136945163095008 2
	a 186 198 0.973241378938998
	a 198 186 0.973241378938998
0.7671585448709205 2
	a 187 197 0.9747522415608111
	a 197 187 0.9747522415608111
26.75702568988739 2
	a 188 380 0.4098758965975202
	a 380 188 0.4098758965975202
1.544504368785556 2
	a 189 198 0.9498193418363727
	a 198 189 0.9498193418363727
4.114946228506661 2
	a 189 230 0.8718264725167572
	a 230 189 0.8718264725167572
23.18121085882352 2
	a 190 363 0.4617613736314598
	a 363 190 0.4617613736314598
0.5424630108730013 2
	a 191 197 0.9820803998915988
	a 197 191 0.9820803998915988
0.487629339878578 2
	a 191 198 0.9838770771494869
	a 198 191 0.9838770771494869
7.823322040335646 2
	a 192 203 0.7704524021973143
	a 203 192 0.7704524021973143
0.6623180749170225 2
	a 192 200 0.9781646501663815
	a 200 192 0.9781646501663815
3.405941268941434 2
	a 193 226 0.892676187692784
	a 226 193 0.892676187692784
5.522929808327677 2
	a 193 210 0.8318545607123107
	a 210 193 0.8318545607123107
6.880472302343766 2
	a 194 250 0.7950509512611494
	a 250 194 0.7950509512611494
0.3002129760370238 2
	a 195 197 0.990042805211115
	a 197 195 0.990042805211115
1.935871965749386 2
	a 195 212 0.9375088646787151
	a 212 195 0.9375088646787151
2.067695472571751 2
	a 195 215 0.9333983787298171
	a 215 195 0.9333983787298171
9.58783114793045 2
	a 196 238 0.7264436434937704
	a 238 196 0.7264436434937704
7.086104605734111 2
	a 196 252 0.7896199802951862
	a 252 196 0.7896199802951862
1.511850541135075 2
	a 197 198 0.9508537459247081
	a 198 197 0.9508537459247081
1.64751219978562 2
	a 197 212 0.946563640073117
	a 212 197 0.946563640073117
1.604726677467938 2
	a 198 212 0.9479145771782092
	a 212 198 0.9479145771782092
13.71819117357746 2
	a 199 273 0.6330074806601468
	a 273 199 0.6330074806601468
0.8266086393752234 2
	a 199 205 0.9728225171346718
	a 205 199 0.9728225171346718
11.32491445130627 2
	a 200 285 0.6855751565834758
	a 285 200 0.6855751565834758
0.99986533083179 2
	a 201 209 0.9672204422980087
	a 209 201 0.9672204422980087
0.7241308354215087 2
	a 202 209 0.9761512898261859
	a 209 202 0.9761512898261859
29.15443259894867 2
	a 203 349 0.3783958458868532
	a 349 203 0.3783958458868532
10.74823916627832 2
	a 203 285 0.6988811087249117
	a 285 203 0.6988811087249117
0.754358709720538 2
	a 204 212 0.9751682192287419
	a 212 204 0.9751682192287419
1.151286064329106 2
	a 204 207 0.9623508343353896
	a 207 204 0.9623508343353896
1.453744046139253 2
	a 204 215 0.9526972232628116
	a 215 204 0.9526972232628116
4.298922635493166 2
	a 204 224 0.8664963162073113
	a 224 204 0.8664963162073113
2.453409804829343 2
	a 204 221 0.9214743596603344
	a 221 204 0.9214743596603344
42.39374124637114 2
	a 205 447 0.2433815972743787
	a 447 205 0.2433815972743787
13.60244596300167 2
	a 205 273 0.6354544508476112
	a 273 205 0.6354544508476112
3.849317660770565 2
	a 206 239 0.8795801490674363
	a 239 206 0.8795801490674363
0.2712315054364995 2
	a 206 209 0.9909996972207403
	a 209 206 0.9909996972207403
3.210855770996311 2
	a 206 225 0.8985000422821947
	a 225 206 0.8985000422821947
0.487629339878578 2
	a 207 212 0.9838770771494869
	a 212 207 0.9838770771494869
3.621229585705272 2
	a 207 230 0.8862930269566599
	a 230 207 0.8862930269566599
3.10311320078317 2
	a 207 224 0.9017327339123314
	a 224 207 0.9017327339123314
0.572507812946912 2
	a 208 214 0.9810973451939815
	a 214 208 0.9810973451939815
1.734917845282709 2
	a 209 225 0.9438098201457747
	a 225 209 0.9438098201457747
0.7884591958105146 2
	a 210 218 0.9740603919623205
	a 218 210 0.9740603919623205
8.331987363450812 2
	a 211 273 0.7574991133343352
	a 273 211 0.7574991133343352
0.1356157527182506 2
	a 212 215 0.9954896771040572
	a 215 212 0.9954896771040572
4.673452393064177 2
	a 213 235 0.8557459395925815
	a 235 213 0.8557459395925815
3.429449907074186 2
	a 213 241 0.8919769416517283
	a 241 213 0.8919769416517283
0.4068472581547501 2
	a 214 219 0.9865299685964932
	a 219 214 0.9865299685964932
0.6981164340668319 2
	a 215 222 0.9769981233187751
	a 222 215 0.9769981233187751
3.240255765371298 2
	a 216 231 0.8976199437278736
	a 231 216 0.8976199437278736
19.94157749742881 2
	a 216 334 0.5144179303131858
	a 334 216 0.5144179303131858
2.493265276481146 2
	a 216 236 0.9202509793063087
	a 236 216 0.9202509793063087
4.23840116750134 2
	a 217 242 0.8682461349427114
	a 242 217 0.8682461349427114
0.4068472581547501 2
	a 217 221 0.9865299685964932
	a 221 217 0.9865299685964932
5.131295437096151 2
	a 217 246 0.8427851801796555
	a 246 217 0.8427851801796555
0.9493102690277512 2
	a 218 226 0.9688517460642906
	a 226 218 0.9688517460642906
3.282289094916528 2
	a 218 223 0.8963631592173964
	a 223 218 0.8963631592173964
1.106545252170832 2
	a 219 227 0.9637871170070454
	a 227 219 0.9637871170070454
2.852007963593501 2
	a 219 228 0.9093120702469623
	a 228 219 0.9093120702469623
10.68610329220193 2
	a 220 248 0.7003301284275378
	a 248 220 0.7003301284275378
9.823836637898864 2
	a 220 243 0.7207512405562054
	a 243 220 0.7207512405562054
7.823965130235039 2
	a 220 239 0.7704358867024035
	a 239 220 0.7704358867024035
11.36384258696151 2
	a 220 305 0.6846861280886722
	a 305 220 0.6846861280886722
13.25660349381986 2
	a 220 272 0.6428224096787254
	a 272 220 0.6428224096787254
0.4068472581547501 2
	a 221 224 0.9865299685964932
	a 224 221 0.9865299685964932
3.87252707630652 2
	a 221 242 0.8788999275212099
	a 242 221 0.8788999275212099
1.66512912003413 2
	a 222 233 0.9460079520423706
	a 233 222 0.9460079520423706
8.453898172443989 2
	a 223 281 0.754427115067773
	a 281 223 0.754427115067773
6.696444921916338 2
	a 223 251 0.7999429784991859
	a 251 223 0.7999429784991859
2.045198491790077 2
	a 223 226 0.9340985960895423
	a 226 223 0.9340985960895423
0.6981164340668319 2
	a 224 230 0.9769981233187751
	a 230 224 0.9769981233187751
1.998645631669757 2
	a 225 239 0.9355492200194143
	a 239 225 0.9355492200194143
8.158756886519251 2
	a 226 281 0.7618858307873225
	a 281 226 0.7618858307873225
0.7907689309824104 2
	a 227 230 0.9739854007976242
	a 230 227 0.9739854007976242
1.756468616875567 2
	a 227 228 0.9431320692804533
	a 228 227 0.9431320692804533
1.912227277893508 2
	a 227 242 0.9382480594231816
	a 242 227 0.9382480594231816
1.912227277893508 2
	a 228 242 0.9382480594231816
	a 242 228 0.9382480594231816
0.5294379043957786 2
	a 229 231 0.9825068825271878
	a 231 229 0.9825068825271878
4.37443853151269 2
	a 229 238 0.8643179175624484
	a 238 229 0.8643179175624484
2.481289808806812 2
	a 230 242 0.9206184004972716
	a 242 230 0.9206184004972716
0.6981164340668319 2
	a 230 234 0.9769981233187751
	a 234 230 0.9769981233187751
0.9493102690277512 2
	a 231 238 0.9688517460642906
	a 238 231 0.9688517460642906
4.137675519072744 2
	a 232 256 0.8711661894372069
	a 256 232 0.8711661894372069
5.020714194111312 2
	a 232 248 0.8458974537335607
	a 248 232 0.8458974537335607
2.15815821809239 2
	a 232 237 0.9305880253971377
	a 237 232 0.9305880253971377
1.165489355260694 2
	a 232 243 0.96189532387708
	a 243 232 0.96189532387708
0.9589481822187813 2
	a 233 240 0.9685405390892792
	a 240 233 0.9685405390892792
9.519744965444122 2
	a 233 266 0.7280942082787761
	a 266 233 0.7280942082787761
0.9302638502529895 2
	a 234 242 0.9694670465676806
	a 242 234 0.9694670465676806
7.870405695991582 2
	a 235 285 0.769244160066121
	a 285 235 0.769244160066121
1.545598435309036 2
	a 235 241 0.9497847036164766
	a 241 235 0.9497847036164766
4.908400970704831 2
	a 235 267 0.8490702381118072
	a 267 235 0.8490702381118072
0.4518359985116184 2
	a 236 238 0.9850516526460312
	a 238 236 0.9850516526460312
2.958473300127015 2
	a 237 256 0.9060907823669923
	a 256 237 0.9060907823669923
1.154824871506312 2
	a 237 247 0.9622373218958472
	a 247 237 0.9622373218958472
0.7241308354215087 2
	a 237 243 0.9761512898261859
	a 243 237 0.9761512898261859
9.674301650484146 2
	a 238 315 0.7243527933247452
	a 315 238 0.7243527933247452
1.954180946745591 2
	a 239 247 0.9369368781717311
	a 247 239 0.9369368781717311
0.4068472581547501 2
	a 239 244 0.9865299685964932
	a 244 239 0.9865299685964932
3.658165978005592 2
	a 240 262 0.8852024828759311
	a 262 240 0.8852024828759311
4.055418154944546 2
	a 241 267 0.8735581283304733
	a 267 241 0.8735581283304733
0.4518359985116184 2
	a 242 246 0.9850516526460312
	a 246 242 0.9850516526460312
0.3981115513613038 2
	a 243 247 0.986817278310307
	a 247 243 0.986817278310307
0.2701555345749592 2
	a 244 247 0.9910352407514
	a 247 244 0.9910352407514
2.883031292090099 2
	a 245 257 0.908372226713255
	a 257 245 0.908372226713255
0.754358709720538 2
	a 245 249 0.9751682192287419
	a 249 245 0.9751682192287419
15.4277492754286 2
	a 245 328 0.5979439197083926
	a 328 245 0.5979439197083926
3.791252845016077 2
	a 246 271 0.881284219621072
	a 271 246 0.881284219621072
2.779523884300696 2
	a 247 256 0.9115117481440463
	a 256 247 0.9115117481440463
1.381814599110866 2
	a 247 253 0.9549841966612392
	a 253 247 0.9549841966612392
4.388617945030749 2
	a 248 256 0.8639094967173797
	a 256 248 0.8639094967173797
3.489345205492038 2
	a 248 269 0.890197877365718
	a 269 248 0.890197877365718
1.979917154986193 2
	a 249 258 0.9361334494210009
	a 258 249 0.9361334494210009
2.186245158146932 2
	a 249 257 0.9297171874441434
	a 257 249 0.9297171874441434
27.21280937255013 2
	a 250 262 0.4036958037103127
	a 262 250 0.4036958037103127
18.38826723165672 2
	a 250 357 0.5417545493703851
	a 357 250 0.5417545493703851
17.36185985926115 2
	a 250 359 0.5606106393225267
	a 359 250 0.5606106393225267
1.342527456914504 2
	a 250 255 0.9562356359045654
	a 255 250 0.9562356359045654
18.79575595684235 2
	a 250 376 0.5344456708126107
	a 376 250 0.5344456708126107
4.489073284141026 2
	a 251 281 0.861021523905527
	a 281 251 0.861021523905527
2.860525790118629 2
	a 251 268 0.9090539281464713
	a 268 251 0.9090539281464713
10.59339365584921 2
	a 252 315 0.7024977210322952
	a 315 252 0.7024977210322952
2.104881452103372 2
	a 252 264 0.9322421177226203
	a 264 252 0.9322421177226203
0.487629339878578 2
	a 253 256 0.9838770771494869
	a 256 253 0.9838770771494869
0.4068472581547501 2
	a 254 256 0.9865299685964932
	a 256 254 0.9865299685964932
2.059344055616256 2
	a 254 263 0.9336582548685839
	a 263 254 0.9336582548685839
3.849317660770565 2
	a 254 270 0.8795801490674363
	a 270 254 0.8795801490674363
17.93925537242863 2
	a 255 376 0.5499240071714682
	a 376 255 0.5499240071714682
1.330335433485705 2
	a 256 263 0.9566243297911785
	a 263 256 0.9566243297911785
4.901743245323463 2
	a 256 270 0.8492586882376816
