90.82941094632613 1
	a 80 139 0.6349893481915527
10.3039895687269 1
	a 241 235 0.9497847036164766
35.98966267851848 1
	a 123 179 0.8353133848105022
18.55032872669958 1
	a 349 359 0.9114198291069916
23.5617255821635 1
	a 469 463 0.8888661405093732
224.1853964181379 1
	a 268 406 0.3259774792389917
24.37114416392664 1
	a 27 53 0.8852760861970183
55.54658242300542 1
	a 273 211 0.7574991133343352
13.1476734931717 1
	a 6 34 0.9363758186245457
111.4492214130049 1
	a 45 211 0.5727842804475461
0.9041050181216709 1
	a 351 352 0.9954896771040572
8.518002373555337 1
	a 467 474 0.9583042028874746
25.66211773847043 1
	a 270 254 0.8795801490674363
0.9041050181216709 1
	a 335 337 0.9954896771040572
115.7457323950743 1
	a 359 250 0.5606106393225267
187.6730769573784 1
	a 387 289 0.3912668837176534
13.1476734931717 1
	a 34 6 0.9363758186245457
5.553638330470649 1
	a 174 164 0.9726138006695428
4.654109560445545 1
	a 385 381 0.9769981233187751
10.07900360756717 1
	a 192 178 0.9508537459247081
161.0217883459256 1
	a 487 391 0.4470392226803319
2.811857046997037 1
	a 382 384 0.9860390849711355
43.95687411892106 1
	a 48 116 0.8026918632720155
8.910134991034974 1
	a 442 445 0.9564271319635307
7.376968347805544 1
	a 227 219 0.9637871170070454
1.801036897166395 1
	a 247 244 0.9910352407514
43.24716023855639 1
	a 146 218 0.8055453309267995
11.11902152758972 1
	a 96 98 0.9459220549798151
136.43092767639 1
	a 447 498 0.5055265910809663
3.250862265857187 1
	a 41 37 0.9838770771494869
64.19374921751169 1
	a 258 182 0.7254459236592137
64.23414833655195 1
	a 168 183 0.7252994015769836
2.712315054365001 1
	a 254 256 0.9865299685964932
49.25098009302653 1
	a 58 125 0.781722937986892
175.4816509009017 1
	a 48 284 0.4158593177072419
10.69817784978625 1
	a 198 212 0.9479145771782092
23.27642207389878 1
	a 452 443 0.890135028480996
13.32430421113171 1
	a 239 225 0.9355492200194143
12.65747025370335 1
	a 35 9 0.9386737058518245
34.18595918387481 1
	a 387 399 0.8428807450623365
19.91084762635267 1
	a 74 44 0.9052408499644785
26.53244180683184 1
	a 348 353 0.8757608662599002
151.1492014372351 1
	a 321 127 0.469660114188587
11.89802896995295 1
	a 364 354 0.9422448195097276
58.43476458823213 1
	a 439 484 0.7466387417510015
2.712315054365001 1
	a 161 167 0.9865299685964932
26.09351018212016 1
	a 259 287 0.8776849725648064
41.24589228795259 1
	a 418 439 0.8136463543970658
139.8202349710723 1
	a 417 487 0.4970318478013442
31.15634928709451 1
	a 213 235 0.8557459395925815
74.71299296098329 1
	a 491 473 0.6882762711102203
11.21453045842008 1
	a 101 117 0.9454704428002887
3.835792746957224 1
	a 288 293 0.981003782431322
43.61855910606594 1
	a 25 91 0.8040508258818078
3.250862265857187 1
	a 253 256 0.9838770771494869
7.059062390671677 1
	a 372 369 0.9653203035365874
70.96504525757564 1
	a 438 476 0.7012960006036766
14.27330615021145 1
	a 416 408 0.9311205452615725
41.97251480063986 1
	a 117 179 0.8106956489728395
10.29371983982606 1
	a 77 90 0.9498334750257403
40.76050087621169 1
	a 144 87 0.8156234373374198
10.98341466523747 1
	a 212 197 0.946563640073117
26.53244180683184 1
	a 353 348 0.8757608662599002
190.9992786861745 1
	a 129 313 0.3848135324070817
5.553638330470649 1
	a 164 174 0.9726138006695428
44.06173170659662 1
	a 327 361 0.8022711319116942
5.849707921291166 1
	a 339 332 0.9711750590014739
2.001419840246826 1
	a 197 195 0.990042805211115
34.81330041768041 1
	a 85 127 0.8402410180179364
4.018237914972951 1
	a 414 415 0.9801092934817696
1.80821003624333 1
	a 464 461 0.9909996972207403
62.08091302000902 1
	a 86 39 0.7331502891976757
17.20417931056252 1
	a 208 180 0.9175750568641774
17.96194221375727 1
	a 282 263 0.9141051128073939
25.27501896677385 1
	a 246 271 0.881284219621072
4.018237914972951 1
	a 466 471 0.9801092934817696
12.16268937984407 1
	a 111 92 0.9409987696409867
16.66912372251349 1
	a 316 332 0.9200331116962117
13.2697068762027 1
	a 326 339 0.9358046473524971
255.8299478589273 1
	a 393 111 0.2782738051754826
6.392987881458542 1
	a 240 233 0.9685405390892792
17.9444554966861 1
	a 113 137 0.9141850397888992
6.50920093775122 1
	a 438 441 0.9679779172841535
4.520525090608341 1
	a 82 74 0.9776509001783111
20.68742133855446 1
	a 207 224 0.9017327339123314
36.95005591891086 1
	a 430 457 0.8313118534669623
321.6208927986938 1
	a 92 402 0.2002668675756598
142.4105639572356 1
	a 184 321 0.490635975727479
4.439993925150197 1
	a 78 70 0.9780446362750711
150.7911439954255 1
	a 229 133 0.470501693793439
5.271792873216069 1
	a 227 230 0.9739854007976242
18.98620538055502 1
	a 448 451 0.9094356588991784
57.4694598877393 1
	a 117 32 0.7502511217918675
30.78931387149707 1
	a 487 492 0.8573178268300562
140.8757594373554 1
	a 417 492 0.4944156112487555
44.64296614610892 1
	a 251 223 0.7999429784991859
20.80373969294492 1
	a 396 403 0.9012084460493199
3.529586029305191 1
	a 231 229 0.9825068825271878
64.49534433656098 1
	a 315 238 0.7243527933247452
26.36926745645638 1
	a 399 392 0.8764756663650378
31.95580439046327 1
	a 343 370 0.8523321148442189
7.769929035071291 1
	a 456 451 0.96189532387708
9.917424701180352 1
	a 147 163 0.9516222458583572
25.66211773847043 1
	a 254 270 0.8795801490674363
7.675240428860709 1
	a 207 204 0.9623508343353896
43.65900234543107 1
	a 420 432 0.8038882502200134
10.07900360756717 1
	a 355 344 0.9508537459247081
66.52818619602844 1
	a 348 397 0.7170276103391003
210.8117395852874 1
	a 343 413 0.3485203358663118
26.67546748373129 1
	a 16 9 0.8751348086888564
14.57496772097954 1
	a 257 249 0.9297171874441434
184.0396616995821 1
	a 43 293 0.3984400192077018
12.74818185262339 1
	a 242 228 0.9382480594231816
53.72837289485115 1
	a 331 373 0.7644169715055651
20.80243075983652 1
	a 437 435 0.9012143441764835
36.30298177939024 1
	a 425 450 0.8340058111040952
19.97110586416847 1
	a 79 110 0.9049681499555077
18.86005681284987 1
	a 467 452 0.9100094598695322
88.37735662546572 1
	a 220 272 0.6428224096787254
70.62262437232806 1
	a 252 315 0.7024977210322952
6.328735126851674 1
	a 218 226 0.9688517460642906
95.89821587867307 1
	a 495 496 0.6190983835713758
38.79819466835354 1
	a 114 72 0.8236653391805352
22.1730578248237 1
	a 86 103 0.8950593150323599
9.234459581471329 1
	a 301 319 0.9548774246343368
69.19450050761874 1
	a 0 78 0.7075319421716454
77.08998272710394 1
	a 349 350 0.6801445610439183
21.40570513997541 1
	a 206 225 0.8985000422821947
59.47685977994433 1
	a 328 355 0.7427585162269833
56.37166893377478 1
	a 398 397 0.7543805389897043
47.945817735423 1
	a 394 398 0.7868409963300877
1.801036897166395 1
	a 51 56 0.9910352407514
10.55714864772466 1
	a 308 300 0.9485832310820291
16.94564478476901 1
	a 115 134 0.9187619479907707
53.20473735865436 1
	a 495 491 0.7664209732308597
137.8758349548769 1
	a 445 498 0.5018875568220206
59.37589749860249 1
	a 137 80 0.7431335638546007
46.13611243002702 1
	a 143 146 0.7939930569647402
1.278597582319074 1
	a 372 373 0.9936274037579175
48.71042956563519 1
	a 142 143 0.783838599485867
266.026177391639 1
	a 10 181 0.2644426469409142
27.322503861799 1
	a 459 443 0.8723081632256879
158.7607049636754 1
	a 388 328 0.4521218640228192
47.24069737156074 1
	a 196 252 0.7896199802951862
17.311934404137 1
	a 96 120 0.9170808230860804
40.76050087621169 1
	a 87 144 0.8156234373374198
6.846711116319194 1
	a 131 130 0.9663457828279073
7.511586179541625 1
	a 60 70 0.9631386206197394
2.269197302872094 1
	a 468 469 0.9887181364487514
28.1603314725362 1
	a 375 395 0.8686615872424616
18.82134541678377 1
	a 358 371 0.9101856156001924
8.368814618220709 1
	a 306 297 0.9590193058306061
71.65492777518881 1
	a 285 203 0.6988811087249117
1.278597582319074 1
	a 158 161 0.9936274037579175
65.57962793141793 1
	a 67 58 0.7204363998667092
14.03254301402248 1
	a 252 264 0.9322421177226203
12.68864614540124 1
	a 281 268 0.9385273973064028
23.2610363763424 1
	a 333 306 0.8902035078566324
10.52653770111577 1
	a 89 81 0.9487284273464371
135.8014337986731 1
	a 401 366 0.5071202271963328
3.835792746957224 1
	a 263 270 0.981003782431322
12.31529067408512 1
	a 156 143 0.9402810553355041
129.7248882187345 1
	a 252 116 0.52276437560296
49.9272358795329 1
	a 280 256 0.7790841783908032
3.816718752979413 1
	a 208 214 0.9810973451939815
9.204844928455568 1
	a 180 171 0.9550188269210432
4.654109560445545 1
	a 215 222 0.9769981233187751
5.424630108730006 1
	a 186 198 0.973241378938998
15.54676938040628 1
	a 47 32 0.9252106414551519
23.2286605866013 1
	a 485 473 0.8903476247290474
134.4518507724982 1
	a 321 140 0.5105538031614106
42.11520158884168 1
	a 342 365 0.8101174774491517
58.1939286715892 1
	a 436 408 0.7475383704283893
7.997282274673643 1
	a 434 427 0.9608024950499893
4.018237914972951 1
	a 472 477 0.9801092934817696
9.174634651053873 1
	a 315 325 0.9551630947351212
183.3532849697241 1
	a 284 127 0.3998097680597998
57.47043285542297 1
	a 82 165 0.7502474719502646
2.712315054365001 1
	a 167 161 0.9865299685964932
33.47142796074208 1
	a 248 232 0.8458974537335607
6.846711116319194 1
	a 13 29 0.9663457828279073
7.604368420047836 1
	a 305 319 0.9626919134482856
12.29006771119488 1
	a 422 416 0.940399646184204
62.07276188039715 1
	a 443 401 0.7331801698583937
179.4520920383445 1
	a 390 490 0.4076850005710387
4.018237914972951 1
	a 471 466 0.9801092934817696
1.801036897166395 1
	a 17 21 0.9910352407514
101.9418165950352 1
	a 329 378 0.6006702986127239
3.658938715057739 1
	a 460 468 0.9818716384555221
73.43340384669082 1
	a 499 491 0.6926939421711183
46.89565862009636 1
	a 327 364 0.7909834035022886
3.835792746957224 1
	a 349 345 0.981003782431322
28.0272555617717 1
	a 3 32 0.8692397692357106
143.0881129152862 1
	a 494 442 0.4889766385492298
51.32792476787782 1
	a 413 402 0.7736469674581403
10.69955507296036 1
	a 347 341 0.9479080497510697
6.435450258560643 1
	a 4 20 0.9683349282488167
65.49224425265909 1
	a 243 220 0.7207512405562054
84.85209342362052 1
	a 255 152 0.6542534482034719
2.811857046997037 1
	a 112 108 0.9860390849711355
8.058147197093438 1
	a 292 304 0.9605101436904928
10.69955507296036 1
	a 469 480 0.9479080497510697
17.9444554966861 1
	a 137 113 0.9141850397888992
12.29505225311763 1
	a 178 154 0.9403762091689594
38.87651577923172 1
	a 149 95 0.8233428504070716
4.654109560445545 1
	a 59 50 0.9769981233187751
1.278597582319074 1
	a 357 356 0.9936274037579175
21.62785826888185 1
	a 35 16 0.8975025733832656
7.269919902713232 1
	a 483 476 0.9643031146479676
12.31529067408512 1
	a 143 156 0.9402810553355041
4.654109560445545 1
	a 224 230 0.9769981233187751
182.7022591679901 1
	a 242 122 0.4011133208990693
10.52653770111577 1
	a 81 89 0.9487284273464371
6.328735126851674 1
	a 380 374 0.9688517460642906
2.712315054365001 1
	a 265 261 0.9865299685964932
43.60746784707197 1
	a 158 145 0.8040954167979908
21.1963232780076 1
	a 443 446 0.8994411828998289
84.33530389116828 1
	a 0 130 0.6559461909089219
48.95833525201466 1
	a 21 99 0.782867611163923
12.74818185262339 1
	a 228 242 0.9382480594231816
3.835792746957224 1
	a 337 333 0.981003782431322
71.24068861467957 1
	a 248 220 0.7003301284275378
30.79299954601396 1
	a 67 112 0.8573020280032939
74.23373566069567 1
	a 97 208 0.6899275559335423
29.10852921020233 1
	a 282 258 0.8645530195155947
3.529586029305191 1
	a 69 75 0.9825068825271878
68.41285548954932 1
	a 428 395 0.7103025468069696
33.09144874483169 1
	a 379 355 0.8475060986348018
7.530414136407177 1
	a 127 140 0.9630479552253939
10.98341466523747 1
	a 197 212 0.946563640073117
51.32792476787782 1
	a 402 413 0.7736469674581403
8.138468549913707 1
	a 346 345 0.9601244737688071
36.81953205551785 1
	a 210 193 0.8318545607123107
2.712315054365001 1
	a 307 300 0.9865299685964932
16.3546857916818 1
	a 107 124 0.9214807158918936
19.07017193412419 1
	a 251 268 0.9090539281464713
279.1971868599807 1
	a 92 393 0.2475888096915371
12.90884911978359 1
	a 199 183 0.9374946333328481
7.997282274673643 1
	a 316 302 0.9608024950499893
51.29604599480201 1
	a 375 386 0.7737702918670383
3.816718752979413 1
	a 432 435 0.9810973451939815
15.90051107691193 1
	a 47 24 0.92357565987461
168.6442997427404 1
	a 347 442 0.4303220062870967
53.70177291974467 1
	a 499 494 0.7645186456288031
140.2867345659966 1
	a 347 184 0.4958738730349252
11.86424084762621 1
	a 337 326 0.9424040163728733
3.658938715057739 1
	a 311 317 0.9818716384555221
23.52716017061585 1
	a 25 62 0.889019773904782
30.79299954601396 1
	a 112 67 0.8573020280032939
4.41545383278015 1
	a 295 301 0.9781646501663815
7.511586179541625 1
	a 173 160 0.9631386206197394
11.21453045842008 1
	a 117 101 0.9454704428002887
27.80692296886657 1
	a 87 62 0.8701979061718546
47.13587730424341 1
	a 83 148 0.7900339288584499
14.12113804282143 1
	a 299 286 0.9318292490883068
46.1881201972263 1
	a 418 428 0.7937866147770742
2.654077009075358 1
	a 461 467 0.986817278310307
66.79970641233406 1
	a 15 94 0.716054833350773
12.30977165541249 1
	a 482 470 0.940307002837024
11.75336523558168 1
	a 33 46 0.942926609327066
7.698832476708746 1
	a 237 247 0.9622373218958472
49.49340756600654 1
	a 39 101 0.7807759564565552
19.90805391170984 1
	a 428 439 0.9052534949758839
11.69951152703009 1
	a 153 142 0.943180543987861
6.846711116319194 1
	a 331 325 0.9663457828279073
10.20970663443795 1
	a 89 108 0.9502325516132395
17.36364755364769 1
	a 412 409 0.9168437280511406
73.9564498160053 1
	a 123 3 0.6908847550502409
14.93006280242366 1
	a 65 61 0.9280679619550541
221.3931075187847 1
	a 83 113 0.3305605141722458
2.712315054365001 1
	a 58 52 0.9865299685964932
82.84318964312837 1
	a 169 275 0.6608582247012772
8.867002792661776 1
	a 151 133 0.9566334182306084
5.837212587204043 1
	a 475 478 0.9712357366810204
22.95904996064128 1
	a 335 319 0.891548669985699
88.05762714878398 1
	a 314 388 0.6438508779019361
14.95706838917812 1
	a 407 405 0.9279426553158897
5.51072426250149 1
	a 165 175 0.9728225171346718
25.66211773847043 1
	a 206 239 0.8795801490674363
36.81953205551785 1
	a 117 174 0.8318545607123107
3.250862265857187 1
	a 191 198 0.9838770771494869
110.7220275963567 1
	a 135 69 0.5748706971573633
67.77621119592824 1
	a 107 103 0.7125671996563082
14.38772145394927 1
	a 237 232 0.9305880253971377
5.256394638736764 1
	a 377 373 0.9740603919623205
3.658938715057739 1
	a 317 311 0.9818716384555221
5.51072426250149 1
	a 175 165 0.9728225171346718
24.14153057136848 1
	a 207 230 0.8862930269566599
88.01154814065157 1
	a 348 398 0.6439992350408489
1.801036897166395 1
	a 2 9 0.9910352407514
323.8670660426271 1
	a 293 268 0.1980302800938722
29.5076779538541 1
	a 93 130 0.8628293138672802
4.439993925150197 1
	a 70 78 0.9780446362750711
5.11439029913947 1
	a 407 411 0.9747522415608111
27.84000929474141 1
	a 448 444 0.8700539598213265
77.96626701738683 1
	a 159 194 0.6771710798679912
22.94808946536977 1
	a 480 458 0.8915975303994311
16.08728702851179 1
	a 364 371 0.9227135538751992
38.00344814391915 1
	a 150 164 0.8269448766957198
10.70543865691311 1
	a 276 284 0.9478801646782811
21.27074004150186 1
	a 27 64 0.8991065776453653
132.9438499828587 1
	a 334 216 0.5144179303131858
16.54193205871208 1
	a 230 242 0.9206184004972716
16.85182098514509 1
	a 108 92 0.9191930577883144
4.654109560445545 1
	a 50 59 0.9769981233187751
183.5344619194939 1
	a 442 490 0.3994477504863295
15.11730909959078 1
	a 124 141 0.9271994821205968
7.511586179541625 1
	a 170 180 0.9631386206197394
221.3931075187847 1
	a 113 83 0.3305605141722458
1.80821003624333 1
	a 209 206 0.9909996972207403
12.50139987837095 1
	a 488 486 0.9394064875163473
51.45888600714178 1
	a 23 22 0.7731405444526407
1.801036897166395 1
	a 21 17 0.9910352407514
19.22020861393399 1
	a 257 245 0.908372226713255
179.0866492338734 1
	a 149 363 0.408430609306707
19.7231553341801 1
	a 237 256 0.9060907823669923
76.61362109436836 1
	a 179 262 0.6817664656779862
22.68009649424501 1
	a 410 401 0.89279304054744
13.56157527182502 1
	a 371 360 0.9344399843445016
3.529586029305191 1
	a 75 69 0.9825068825271878
129.2523930513827 1
	a 276 387 0.5240008538084867
12.75593027372336 1
	a 478 479 0.9382117104220014
20.49333587870409 1
	a 349 368 0.9026082247053255
181.4187291503342 1
	a 250 262 0.4036958037103127
58.05386722353902 1
	a 400 370 0.7480620603120715
69.19450050761874 1
	a 78 0 0.7075319421716454
15.68702011791044 1
	a 154 133 0.9245620615172132
46.88037674393287 1
	a 53 64 0.7910438443634821
21.62785826888185 1
	a 16 35 0.8975025733832656
39.12170616701026 1
	a 365 334 0.8223340901154029
2.811857046997037 1
	a 290 294 0.9860390849711355
14.34554676306392 1
	a 302 282 0.9307842824006701
78.54488337972447 1
	a 431 446 0.675214799737149
24.55843684168118 1
	a 154 192 0.8844474456096822
85.00072075439124 1
	a 71 165 0.6537674290968751
5.885617375358755 1
	a 107 99 0.9710007028236662
1.80821003624333 1
	a 461 464 0.9909996972207403
29.28014000559656 1
	a 18 32 0.8638115045343318
47.42584484920195 1
	a 327 334 0.7888893378006692
18.41123889017553 1
	a 44 14 0.9120538957371723
162.7257548324848 1
	a 390 449 0.4432467021726048
37.60470597629402 1
	a 460 435 0.8285952102562167
14.65908969020133 1
	a 352 366 0.929326221468841
4.018237914972951 1
	a 257 258 0.9801092934817696
2.712315054365001 1
	a 224 221 0.9865299685964932
55.5630334576415 1
	a 80 157 0.7574368076761003
7.698832476708746 1
	a 247 237 0.9622373218958472
27.43297485671107 1
	a 230 189 0.8718264725167572
10.05187033104732 1
	a 283 274 0.9509827535636006
2.811857046997037 1
	a 479 477 0.9860390849711355
65.33893612911487 1
	a 417 431 0.7213039374626157
5.029058064803587 1
	a 245 249 0.9751682192287419
52.15548026890431 1
	a 192 203 0.7704524021973143
28.25600778334226 1
	a 217 242 0.8682461349427114
158.3129860409243 1
	a 20 149 0.4531351152986635
28.65948423662111 1
	a 224 204 0.8664963162073113
5.301636596306593 1
	a 426 425 0.9738400748875814
59.23445313151659 1
	a 57 126 0.743659310025272
3.835792746957224 1
	a 479 475 0.981003782431322
4.018237914972951 1
	a 258 257 0.9801092934817696
9.421705848501611 1
	a 327 317 0.9539838568265261
6.665768872211933 1
	a 209 201 0.9672204422980087
2.811857046997037 1
	a 294 290 0.9860390849711355
11.56611896855139 1
	a 209 225 0.9438098201457747
10.55714864772466 1
	a 300 308 0.9485832310820291
49.25098009302653 1
	a 125 58 0.781722937986892
34.81330041768041 1
	a 127 85 0.8402410180179364
13.63465661193385 1
	a 226 223 0.9340985960895423
19.89862804429608 1
	a 110 128 0.90529615997836
3.250862265857187 1
	a 472 475 0.9838770771494869
8.898896694428222 1
	a 381 387 0.9564808765324688
10.69955507296036 1
	a 341 347 0.9479080497510697
22.06281755751224 1
	a 428 419 0.8955528089178538
12.41677004322365 1
	a 372 365 0.9398040807119052
2.712315054365001 1
	a 271 266 0.9865299685964932
8.898896694428222 1
	a 387 381 0.9564808765324688
84.65215077968391 1
	a 357 262 0.6549078410727638
161.2621279691872 1
	a 391 413 0.4465023391390996
27.80692296886657 1
	a 62 87 0.8701979061718546
3.835792746957224 1
	a 293 288 0.981003782431322
103.4932666526778 1
	a 57 87 0.5960287747720233
32.65924441487569 1
	a 421 439 0.849339558021463
63.01971427367447 1
	a 149 190 0.7297169415264099
14.80158685744401 1
	a 317 324 0.9286643255225663
162.7257548324848 1
	a 449 390 0.4432467021726048
27.03612103296364 1
	a 241 267 0.8735581283304733
