0.2701555345749592 2
	a 0 3 0.9910352407514
	a 3 0 0.9910352407514
11.76124271616615 2
	a 1 15 0.675676124259486
	a 15 1 0.675676124259486
15.836328066473 2
	a 1 49 0.5898555502070166
	a 49 1 0.5898555502070166
0.8678838813832842 2
	a 1 6 0.9714849879654753
	a 6 1 0.9714849879654753
1.812791290068011 2
	a 1 9 0.941363073066135
	a 9 1 0.941363073066135
1.828816583157894 2
	a 1 3 0.9408603533769324
	a 3 1 0.9408603533769324
8.540586550745477 2
	a 2 31 0.7522502596119007
	a 31 2 0.7522502596119007
16.59538020684834 2
	a 2 42 0.575118403514095
	a 42 2 0.575118403514095
0.9056588220468618 2
	a 3 9 0.9702624981924419
	a 9 3 0.9702624981924419
0.3897640175368631 2
	a 4 8 0.9870918995356759
	a 8 4 0.9870918995356759
9.552221014404369 2
	a 5 34 0.7273064473065802
	a 34 5 0.7273064473065802
1.633168994081954 2
	a 6 11 0.9470163068427434
	a 11 6 0.9470163068427434
1.220770282487056 2
	a 6 9 0.9601244737688071
	a 9 6 0.9601244737688071
4.448401649766214 2
	a 7 19 0.8621896206202947
	a 19 7 0.8621896206202947
2.603710727412789 2
	a 8 12 0.9168692901828099
	a 12 8 0.9168692901828099
1.220770282487056 2
	a 9 11 0.9601244737688071
	a 11 9 0.9601244737688071
7.216130394658967 2
	a 9 26 0.7862050208247818
	a 26 9 0.7862050208247818
5.358061959253829 2
	a 10 25 0.8364386811485165
	a 25 10 0.8364386811485165
13.56797080675114 2
	a 11 49 0.6361851169804555
	a 49 11 0.6361851169804555
11.49961344793666 2
	a 11 36 0.6815944485286152
	a 36 11 0.6815944485286152
6.350253323540731 2
	a 11 24 0.8092275641712552
	a 24 11 0.8092275641712552
1.330050418899266 2
	a 12 14 0.9566334182306084
	a 14 12 0.9566334182306084
1.754926729054513 2
	a 12 18 0.943180543987861
	a 18 12 0.943180543987861
3.769073340711518 2
	a 13 29 0.8819360087688078
	a 29 13 0.8819360087688078
4.058802247150524 2
	a 14 20 0.873459593846289
	a 20 14 0.873459593846289
0.6027356872459425 2
	a 14 18 0.9801092934817696
	a 18 14 0.9801092934817696
2.958936938741883 2
	a 15 27 0.9060767791860235
	a 27 15 0.9060767791860235
6.919941070197217 2
	a 16 36 0.7940056496438044
	a 36 16 0.7940056496438044
3.769985144183868 2
	a 16 26 0.8819092040989802
	a 26 16 0.8819092040989802
7.306200193536104 2
	a 16 29 0.7838481164235631
	a 29 16 0.7838481164235631
2.159927619420729 2
	a 16 19 0.9305331408927563
	a 19 16 0.9305331408927563
1.453744046139253 2
	a 17 23 0.9526972232628116
	a 23 17 0.9526972232628116
4.087840513628286 2
	a 17 28 0.8726145444769577
	a 28 17 0.8726145444769577
2.68551096248225 2
	a 18 28 0.9143726913203425
	a 28 18 0.9143726913203425
2.211714673489286 2
	a 19 26 0.9289282075348095
	a 26 19 0.9289282075348095
1.027952275406858 2
	a 20 23 0.966315323832502
	a 23 20 0.966315323832502
1.533956076087579 2
	a 21 25 0.9501533663036585
	a 25 21 0.9501533663036585
2.034778658853599 2
	a 21 27 0.9344230908165426
	a 27 21 0.9344230908165426
2.292841933467983 2
	a 22 28 0.9264195543930618
	a 28 22 0.9264195543930618
1.960778042844447 2
	a 22 30 0.9367308654031997
	a 30 22 0.9367308654031997
3.395700091677062 2
	a 23 28 0.8929809748820795
	a 28 23 0.8929809748820795
1.935871965749386 2
	a 23 31 0.9375088646787151
	a 31 23 0.9375088646787151
0.5488408072586609 2
	a 24 26 0.9818716384555221
	a 26 24 0.9818716384555221
0.3835792746957232 2
	a 25 27 0.9872954174986995
	a 27 25 0.9872954174986995
5.887321867974165 2
	a 25 37 0.8218116369898301
	a 37 25 0.8218116369898301
4.404659814886136 2
	a 26 36 0.8634476627492853
	a 36 26 0.8634476627492853
4.892989451909125 2
	a 27 37 0.8495065322325807
	a 37 27 0.8495065322325807
0.487629339878578 2
	a 28 30 0.9838770771494869
	a 30 28 0.9838770771494869
4.498956856227057 2
	a 29 39 0.8607379050175828
	a 39 29 0.8607379050175828
1.712188283485123 2
	a 30 33 0.944525170559318
	a 33 30 0.944525170559318
4.332000289494044 2
	a 31 33 0.8655414538694627
	a 33 31 0.8655414538694627
4.185271621452946 2
	a 31 38 0.8697851480918919
	a 38 31 0.8697851480918919
3.697805716638496 2
	a 32 38 0.884033615437374
	a 38 32 0.884033615437374
3.410152223953312 2
	a 32 35 0.892550895844077
	a 35 32 0.892550895844077
2.671253212784895 2
	a 33 38 0.9148073578336982
	a 38 33 0.9148073578336982
3.965587442118924 2
	a 34 44 0.8761777934582904
	a 44 34 0.8761777934582904
4.089123524538977 2
	a 34 41 0.8725772261422476
	a 41 34 0.8725772261422476
2.010524034629345 2
	a 35 38 0.9351788656570947
	a 38 35 0.9351788656570947
0.9589481822187813 2
	a 36 39 0.9685405390892792
	a 39 36 0.9685405390892792
1.255322192733106 2
	a 37 42 0.9590193058306061
	a 42 37 0.9590193058306061
0.1917896373478611 2
	a 37 40 0.9936274037579175
	a 40 37 0.9936274037579175
0.99986533083179 2
	a 37 43 0.9672204422980087
	a 43 37 0.9672204422980087
0.5491773151464054 2
	a 38 42 0.9818606249322548
	a 42 38 0.9818606249322548
2.634386264791015 2
	a 38 45 0.9159322540598311
	a 45 38 0.9159322540598311
1.277257733339577 2
	a 39 44 0.9583183418980348
	a 44 39 0.9583183418980348
0.3282999206120918 2
	a 39 41 0.9891163297299831
	a 41 39 0.9891163297299831
0.4217785570495555 2
	a 40 42 0.9860390849711355
	a 42 40 0.9860390849711355
1.161205967875288 2
	a 41 44 0.9620326726920289
	a 44 41 0.9620326726920289
1.165489355260694 2
	a 42 45 0.96189532387708
	a 45 42 0.96189532387708
0.7241308354215087 2
	a 42 43 0.9761512898261859
	a 43 42 0.9761512898261859
1.094826392103268 2
	a 43 45 0.9641636734277614
	a 45 43 0.9641636734277614
1.69290710932188 2
	a 43 46 0.9451324174894826
	a 46 43 0.9451324174894826
1.73006200572298 2
	a 44 49 0.9439625988119702
	a 49 44 0.9439625988119702
0.3002129760370238 2
	a 45 46 0.990042805211115
	a 46 45 0.990042805211115
3.806749191465107 2
	a 45 49 0.8808291143194379
	a 49 45 0.8808291143194379
0.1356157527182506 2
	a 46 47 0.9954896771040572
	a 47 46 0.9954896771040572
2.032393751869971 2
	a 46 48 0.9344973775077826
	a 48 46 0.9344973775077826
2.883031292090099 2
	a 46 49 0.908372226713255
	a 49 46 0.908372226713255
0.7269919299976549 2
	a 47 48 0.9760581988932618
	a 48 47 0.9760581988932618
0.1917896373478611 2
	a 48 49 0.9936274037579175
	a 49 48 0.9936274037579175
