source_id,target_id,length
1,0,16969.5607661286
0,1,16969.5607661286
2,0,22308.7096542597
0,2,22308.7096542597
3,0,209.015082828415
0,3,209.015082828415
4,0,4650.70437312001
0,4,4650.70437312001
5,0,1890.06597170874
0,5,1890.06597170874
6,0,22308.7096542597
0,6,22308.7096542597
7,0,22308.7096542597
0,7,22308.7096542597
8,0,22308.7096542597
0,8,22308.7096542597
9,0,22308.7096542597
0,9,22308.7096542597
10,0,22308.7096542597
0,10,22308.7096542597
11,0,22308.7096542597
0,11,22308.7096542597
12,0,22308.7096542597
0,12,22308.7096542597
13,0,13.1606728300905
0,13,13.1606728300905
14,0,22308.7096542597
0,14,22308.7096542597
15,0,22308.7096542597
0,15,22308.7096542597
16,0,22308.7096542597
0,16,22308.7096542597
17,0,22308.7096542597
0,17,22308.7096542597
18,0,565.38169235455
0,18,565.38169235455
19,0,22308.7096542597
0,19,22308.7096542597
20,0,22308.7096542597
0,20,22308.7096542597
21,0,3060.87845202949
0,21,3060.87845202949
22,0,59.8645799735515
0,22,59.8645799735515
23,0,22308.7096542597
0,23,22308.7096542597
24,0,22308.7096542597
0,24,22308.7096542597
25,0,22308.7096542597
0,25,22308.7096542597
26,0,1513.53143810936
0,26,1513.53143810936
27,0,107.567624039479
0,27,107.567624039479
28,0,22308.7096542597
0,28,22308.7096542597
29,0,22308.7096542597
0,29,22308.7096542597
30,0,3629.15562483839
0,30,3629.15562483839
31,0,22308.7096542597
0,31,22308.7096542597
32,0,22308.7096542597
0,32,22308.7096542597
33,0,22308.7096542597
0,33,22308.7096542597
34,0,2296.36376413439
0,34,2296.36376413439
35,0,22308.7096542597
0,35,22308.7096542597
36,0,2139.16425285647
0,36,2139.16425285647
37,0,22308.7096542597
0,37,22308.7096542597
38,0,22308.7096542597
0,38,22308.7096542597
39,0,22308.7096542597
0,39,22308.7096542597
40,0,22308.7096542597
0,40,22308.7096542597
41,0,22308.7096542597
0,41,22308.7096542597
42,0,1182.55028244418
0,42,1182.55028244418
43,0,22308.7096542597
0,43,22308.7096542597
44,0,1843.50407122099
0,44,1843.50407122099
45,0,2495.50980605778
0,45,2495.50980605778
46,0,928.635085911697
0,46,928.635085911697
47,0,22308.7096542597
0,47,22308.7096542597
48,0,22308.7096542597
0,48,22308.7096542597
49,0,1966.61282074574
0,49,1966.61282074574
50,0,2525.12221328936
0,50,2525.12221328936
51,0,3583.06752490396
0,51,3583.06752490396
52,0,22308.7096542597
0,52,22308.7096542597
53,0,22308.7096542597
0,53,22308.7096542597
54,0,22308.7096542597
0,54,22308.7096542597
55,0,22308.7096542597
0,55,22308.7096542597
56,0,3246.50266512117
0,56,3246.50266512117
57,0,22308.7096542597
0,57,22308.7096542597
58,0,22308.7096542597
0,58,22308.7096542597
59,0,458.749189401873
0,59,458.749189401873
60,0,2093.53640074318
0,60,2093.53640074318
61,0,22308.7096542597
0,61,22308.7096542597
62,0,1408.34848197442
0,62,1408.34848197442
63,0,16.5179244338511
0,63,16.5179244338511
64,0,3407.56983920375
0,64,3407.56983920375
65,0,108.215290187176
0,65,108.215290187176
66,0,48.1510227320691
0,66,48.1510227320691
67,0,2566.8823054889
0,67,2566.8823054889
68,0,22308.7096542597
0,68,22308.7096542597
69,0,1351.7518598317
0,69,1351.7518598317
70,0,22308.7096542597
0,70,22308.7096542597
71,0,4048.2435322476
0,71,4048.2435322476
72,0,22308.7096542597
0,72,22308.7096542597
73,0,199.366030960776
0,73,199.366030960776
74,0,208.469117950489
0,74,208.469117950489
75,0,22308.7096542597
0,75,22308.7096542597
76,0,80.3944406659392
0,76,80.3944406659392
77,0,22308.7096542597
0,77,22308.7096542597
78,0,22308.7096542597
0,78,22308.7096542597
79,0,22308.7096542597
0,79,22308.7096542597
80,0,1475.73581716182
0,80,1475.73581716182
81,0,1246.88049273032
0,81,1246.88049273032
82,0,22308.7096542597
0,82,22308.7096542597
83,0,2675.36454288528
0,83,2675.36454288528
84,0,346.819550136723
0,84,346.819550136723
85,0,22308.7096542597
0,85,22308.7096542597
86,0,3557.69073355022
0,86,3557.69073355022
87,0,22308.7096542597
0,87,22308.7096542597
88,0,3705.72412251647
0,88,3705.72412251647
89,0,22308.7096542597
0,89,22308.7096542597
90,0,22308.7096542597
0,90,22308.7096542597
91,0,22308.7096542597
0,91,22308.7096542597
92,0,22308.7096542597
0,92,22308.7096542597
93,0,3274.16139513681
0,93,3274.16139513681
94,0,22308.7096542597
0,94,22308.7096542597
95,0,5140.51463513708
0,95,5140.51463513708
96,0,22308.7096542597
0,96,22308.7096542597
97,0,22308.7096542597
0,97,22308.7096542597
98,0,498.428362652001
0,98,498.428362652001
99,0,2088.13085653191
0,99,2088.13085653191
100,0,22308.7096542597
0,100,22308.7096542597
101,0,5281.65621814055
0,101,5281.65621814055
102,0,22308.7096542597
0,102,22308.7096542597
103,0,1268.92772227147
0,103,1268.92772227147
104,0,3879.26937260574
0,104,3879.26937260574
105,0,22308.7096542597
0,105,22308.7096542597
106,0,2017.46600208288
0,106,2017.46600208288
107,0,3161.37791848911
0,107,3161.37791848911
108,0,638.151102972284
0,108,638.151102972284
109,0,22308.7096542597
0,109,22308.7096542597
110,0,22308.7096542597
0,110,22308.7096542597
111,0,883.397085364597
0,111,883.397085364597
112,0,22308.7096542597
0,112,22308.7096542597
113,0,292.687214274518
0,113,292.687214274518
114,0,292.78686601649
0,114,292.78686601649
115,0,22308.7096542597
0,115,22308.7096542597
116,0,22308.7096542597
0,116,22308.7096542597
117,0,2773.33854261995
0,117,2773.33854261995
118,0,22308.7096542597
0,118,22308.7096542597
119,0,22308.7096542597
0,119,22308.7096542597
120,0,3313.92255099483
0,120,3313.92255099483
121,0,22308.7096542597
0,121,22308.7096542597
122,0,22308.7096542597
0,122,22308.7096542597
123,0,22308.7096542597
0,123,22308.7096542597
124,0,22308.7096542597
0,124,22308.7096542597
125,0,22308.7096542597
0,125,22308.7096542597
126,0,22308.7096542597
0,126,22308.7096542597
127,0,638.591330125841
0,127,638.591330125841
128,0,22308.7096542597
0,128,22308.7096542597
129,0,3063.90559864338
0,129,3063.90559864338
130,0,22308.7096542597
0,130,22308.7096542597
131,0,22308.7096542597
0,131,22308.7096542597
132,0,22308.7096542597
0,132,22308.7096542597
133,0,22308.7096542597
0,133,22308.7096542597
134,0,64.8620764868434
0,134,64.8620764868434
135,0,22308.7096542597
0,135,22308.7096542597
136,0,22308.7096542597
0,136,22308.7096542597
137,0,1713.25836697113
0,137,1713.25836697113
138,0,22308.7096542597
0,138,22308.7096542597
139,0,22308.7096542597
0,139,22308.7096542597
140,0,22308.7096542597
0,140,22308.7096542597
141,0,3906.47309179308
0,141,3906.47309179308
142,0,22308.7096542597
0,142,22308.7096542597
143,0,22308.7096542597
0,143,22308.7096542597
144,0,555.149510673748
0,144,555.149510673748
145,0,22308.7096542597
0,145,22308.7096542597
146,0,743.381172552911
0,146,743.381172552911
147,0,22308.7096542597
0,147,22308.7096542597
148,0,22308.7096542597
0,148,22308.7096542597
149,0,22308.7096542597
0,149,22308.7096542597
150,0,1877.77863381263
0,150,1877.77863381263
151,0,2674.51727415655
0,151,2674.51727415655
152,0,2371.59833783645
0,152,2371.59833783645
153,0,3807.3332858985
0,153,3807.3332858985
154,0,22308.7096542597
0,154,22308.7096542597
155,0,22308.7096542597
0,155,22308.7096542597
156,0,22308.7096542597
0,156,22308.7096542597
157,0,22308.7096542597
0,157,22308.7096542597
158,0,85.016924850148
0,158,85.016924850148
159,0,22308.7096542597
0,159,22308.7096542597
160,0,22308.7096542597
0,160,22308.7096542597
161,0,22308.7096542597
0,161,22308.7096542597
162,0,1044.47295807687
0,162,1044.47295807687
163,0,22308.7096542597
0,163,22308.7096542597
164,0,3290.64967318967
0,164,3290.64967318967
165,0,2046.09038249843
0,165,2046.09038249843
166,0,1383.91608964116
0,166,1383.91608964116
167,0,22308.7096542597
0,167,22308.7096542597
168,0,22308.7096542597
0,168,22308.7096542597
169,0,22308.7096542597
0,169,22308.7096542597
170,0,22308.7096542597
0,170,22308.7096542597
171,0,22308.7096542597
0,171,22308.7096542597
172,0,22308.7096542597
0,172,22308.7096542597
173,0,419.518723699466
0,173,419.518723699466
174,0,22308.7096542597
0,174,22308.7096542597
175,0,22308.7096542597
0,175,22308.7096542597
176,0,22308.7096542597
0,176,22308.7096542597
177,0,22308.7096542597
0,177,22308.7096542597
178,0,1514.4985975832
0,178,1514.4985975832
179,0,50.6094395403591
0,179,50.6094395403591
180,0,22308.7096542597
0,180,22308.7096542597
181,0,2016.75353996225
0,181,2016.75353996225
182,0,2790.34641712413
0,182,2790.34641712413
183,0,22308.7096542597
0,183,22308.7096542597
184,0,380.157456302987
0,184,380.157456302987
185,0,22308.7096542597
0,185,22308.7096542597
186,0,22308.7096542597
0,186,22308.7096542597
187,0,14.5043854330956
0,187,14.5043854330956
188,0,22308.7096542597
0,188,22308.7096542597
189,0,22308.7096542597
0,189,22308.7096542597
190,0,3841.64885128922
0,190,3841.64885128922
191,0,22308.7096542597
0,191,22308.7096542597
192,0,1614.93100948314
0,192,1614.93100948314
193,0,2445.53359761925
0,193,2445.53359761925
194,0,1052.86674722725
0,194,1052.86674722725
195,0,940.736302046984
0,195,940.736302046984
196,0,22308.7096542597
0,196,22308.7096542597
197,0,52.934369570561
0,197,52.934369570561
198,0,2078.28677065475
0,198,2078.28677065475
199,0,22308.7096542597
0,199,22308.7096542597
200,0,22308.7096542597
0,200,22308.7096542597
201,0,283.508551489658
0,201,283.508551489658
202,0,40.4660277863141
0,202,40.4660277863141
203,0,108.195708719469
0,203,108.195708719469
204,0,22308.7096542597
0,204,22308.7096542597
205,0,22308.7096542597
0,205,22308.7096542597
206,0,22308.7096542597
0,206,22308.7096542597
207,0,22308.7096542597
0,207,22308.7096542597
208,0,22308.7096542597
0,208,22308.7096542597
209,0,3763.19065953884
0,209,3763.19065953884
210,0,1540.24079018818
0,210,1540.24079018818
211,0,29.526683829682
0,211,29.526683829682
212,0,22308.7096542597
0,212,22308.7096542597
213,0,1367.24202456724
0,213,1367.24202456724
214,0,3688.87471321093
0,214,3688.87471321093
215,0,4181.45841645791
0,215,4181.45841645791
216,0,22308.7096542597
0,216,22308.7096542597
217,0,22308.7096542597
0,217,22308.7096542597
218,0,22308.7096542597
0,218,22308.7096542597
219,0,439.135739240407
0,219,439.135739240407
220,0,22308.7096542597
0,220,22308.7096542597
221,0,4836.21159128378
0,221,4836.21159128378
222,0,2884.58695504973
0,222,2884.58695504973
223,0,229.190074716838
0,223,229.190074716838
224,0,22308.7096542597
0,224,22308.7096542597
225,0,279.655816095192
0,225,279.655816095192
226,0,1837.51577198785
0,226,1837.51577198785
227,0,1219.54756740526
0,227,1219.54756740526
228,0,1157.28432878784
0,228,1157.28432878784
229,0,3975.93751358767
0,229,3975.93751358767
230,0,893.000273217096
0,230,893.000273217096
231,0,3822.95466614025
0,231,3822.95466614025
232,0,22308.7096542597
0,232,22308.7096542597
233,0,1629.13122432631
0,233,1629.13122432631
234,0,22308.7096542597
0,234,22308.7096542597
235,0,22308.7096542597
0,235,22308.7096542597
236,0,1474.37438460381
0,236,1474.37438460381
237,0,22308.7096542597
0,237,22308.7096542597
238,0,3134.17303446443
0,238,3134.17303446443
239,0,22308.7096542597
0,239,22308.7096542597
240,0,22308.7096542597
0,240,22308.7096542597
241,0,2214.42986893883
0,241,2214.42986893883
242,0,690.808371909464
0,242,690.808371909464
243,0,22308.7096542597
0,243,22308.7096542597
244,0,2022.3103361091
0,244,2022.3103361091
245,0,4912.63146439096
0,245,4912.63146439096
246,0,3007.67741248835
0,246,3007.67741248835
247,0,135.890057759423
0,247,135.890057759423
248,0,22308.7096542597
0,248,22308.7096542597
249,0,22308.7096542597
0,249,22308.7096542597
250,0,22308.7096542597
0,250,22308.7096542597
251,0,22308.7096542597
0,251,22308.7096542597
252,0,874.388809714078
0,252,874.388809714078
253,0,22308.7096542597
0,253,22308.7096542597
254,0,1655.90316455913
0,254,1655.90316455913
255,0,2581.22299725693
0,255,2581.22299725693
256,0,22308.7096542597
0,256,22308.7096542597
257,0,22308.7096542597
0,257,22308.7096542597
258,0,22308.7096542597
0,258,22308.7096542597
259,0,1335.40892815157
0,259,1335.40892815157
260,0,1364.51064466273
0,260,1364.51064466273
261,0,22308.7096542597
0,261,22308.7096542597
262,0,865.178492181463
0,262,865.178492181463
263,0,22308.7096542597
0,263,22308.7096542597
264,0,22308.7096542597
0,264,22308.7096542597
265,0,22308.7096542597
0,265,22308.7096542597
266,0,22308.7096542597
0,266,22308.7096542597
267,0,8.9543819094681
0,267,8.9543819094681
268,0,22308.7096542597
0,268,22308.7096542597
269,0,35.8054375671621
0,269,35.8054375671621
270,0,550.15894516302
0,270,550.15894516302
271,0,22308.7096542597
0,271,22308.7096542597
272,0,22308.7096542597
0,272,22308.7096542597
273,0,22308.7096542597
0,273,22308.7096542597
274,0,1095.97765478962
0,274,1095.97765478962
275,0,22308.7096542597
0,275,22308.7096542597
276,0,70.9521706759299
0,276,70.9521706759299
277,0,22308.7096542597
0,277,22308.7096542597
278,0,1817.46290856029
0,278,1817.46290856029
279,0,22308.7096542597
0,279,22308.7096542597
280,0,2811.16109284832
0,280,2811.16109284832
281,0,22308.7096542597
0,281,22308.7096542597
282,0,1034.05523845501
0,282,1034.05523845501
283,0,1908.00909371165
0,283,1908.00909371165
284,0,100.474645684692
0,284,100.474645684692
285,0,8.24708207455953
0,285,8.24708207455953
286,0,22308.7096542597
0,286,22308.7096542597
287,0,1809.13739901838
0,287,1809.13739901838
288,0,1133.01438651851
0,288,1133.01438651851
289,0,22308.7096542597
0,289,22308.7096542597
290,0,22308.7096542597
0,290,22308.7096542597
291,0,3297.8555082384
0,291,3297.8555082384
292,0,3398.37096350098
0,292,3398.37096350098
293,0,22308.7096542597
0,293,22308.7096542597
294,0,22308.7096542597
0,294,22308.7096542597
295,0,995.575545515131
0,295,995.575545515131
296,0,22308.7096542597
0,296,22308.7096542597
297,0,3928.02730649263
0,297,3928.02730649263
298,0,22308.7096542597
0,298,22308.7096542597
299,0,1311.80507311588
0,299,1311.80507311588
300,0,784.363466924258
0,300,784.363466924258
301,0,22308.7096542597
0,301,22308.7096542597
302,0,1438.38980713091
0,302,1438.38980713091
303,0,3642.73231860155
0,303,3642.73231860155
304,0,4382.72973189233
0,304,4382.72973189233
305,0,3642.07694211049
0,305,3642.07694211049
306,0,22308.7096542597
0,306,22308.7096542597
307,0,4570.51713172172
0,307,4570.51713172172
308,0,899.302333999725
0,308,899.302333999725
309,0,5127.53293545521
0,309,5127.53293545521
310,0,2471.0347650827
0,310,2471.0347650827
311,0,601.456900575889
0,311,601.456900575889
312,0,5784.52303932404
0,312,5784.52303932404
313,0,3525.35979023107
0,313,3525.35979023107
314,0,1697.07461996436
0,314,1697.07461996436
315,0,3565.44958952338
0,315,3565.44958952338
316,0,845.48765098663
0,316,845.48765098663
317,0,5617.67188004037
0,317,5617.67188004037
318,0,22308.7096542597
0,318,22308.7096542597
319,0,22308.7096542597
0,319,22308.7096542597
320,0,5196.4979133812
0,320,5196.4979133812
321,0,22308.7096542597
0,321,22308.7096542597
322,0,2146.9922973023
0,322,2146.9922973023
323,0,3146.09955031738
0,323,3146.09955031738
324,0,2179.87299711033
0,324,2179.87299711033
325,0,4095.81676753733
0,325,4095.81676753733
326,0,22308.7096542597
0,326,22308.7096542597
327,0,2833.71831026615
0,327,2833.71831026615
328,0,5015.75395627535
0,328,5015.75395627535
329,0,1977.57391779412
0,329,1977.57391779412
330,0,2890.27886539355
0,330,2890.27886539355
331,0,982.749506870642
0,331,982.749506870642
332,0,1122.75807417833
0,332,1122.75807417833
333,0,22308.7096542597
0,333,22308.7096542597
334,0,2837.3023031199
0,334,2837.3023031199
335,0,6249.24139929035
0,335,6249.24139929035
336,0,2621.35315981641
0,336,2621.35315981641
337,0,1469.41174913159
0,337,1469.41174913159
338,0,4757.93516402311
0,338,4757.93516402311
339,0,22308.7096542597
0,339,22308.7096542597
340,0,4818.27221560935
0,340,4818.27221560935
341,0,22308.7096542597
0,341,22308.7096542597
342,0,22308.7096542597
0,342,22308.7096542597
343,0,22308.7096542597
0,343,22308.7096542597
344,0,22308.7096542597
0,344,22308.7096542597
345,0,22308.7096542597
0,345,22308.7096542597
346,0,1336.8134765921
0,346,1336.8134765921
347,0,867.684164647559
0,347,867.684164647559
348,0,22308.7096542597
0,348,22308.7096542597
349,0,409.801726894432
0,349,409.801726894432
350,0,3557.61247791007
0,350,3557.61247791007
351,0,22308.7096542597
0,351,22308.7096542597
352,0,22308.7096542597
0,352,22308.7096542597
353,0,3147.64289597582
0,353,3147.64289597582
354,0,509.054063090043
0,354,509.054063090043
355,0,2889.46305882048
0,355,2889.46305882048
356,0,4089.63659414558
0,356,4089.63659414558
357,0,22308.7096542597
0,357,22308.7096542597
2,1,10064.4736770983
1,2,10064.4736770983
3,1,22308.7096542597
1,3,22308.7096542597
4,1,22308.7096542597
1,4,22308.7096542597
5,1,22308.7096542597
1,5,22308.7096542597
6,1,287.123694523871
1,6,287.123694523871
7,1,1411.47291583407
1,7,1411.47291583407
8,1,1258.4407560835
1,8,1258.4407560835
9,1,73.0963078491009
1,9,73.0963078491009
10,1,596.05778549236
1,10,596.05778549236
11,1,1222.69374352684
1,11,1222.69374352684
12,1,1453.69461708447
1,12,1453.69461708447
13,1,22308.7096542597
1,13,22308.7096542597
14,1,2379.84616547183
1,14,2379.84616547183
15,1,1226.93001848171
1,15,1226.93001848171
16,1,1025.33500479077
1,16,1025.33500479077
17,1,488.876408993215
1,17,488.876408993215
18,1,22308.7096542597
1,18,22308.7096542597
19,1,2407.97794746379
1,19,2407.97794746379
20,1,575.063428384845
1,20,575.063428384845
21,1,22308.7096542597
1,21,22308.7096542597
22,1,22308.7096542597
1,22,22308.7096542597
23,1,1999.06981680965
1,23,1999.06981680965
24,1,1034.735195394
1,24,1034.735195394
25,1,744.69165361783
1,25,744.69165361783
26,1,22308.7096542597
1,26,22308.7096542597
27,1,22308.7096542597
1,27,22308.7096542597
28,1,1054.90821216821
1,28,1054.90821216821
29,1,1691.82009921173
1,29,1691.82009921173
30,1,22308.7096542597
1,30,22308.7096542597
31,1,1764.5406901472
1,31,1764.5406901472
32,1,22308.7096542597
1,32,22308.7096542597
33,1,1627.70644068593
1,33,1627.70644068593
34,1,22308.7096542597
1,34,22308.7096542597
35,1,2786.59999163769
1,35,2786.59999163769
36,1,22308.7096542597
1,36,22308.7096542597
37,1,1119.77539190344
1,37,1119.77539190344
38,1,1818.33823778288
1,38,1818.33823778288
39,1,463.13059014946
1,39,463.13059014946
40,1,1527.91977630658
1,40,1527.91977630658
41,1,1182.61111180242
1,41,1182.61111180242
42,1,22308.7096542597
1,42,22308.7096542597
43,1,995.479855330411
1,43,995.479855330411
44,1,22308.7096542597
1,44,22308.7096542597
45,1,22308.7096542597
1,45,22308.7096542597
46,1,22308.7096542597
1,46,22308.7096542597
47,1,623.393077557489
1,47,623.393077557489
48,1,1977.0044657185
1,48,1977.0044657185
49,1,22308.7096542597
1,49,22308.7096542597
50,1,22308.7096542597
1,50,22308.7096542597
51,1,22308.7096542597
1,51,22308.7096542597
52,1,22308.7096542597
1,52,22308.7096542597
53,1,2550.63149916492
1,53,2550.63149916492
54,1,1164.39995162489
1,54,1164.39995162489
55,1,4315.25770585065
1,55,4315.25770585065
56,1,22308.7096542597
1,56,22308.7096542597
57,1,4026.2223847053
1,57,4026.2223847053
58,1,1325.42873766967
1,58,1325.42873766967
59,1,22308.7096542597
1,59,22308.7096542597
60,1,22308.7096542597
1,60,22308.7096542597
61,1,1046.21818275213
1,61,1046.21818275213
62,1,22308.7096542597
1,62,22308.7096542597
63,1,22308.7096542597
1,63,22308.7096542597
64,1,22308.7096542597
1,64,22308.7096542597
65,1,22308.7096542597
1,65,22308.7096542597
66,1,22308.7096542597
1,66,22308.7096542597
67,1,22308.7096542597
1,67,22308.7096542597
68,1,22308.7096542597
1,68,22308.7096542597
69,1,22308.7096542597
1,69,22308.7096542597
70,1,915.281367267417
1,70,915.281367267417
71,1,22308.7096542597
1,71,22308.7096542597
72,1,2364.35601349078
1,72,2364.35601349078
73,1,22308.7096542597
1,73,22308.7096542597
74,1,22308.7096542597
1,74,22308.7096542597
75,1,3141.66835328196
1,75,3141.66835328196
76,1,22308.7096542597
1,76,22308.7096542597
77,1,971.860438202859
1,77,971.860438202859
78,1,1597.26904861484
1,78,1597.26904861484
79,1,22308.7096542597
1,79,22308.7096542597
80,1,22308.7096542597
1,80,22308.7096542597
81,1,22308.7096542597
1,81,22308.7096542597
82,1,22308.7096542597
1,82,22308.7096542597
83,1,22308.7096542597
1,83,22308.7096542597
84,1,22308.7096542597
1,84,22308.7096542597
85,1,2871.69339311964
1,85,2871.69339311964
86,1,22308.7096542597
1,86,22308.7096542597
87,1,4623.68843181106
1,87,4623.68843181106
88,1,22308.7096542597
1,88,22308.7096542597
89,1,713.969844299675
1,89,713.969844299675
90,1,3390.60602051903
1,90,3390.60602051903
91,1,3388.94855367079
1,91,3388.94855367079
92,1,1709.89368622853
1,92,1709.89368622853
93,1,22308.7096542597
1,93,22308.7096542597
94,1,578.894940000455
1,94,578.894940000455
95,1,22308.7096542597
1,95,22308.7096542597
96,1,1802.97524474943
1,96,1802.97524474943
97,1,2749.93210551155
1,97,2749.93210551155
98,1,22308.7096542597
1,98,22308.7096542597
99,1,22308.7096542597
1,99,22308.7096542597
100,1,1419.29848468026
1,100,1419.29848468026
101,1,22308.7096542597
1,101,22308.7096542597
102,1,81.2286204973539
1,102,81.2286204973539
103,1,22308.7096542597
1,103,22308.7096542597
104,1,22308.7096542597
1,104,22308.7096542597
105,1,1158.32372318868
1,105,1158.32372318868
106,1,22308.7096542597
1,106,22308.7096542597
107,1,22308.7096542597
1,107,22308.7096542597
108,1,22308.7096542597
1,108,22308.7096542597
109,1,910.482174473641
1,109,910.482174473641
110,1,402.595360457452
1,110,402.595360457452
111,1,22308.7096542597
1,111,22308.7096542597
112,1,318.842402403082
1,112,318.842402403082
113,1,22308.7096542597
1,113,22308.7096542597
114,1,22308.7096542597
1,114,22308.7096542597
115,1,22308.7096542597
1,115,22308.7096542597
116,1,1081.35515629853
1,116,1081.35515629853
117,1,22308.7096542597
1,117,22308.7096542597
118,1,385.206991769723
1,118,385.206991769723
119,1,18.4348790391547
1,119,18.4348790391547
120,1,22308.7096542597
1,120,22308.7096542597
121,1,1804.56461758957
1,121,1804.56461758957
122,1,506.660953381442
1,122,506.660953381442
123,1,3135.2409004651
1,123,3135.2409004651
124,1,3309.27122064612
1,124,3309.27122064612
125,1,765.023331387056
1,125,765.023331387056
126,1,753.60332653009
1,126,753.60332653009
127,1,22308.7096542597
1,127,22308.7096542597
128,1,1535.4719703624
1,128,1535.4719703624
129,1,22308.7096542597
1,129,22308.7096542597
130,1,4302.08368826668
1,130,4302.08368826668
131,1,1590.34104469333
1,131,1590.34104469333
132,1,300.79541875922
1,132,300.79541875922
133,1,1062.67776586945
1,133,1062.67776586945
134,1,22308.7096542597
1,134,22308.7096542597
135,1,965.125440212564
1,135,965.125440212564
136,1,22308.7096542597
1,136,22308.7096542597
137,1,22308.7096542597
1,137,22308.7096542597
138,1,221.896064111247
1,138,221.896064111247
139,1,123.457828749886
1,139,123.457828749886
140,1,336.937973911493
1,140,336.937973911493
141,1,22308.7096542597
1,141,22308.7096542597
142,1,1273.3337625419
1,142,1273.3337625419
143,1,3507.34600460705
1,143,3507.34600460705
144,1,22308.7096542597
1,144,22308.7096542597
145,1,3197.38153552489
1,145,3197.38153552489
146,1,22308.7096542597
1,146,22308.7096542597
147,1,22308.7096542597
1,147,22308.7096542597
148,1,126.370399069978
1,148,126.370399069978
149,1,691.519964438815
1,149,691.519964438815
150,1,22308.7096542597
1,150,22308.7096542597
151,1,22308.7096542597
1,151,22308.7096542597
152,1,22308.7096542597
1,152,22308.7096542597
153,1,22308.7096542597
1,153,22308.7096542597
154,1,1398.34185596006
1,154,1398.34185596006
155,1,3302.66283191166
1,155,3302.66283191166
156,1,840.481404554208
1,156,840.481404554208
157,1,1076.47950814076
1,157,1076.47950814076
158,1,22308.7096542597
1,158,22308.7096542597
159,1,183.975439251805
1,159,183.975439251805
160,1,15.0949332990067
1,160,15.0949332990067
161,1,2518.24402061929
1,161,2518.24402061929
162,1,22308.7096542597
1,162,22308.7096542597
163,1,3540.08492550962
1,163,3540.08492550962
164,1,22308.7096542597
1,164,22308.7096542597
165,1,22308.7096542597
1,165,22308.7096542597
166,1,22308.7096542597
1,166,22308.7096542597
167,1,1896.66378581737
1,167,1896.66378581737
168,1,426.559576793723
1,168,426.559576793723
169,1,1791.80065667076
1,169,1791.80065667076
170,1,2514.92232835074
1,170,2514.92232835074
171,1,1260.48844109102
1,171,1260.48844109102
172,1,781.002369485851
1,172,781.002369485851
173,1,22308.7096542597
1,173,22308.7096542597
174,1,1160.88479782956
1,174,1160.88479782956
175,1,3019.17664799198
1,175,3019.17664799198
176,1,4549.4185263972
1,176,4549.4185263972
177,1,1681.30619772807
1,177,1681.30619772807
178,1,22308.7096542597
1,178,22308.7096542597
179,1,22308.7096542597
1,179,22308.7096542597
180,1,956.584959435701
1,180,956.584959435701
181,1,22308.7096542597
1,181,22308.7096542597
182,1,22308.7096542597
1,182,22308.7096542597
183,1,3730.20068186297
1,183,3730.20068186297
184,1,22308.7096542597
1,184,22308.7096542597
185,1,330.294589768642
1,185,330.294589768642
186,1,267.830830244378
1,186,267.830830244378
187,1,22308.7096542597
1,187,22308.7096542597
188,1,766.828409418754
1,188,766.828409418754
189,1,15.0353230480059
1,189,15.0353230480059
190,1,22308.7096542597
1,190,22308.7096542597
191,1,677.154129688016
1,191,677.154129688016
192,1,22308.7096542597
1,192,22308.7096542597
193,1,22308.7096542597
1,193,22308.7096542597
194,1,22308.7096542597
1,194,22308.7096542597
195,1,22308.7096542597
1,195,22308.7096542597
196,1,797.098866570772
1,196,797.098866570772
197,1,22308.7096542597
1,197,22308.7096542597
198,1,22308.7096542597
1,198,22308.7096542597
199,1,804.000235090706
1,199,804.000235090706
200,1,1025.41031567561
1,200,1025.41031567561
201,1,22308.7096542597
1,201,22308.7096542597
202,1,22308.7096542597
1,202,22308.7096542597
203,1,22308.7096542597
1,203,22308.7096542597
204,1,22308.7096542597
1,204,22308.7096542597
205,1,2879.0322559185
1,205,2879.0322559185
206,1,1403.93801131113
1,206,1403.93801131113
207,1,35.8141988825893
1,207,35.8141988825893
208,1,914.369187699418
1,208,914.369187699418
209,1,22308.7096542597
1,209,22308.7096542597
210,1,22308.7096542597
1,210,22308.7096542597
211,1,22308.7096542597
1,211,22308.7096542597
212,1,1715.69760427428
1,212,1715.69760427428
213,1,22308.7096542597
1,213,22308.7096542597
214,1,22308.7096542597
1,214,22308.7096542597
215,1,22308.7096542597
1,215,22308.7096542597
216,1,141.318774659835
1,216,141.318774659835
217,1,22308.7096542597
1,217,22308.7096542597
218,1,29.6865475737053
1,218,29.6865475737053
219,1,22308.7096542597
1,219,22308.7096542597
220,1,1015.25039022016
1,220,1015.25039022016
221,1,22308.7096542597
1,221,22308.7096542597
222,1,22308.7096542597
1,222,22308.7096542597
223,1,22308.7096542597
1,223,22308.7096542597
224,1,1758.81082103687
1,224,1758.81082103687
225,1,22308.7096542597
1,225,22308.7096542597
226,1,22308.7096542597
1,226,22308.7096542597
227,1,22308.7096542597
1,227,22308.7096542597
228,1,22308.7096542597
1,228,22308.7096542597
229,1,22308.7096542597
1,229,22308.7096542597
230,1,22308.7096542597
1,230,22308.7096542597
231,1,22308.7096542597
1,231,22308.7096542597
232,1,3675.08093305517
1,232,3675.08093305517
233,1,22308.7096542597
1,233,22308.7096542597
234,1,348.16279718786
1,234,348.16279718786
235,1,22308.7096542597
1,235,22308.7096542597
236,1,22308.7096542597
1,236,22308.7096542597
237,1,1220.24846634518
1,237,1220.24846634518
238,1,22308.7096542597
1,238,22308.7096542597
239,1,4309.16943088717
1,239,4309.16943088717
240,1,1499.41841670462
1,240,1499.41841670462
241,1,22308.7096542597
1,241,22308.7096542597
242,1,22308.7096542597
1,242,22308.7096542597
243,1,47.33834213156
1,243,47.33834213156
244,1,22308.7096542597
1,244,22308.7096542597
245,1,22308.7096542597
1,245,22308.7096542597
246,1,22308.7096542597
1,246,22308.7096542597
247,1,22308.7096542597
1,247,22308.7096542597
248,1,1495.09153667914
1,248,1495.09153667914
249,1,65.6201560821065
1,249,65.6201560821065
250,1,1466.18817446549
1,250,1466.18817446549
251,1,1858.86926235192
1,251,1858.86926235192
252,1,22308.7096542597
1,252,22308.7096542597
253,1,340.340139524646
1,253,340.340139524646
254,1,22308.7096542597
1,254,22308.7096542597
255,1,22308.7096542597
1,255,22308.7096542597
256,1,139.803128713888
1,256,139.803128713888
257,1,520.280054155809
1,257,520.280054155809
258,1,3381.25017601973
1,258,3381.25017601973
259,1,22308.7096542597
1,259,22308.7096542597
260,1,22308.7096542597
1,260,22308.7096542597
261,1,815.813368306594
1,261,815.813368306594
262,1,22308.7096542597
1,262,22308.7096542597
263,1,934.303832916535
1,263,934.303832916535
264,1,265.690780253971
1,264,265.690780253971
265,1,1247.57619563109
1,265,1247.57619563109
266,1,274.804608100209
1,266,274.804608100209
267,1,22308.7096542597
1,267,22308.7096542597
268,1,175.063835820706
1,268,175.063835820706
269,1,22308.7096542597
1,269,22308.7096542597
270,1,22308.7096542597
1,270,22308.7096542597
271,1,1284.59922834222
1,271,1284.59922834222
272,1,3475.83354619437
1,272,3475.83354619437
273,1,978.354176985882
1,273,978.354176985882
274,1,22308.7096542597
1,274,22308.7096542597
275,1,337.93967779878
1,275,337.93967779878
276,1,22308.7096542597
1,276,22308.7096542597
277,1,1577.50640550355
1,277,1577.50640550355
278,1,22308.7096542597
1,278,22308.7096542597
279,1,2118.03344322658
1,279,2118.03344322658
280,1,22308.7096542597
1,280,22308.7096542597
281,1,1161.77721597013
1,281,1161.77721597013
282,1,22308.7096542597
1,282,22308.7096542597
283,1,22308.7096542597
1,283,22308.7096542597
284,1,22308.7096542597
1,284,22308.7096542597
285,1,22308.7096542597
1,285,22308.7096542597
286,1,1226.54575641169
1,286,1226.54575641169
287,1,22308.7096542597
1,287,22308.7096542597
288,1,22308.7096542597
1,288,22308.7096542597
289,1,1690.66673837159
1,289,1690.66673837159
290,1,22308.7096542597
1,290,22308.7096542597
291,1,22308.7096542597
1,291,22308.7096542597
292,1,22308.7096542597
1,292,22308.7096542597
293,1,1377.15672979951
1,293,1377.15672979951
294,1,3750.83309305393
1,294,3750.83309305393
295,1,22308.7096542597
1,295,22308.7096542597
296,1,198.541368826681
1,296,198.541368826681
297,1,22308.7096542597
1,297,22308.7096542597
298,1,872.760541163885
1,298,872.760541163885
299,1,22308.7096542597
1,299,22308.7096542597
300,1,22308.7096542597
1,300,22308.7096542597
301,1,1234.23087738484
1,301,1234.23087738484
302,1,22308.7096542597
1,302,22308.7096542597
303,1,22308.7096542597
1,303,22308.7096542597
304,1,22308.7096542597
1,304,22308.7096542597
305,1,22308.7096542597
1,305,22308.7096542597
306,1,2828.76095305333
1,306,2828.76095305333
307,1,22308.7096542597
1,307,22308.7096542597
308,1,22308.7096542597
1,308,22308.7096542597
309,1,22308.7096542597
1,309,22308.7096542597
310,1,22308.7096542597
1,310,22308.7096542597
311,1,22308.7096542597
1,311,22308.7096542597
312,1,22308.7096542597
1,312,22308.7096542597
313,1,22308.7096542597
1,313,22308.7096542597
314,1,22308.7096542597
1,314,22308.7096542597
315,1,22308.7096542597
1,315,22308.7096542597
316,1,22308.7096542597
1,316,22308.7096542597
317,1,22308.7096542597
1,317,22308.7096542597
318,1,22308.7096542597
1,318,22308.7096542597
319,1,2939.75904710395
1,319,2939.75904710395
320,1,22308.7096542597
1,320,22308.7096542597
321,1,2751.67964611359
1,321,2751.67964611359
322,1,22308.7096542597
1,322,22308.7096542597
323,1,22308.7096542597
1,323,22308.7096542597
324,1,22308.7096542597
1,324,22308.7096542597
325,1,22308.7096542597
1,325,22308.7096542597
326,1,4266.11291988566
1,326,4266.11291988566
327,1,22308.7096542597
1,327,22308.7096542597
328,1,22308.7096542597
1,328,22308.7096542597
329,1,22308.7096542597
1,329,22308.7096542597
330,1,22308.7096542597
1,330,22308.7096542597
331,1,22308.7096542597
1,331,22308.7096542597
332,1,22308.7096542597
1,332,22308.7096542597
333,1,635.92409195442
1,333,635.92409195442
334,1,22308.7096542597
1,334,22308.7096542597
335,1,22308.7096542597
1,335,22308.7096542597
336,1,22308.7096542597
1,336,22308.7096542597
337,1,22308.7096542597
1,337,22308.7096542597
338,1,22308.7096542597
1,338,22308.7096542597
339,1,2995.8362000616
1,339,2995.8362000616
340,1,22308.7096542597
1,340,22308.7096542597
341,1,3087.76920751703
1,341,3087.76920751703
342,1,22308.7096542597
1,342,22308.7096542597
343,1,2653.13284720349
1,343,2653.13284720349
344,1,2465.87844487055
1,344,2465.87844487055
345,1,865.040656491201
1,345,865.040656491201
346,1,22308.7096542597
1,346,22308.7096542597
347,1,22308.7096542597
1,347,22308.7096542597
348,1,1391.46028057045
1,348,1391.46028057045
349,1,22308.7096542597
1,349,22308.7096542597
350,1,22308.7096542597
1,350,22308.7096542597
351,1,2646.49866333348
1,351,2646.49866333348
352,1,554.616833110216
1,352,554.616833110216
353,1,22308.7096542597
1,353,22308.7096542597
354,1,22308.7096542597
1,354,22308.7096542597
355,1,22308.7096542597
1,355,22308.7096542597
356,1,22308.7096542597
1,356,22308.7096542597
357,1,2129.11337875641
1,357,2129.11337875641
3,2,22308.7096542597
2,3,22308.7096542597
4,2,22308.7096542597
2,4,22308.7096542597
5,2,22308.7096542597
2,5,22308.7096542597
6,2,22308.7096542597
2,6,22308.7096542597
7,2,22308.7096542597
2,7,22308.7096542597
8,2,22308.7096542597
2,8,22308.7096542597
9,2,22308.7096542597
2,9,22308.7096542597
10,2,22308.7096542597
2,10,22308.7096542597
11,2,22308.7096542597
2,11,22308.7096542597
12,2,22308.7096542597
2,12,22308.7096542597
13,2,22308.7096542597
2,13,22308.7096542597
14,2,22308.7096542597
2,14,22308.7096542597
15,2,22308.7096542597
2,15,22308.7096542597
16,2,22308.7096542597
2,16,22308.7096542597
17,2,22308.7096542597
2,17,22308.7096542597
18,2,22308.7096542597
2,18,22308.7096542597
19,2,22308.7096542597
2,19,22308.7096542597
20,2,22308.7096542597
2,20,22308.7096542597
21,2,22308.7096542597
2,21,22308.7096542597
22,2,22308.7096542597
2,22,22308.7096542597
23,2,22308.7096542597
2,23,22308.7096542597
24,2,22308.7096542597
2,24,22308.7096542597
25,2,22308.7096542597
2,25,22308.7096542597
26,2,22308.7096542597
2,26,22308.7096542597
27,2,22308.7096542597
2,27,22308.7096542597
28,2,22308.7096542597
2,28,22308.7096542597
29,2,22308.7096542597
2,29,22308.7096542597
30,2,22308.7096542597
2,30,22308.7096542597
31,2,22308.7096542597
2,31,22308.7096542597
32,2,1083.09171077737
2,32,1083.09171077737
33,2,22308.7096542597
2,33,22308.7096542597
34,2,22308.7096542597
2,34,22308.7096542597
35,2,22308.7096542597
2,35,22308.7096542597
36,2,22308.7096542597
2,36,22308.7096542597
37,2,22308.7096542597
2,37,22308.7096542597
38,2,22308.7096542597
2,38,22308.7096542597
39,2,22308.7096542597
2,39,22308.7096542597
40,2,22308.7096542597
2,40,22308.7096542597
41,2,22308.7096542597
2,41,22308.7096542597
42,2,22308.7096542597
2,42,22308.7096542597
43,2,22308.7096542597
2,43,22308.7096542597
44,2,22308.7096542597
2,44,22308.7096542597
45,2,22308.7096542597
2,45,22308.7096542597
46,2,22308.7096542597
2,46,22308.7096542597
47,2,22308.7096542597
2,47,22308.7096542597
48,2,22308.7096542597
2,48,22308.7096542597
49,2,22308.7096542597
2,49,22308.7096542597
50,2,22308.7096542597
2,50,22308.7096542597
51,2,22308.7096542597
2,51,22308.7096542597
52,2,1560.76914038742
2,52,1560.76914038742
53,2,22308.7096542597
2,53,22308.7096542597
54,2,22308.7096542597
2,54,22308.7096542597
55,2,22308.7096542597
2,55,22308.7096542597
56,2,22308.7096542597
2,56,22308.7096542597
57,2,22308.7096542597
2,57,22308.7096542597
58,2,22308.7096542597
2,58,22308.7096542597
59,2,22308.7096542597
2,59,22308.7096542597
60,2,22308.7096542597
2,60,22308.7096542597
61,2,22308.7096542597
2,61,22308.7096542597
62,2,22308.7096542597
2,62,22308.7096542597
63,2,22308.7096542597
2,63,22308.7096542597
64,2,22308.7096542597
2,64,22308.7096542597
65,2,22308.7096542597
2,65,22308.7096542597
66,2,22308.7096542597
2,66,22308.7096542597
67,2,22308.7096542597
2,67,22308.7096542597
68,2,145.564048307462
2,68,145.564048307462
69,2,22308.7096542597
2,69,22308.7096542597
70,2,22308.7096542597
2,70,22308.7096542597
71,2,22308.7096542597
2,71,22308.7096542597
72,2,22308.7096542597
2,72,22308.7096542597
73,2,22308.7096542597
2,73,22308.7096542597
74,2,22308.7096542597
2,74,22308.7096542597
75,2,22308.7096542597
2,75,22308.7096542597
76,2,22308.7096542597
2,76,22308.7096542597
77,2,22308.7096542597
2,77,22308.7096542597
78,2,22308.7096542597
2,78,22308.7096542597
79,2,237.308294816976
2,79,237.308294816976
80,2,22308.7096542597
2,80,22308.7096542597
81,2,22308.7096542597
2,81,22308.7096542597
82,2,721.536090577209
2,82,721.536090577209
83,2,22308.7096542597
2,83,22308.7096542597
84,2,22308.7096542597
2,84,22308.7096542597
85,2,22308.7096542597
2,85,22308.7096542597
86,2,22308.7096542597
2,86,22308.7096542597
87,2,22308.7096542597
2,87,22308.7096542597
88,2,22308.7096542597
2,88,22308.7096542597
89,2,22308.7096542597
2,89,22308.7096542597
90,2,22308.7096542597
2,90,22308.7096542597
91,2,22308.7096542597
2,91,22308.7096542597
92,2,22308.7096542597
2,92,22308.7096542597
93,2,22308.7096542597
2,93,22308.7096542597
94,2,22308.7096542597
2,94,22308.7096542597
95,2,22308.7096542597
2,95,22308.7096542597
96,2,22308.7096542597
2,96,22308.7096542597
97,2,22308.7096542597
2,97,22308.7096542597
98,2,22308.7096542597
2,98,22308.7096542597
99,2,22308.7096542597
2,99,22308.7096542597
100,2,22308.7096542597
2,100,22308.7096542597
101,2,22308.7096542597
2,101,22308.7096542597
102,2,22308.7096542597
2,102,22308.7096542597
103,2,22308.7096542597
2,103,22308.7096542597
104,2,22308.7096542597
2,104,22308.7096542597
105,2,22308.7096542597
2,105,22308.7096542597
106,2,22308.7096542597
2,106,22308.7096542597
107,2,22308.7096542597
2,107,22308.7096542597
108,2,22308.7096542597
2,108,22308.7096542597
109,2,22308.7096542597
2,109,22308.7096542597
110,2,22308.7096542597
2,110,22308.7096542597
111,2,22308.7096542597
2,111,22308.7096542597
112,2,22308.7096542597
2,112,22308.7096542597
113,2,22308.7096542597
2,113,22308.7096542597
114,2,22308.7096542597
2,114,22308.7096542597
115,2,492.064962214557
2,115,492.064962214557
116,2,22308.7096542597
2,116,22308.7096542597
117,2,22308.7096542597
2,117,22308.7096542597
118,2,22308.7096542597
2,118,22308.7096542597
119,2,22308.7096542597
2,119,22308.7096542597
120,2,22308.7096542597
2,120,22308.7096542597
121,2,22308.7096542597
2,121,22308.7096542597
122,2,22308.7096542597
2,122,22308.7096542597
123,2,22308.7096542597
2,123,22308.7096542597
124,2,22308.7096542597
2,124,22308.7096542597
125,2,22308.7096542597
2,125,22308.7096542597
126,2,22308.7096542597
2,126,22308.7096542597
127,2,22308.7096542597
2,127,22308.7096542597
128,2,22308.7096542597
2,128,22308.7096542597
129,2,22308.7096542597
2,129,22308.7096542597
130,2,22308.7096542597
2,130,22308.7096542597
131,2,22308.7096542597
2,131,22308.7096542597
132,2,22308.7096542597
2,132,22308.7096542597
133,2,22308.7096542597
2,133,22308.7096542597
134,2,22308.7096542597
2,134,22308.7096542597
135,2,22308.7096542597
2,135,22308.7096542597
136,2,13.5289451845379
2,136,13.5289451845379
137,2,22308.7096542597
